           0.1	   3.999969e+00  -3.080990e-05   3.999994e+00  -6.229109e-06   3.999999e+00  -1.413165e-06   4.000000e+00  -3.342641e-07   4.000000e+00  -7.941064e-08
0.2	   3.999804e+00  -1.960236e-04   3.999963e+00  -3.735276e-05   3.999992e+00  -8.451626e-06   3.999998e+00  -2.013952e-06   4.000000e+00  -4.827021e-07
0.3	   3.999429e+00  -5.714870e-04   3.999895e+00  -1.049750e-04   3.999976e+00  -2.382199e-05   3.999994e+00  -5.735343e-06   3.999999e+00  -1.390219e-06
0.4	   3.998799e+00  -1.200632e-03   3.999784e+00  -2.156187e-04   3.999951e+00  -4.931457e-05   3.999988e+00  -1.203754e-05   3.999997e+00  -2.959930e-06
0.5	   3.997913e+00  -2.086825e-03   3.999629e+00  -3.709461e-04   3.999914e+00  -8.591768e-05   3.999979e+00  -2.134198e-05   3.999995e+00  -5.340389e-06
0.6	   3.996811e+00  -3.188953e-03   3.999431e+00  -5.692258e-04   3.999866e+00  -1.341755e-04   3.999966e+00  -3.404417e-05   3.999991e+00  -8.695759e-06
0.7	   3.995588e+00  -4.411601e-03   3.999194e+00  -8.056719e-04   3.999806e+00  -1.942817e-04   3.999949e+00  -5.053998e-05   3.999987e+00  -1.321469e-05
0.8	   3.994404e+00  -5.595686e-03   3.998928e+00  -1.072412e-03   3.999734e+00  -2.660471e-04   3.999929e+00  -7.121582e-05   3.999981e+00  -1.911046e-05
0.9	   3.993486e+00  -6.513566e-03   3.998642e+00  -1.358110e-03   3.999651e+00  -3.488290e-04   3.999904e+00  -9.642967e-05   3.999973e+00  -2.661914e-05
1	   3.993108e+00  -6.892479e-03   3.998352e+00  -1.647879e-03   3.999559e+00  -4.414443e-04   3.999874e+00  -1.264736e-04   3.999964e+00  -3.599168e-05
1.1	   3.993564e+00  -6.435660e-03   3.998081e+00  -1.919429e-03   3.999459e+00  -5.412002e-04   3.999839e+00  -1.613320e-04   3.999953e+00  -4.743803e-05
1.2	   3.995099e+00  -4.900648e-03   3.997851e+00  -2.149398e-03   3.999355e+00  -6.452069e-04   3.999799e+00  -2.009665e-04   3.999939e+00  -6.118940e-05
1.3	   3.997831e+00  -2.169328e-03   3.997694e+00  -2.306381e-03   3.999251e+00  -7.486415e-04   3.999755e+00  -2.448975e-04   3.999923e+00  -7.739600e-05
1.4	   4.001650e+00   1.649990e-03   3.997638e+00  -2.362123e-03   3.999153e+00  -8.472157e-04   3.999707e+00  -2.927391e-04   3.999904e+00  -9.624230e-05
1.5	   4.006189e+00   6.189324e-03   3.997707e+00  -2.293231e-03   3.999063e+00  -9.373273e-04   3.999656e+00  -3.442323e-04   3.999882e+00  -1.179610e-04
1.6	   4.011005e+00   1.100510e-02   3.997946e+00  -2.054059e-03   3.998991e+00  -1.009397e-03   3.999602e+00  -3.975665e-04   3.999858e+00  -1.424178e-04
1.7	   4.015456e+00   1.545623e-02   3.998372e+00  -1.627791e-03   3.998941e+00  -1.059133e-03   3.999548e+00  -4.519894e-04   3.999830e+00  -1.697269e-04
1.8	   4.018969e+00   1.896871e-02   3.998997e+00  -1.003444e-03   3.998918e+00  -1.081793e-03   3.999494e+00  -5.064246e-04   3.999800e+00  -1.999061e-04
1.9	   4.021102e+00   2.110182e-02   3.999829e+00  -1.711759e-04   3.998929e+00  -1.070816e-03   3.999441e+00  -5.590521e-04   3.999767e+00  -2.327645e-04
2	   4.021438e+00   2.143777e-02   4.000861e+00   8.610708e-04   3.998979e+00  -1.020742e-03   3.999392e+00  -6.080258e-04   3.999732e+00  -2.680467e-04
2.1	   4.019642e+00   1.964154e-02   4.002086e+00   2.085526e-03   3.999077e+00  -9.232231e-04   3.999350e+00  -6.503273e-04   3.999695e+00  -3.051470e-04
2.2	   4.015663e+00   1.566270e-02   4.003478e+00   3.478462e-03   3.999230e+00  -7.697769e-04   3.999318e+00  -6.824700e-04   3.999657e+00  -3.432203e-04
2.3	   4.009721e+00   9.720703e-03   4.004973e+00   4.973126e-03   3.999442e+00  -5.580456e-04   3.999298e+00  -7.018441e-04   3.999618e+00  -3.815024e-04
2.4	   4.002376e+00   2.375805e-03   4.006502e+00   6.502105e-03   3.999719e+00  -2.810165e-04   3.999296e+00  -7.041267e-04   3.999581e+00  -4.186554e-04
2.5	   3.994199e+00  -5.800547e-03   4.007951e+00   7.951376e-03   4.000061e+00   6.139284e-05   3.999314e+00  -6.858182e-04   3.999547e+00  -4.533621e-04
2.6	   3.985994e+00  -1.400579e-02   4.009203e+00   9.202545e-03   4.000471e+00   4.711582e-04   3.999358e+00  -6.423763e-04   3.999516e+00  -4.838101e-04
2.7	   3.978453e+00  -2.154706e-02   4.010090e+00   1.008998e-02   4.000941e+00   9.406483e-04   3.999429e+00  -5.708904e-04   3.999492e+00  -5.083249e-04
2.8	   3.972182e+00  -2.781780e-02   4.010434e+00   1.043391e-02   4.001457e+00   1.457169e-03   3.999531e+00  -4.691382e-04   3.999475e+00  -5.251253e-04
2.9	   3.967794e+00  -3.220601e-02   4.010079e+00   1.007896e-02   4.002010e+00   2.009518e-03   3.999666e+00  -3.340098e-04   3.999468e+00  -5.318882e-04
3	   3.965750e+00  -3.424955e-02   4.008877e+00   8.877083e-03   4.002579e+00   2.578589e-03   3.999836e+00  -1.640836e-04   3.999474e+00  -5.264633e-04
3.1	   3.966406e+00  -3.359361e-02   4.006744e+00   6.744399e-03   4.003142e+00   3.142031e-03   4.000041e+00   4.145122e-05   3.999494e+00  -5.063426e-04
3.2	   3.969816e+00  -3.018362e-02   4.003635e+00   3.635238e-03   4.003663e+00   3.663083e-03   4.000280e+00   2.799070e-04   3.999530e+00  -4.697602e-04
3.3	   3.976065e+00  -2.393482e-02   3.999663e+00  -3.366160e-04   4.004115e+00   4.115135e-03   4.000550e+00   5.503984e-04   3.999586e+00  -4.142704e-04
3.4	   3.984860e+00  -1.513971e-02   3.995020e+00  -4.980126e-03   4.004459e+00   4.459202e-03   4.000848e+00   8.478825e-04   3.999662e+00  -3.382611e-04
3.5	   3.995724e+00  -4.276457e-03   3.990042e+00  -9.958241e-03   4.004658e+00   4.657893e-03   4.001166e+00   1.166161e-03   3.999760e+00  -2.403006e-04
3.6	   4.007888e+00   7.888485e-03   3.985143e+00  -1.485674e-02   4.004671e+00   4.670973e-03   4.001496e+00   1.496171e-03   3.999880e+00  -1.196664e-04
3.7	   4.020456e+00   2.045644e-02   3.980825e+00  -1.917503e-02   4.004462e+00   4.462475e-03   4.001828e+00   1.827607e-03   4.000024e+00   2.387356e-05
3.8	   4.032347e+00   3.234685e-02   3.977604e+00  -2.239612e-02   4.004002e+00   4.001622e-03   4.002147e+00   2.147415e-03   4.000190e+00   1.895729e-04
3.9	   4.042437e+00   4.243669e-02   3.975960e+00  -2.403973e-02   4.003270e+00   3.270129e-03   4.002441e+00   2.440993e-03   4.000376e+00   3.759849e-04
4	   4.049473e+00   4.947262e-02   3.976246e+00  -2.375426e-02   4.002255e+00   2.255045e-03   4.002691e+00   2.690687e-03   4.000580e+00   5.801356e-04
4.1	   4.052348e+00   5.234837e-02   3.978713e+00  -2.128667e-02   4.000962e+00   9.623035e-04   4.002879e+00   2.878637e-03   4.000798e+00   7.980551e-04
4.2	   4.050531e+00   5.053058e-02   3.983443e+00  -1.655670e-02   3.999426e+00  -5.737639e-04   4.002988e+00   2.988475e-03   4.001025e+00   1.025014e-03
4.3	   4.043924e+00   4.392355e-02   3.990284e+00  -9.715809e-03   3.997701e+00  -2.299077e-03   4.003004e+00   3.003705e-03   4.001255e+00   1.254943e-03
4.4	   4.032940e+00   3.293990e-02   3.998854e+00  -1.145768e-03   3.995863e+00  -4.136612e-03   4.002909e+00   2.908593e-03   4.001481e+00   1.480735e-03
4.5	   4.018900e+00   1.890000e-02   4.008532e+00   8.532192e-03   3.994019e+00  -5.981342e-03   4.002691e+00   2.691326e-03   4.001694e+00   1.694176e-03
4.6	   4.003323e+00   3.323473e-03   4.018517e+00   1.851713e-02   3.992297e+00  -7.703104e-03   4.002345e+00   2.345236e-03   4.001886e+00   1.886344e-03
4.7	   3.987288e+00  -1.271188e-02   4.027836e+00   2.783626e-02   3.990839e+00  -9.160757e-03   4.001868e+00   1.868289e-03   4.002048e+00   2.047905e-03
4.8	   3.972137e+00  -2.786324e-02   4.035473e+00   3.547315e-02   3.989796e+00  -1.020440e-02   4.001265e+00   1.265013e-03   4.002169e+00   2.169427e-03
4.9	   3.959258e+00  -4.074238e-02   4.040523e+00   4.052275e-02   3.989308e+00  -1.069168e-02   4.000546e+00   5.456732e-04   4.002241e+00   2.241127e-03
5	   3.949844e+00  -5.015607e-02   4.042333e+00   4.233284e-02   3.989518e+00  -1.048215e-02   3.999732e+00  -2.681003e-04   4.002255e+00   2.254791e-03
5.1	   3.944299e+00  -5.570098e-02   4.040507e+00   4.050732e-02   3.990527e+00  -9.472777e-03   3.998849e+00  -1.150636e-03   4.002202e+00   2.201948e-03
5.2	   3.942840e+00  -5.715966e-02   4.035062e+00   3.506234e-02   3.992398e+00  -7.602223e-03   3.997934e+00  -2.066236e-03   4.002076e+00   2.076385e-03
5.3	   3.945788e+00  -5.421191e-02   4.026431e+00   2.643072e-02   3.995149e+00  -4.850582e-03   3.997031e+00  -2.968507e-03   4.001875e+00   1.874811e-03
5.4	   3.953086e+00  -4.691351e-02   4.015272e+00   1.527232e-02   3.998723e+00  -1.276603e-03   3.996193e+00  -3.806784e-03   4.001596e+00   1.596164e-03
5.5	   3.964513e+00  -3.548694e-02   4.002503e+00   2.503462e-03   4.002994e+00   2.994356e-03   3.995478e+00  -4.522285e-03   4.001243e+00   1.243200e-03
5.6	   3.979167e+00  -2.083323e-02   3.989141e+00  -1.085945e-02   4.007748e+00   7.747935e-03   3.994944e+00  -5.056457e-03   4.000822e+00   8.220124e-04
5.7	   3.995711e+00  -4.289255e-03   3.976255e+00  -2.374486e-02   4.012690e+00   1.269038e-02   3.994647e+00  -5.353486e-03   4.000343e+00   3.428186e-04
5.8	   4.012768e+00   1.276846e-02   3.964880e+00  -3.512032e-02   4.017440e+00   1.744016e-02   3.994639e+00  -5.360598e-03   3.999820e+00  -1.799839e-04
5.9	   4.029012e+00   2.901157e-02   3.955962e+00  -4.403845e-02   4.021560e+00   2.156018e-02   3.994970e+00  -5.029508e-03   3.999272e+00  -7.277793e-04
6	   4.042953e+00   4.295298e-02   3.950231e+00  -4.976871e-02   4.024602e+00   2.460178e-02   3.995671e+00  -4.329220e-03   3.998722e+00  -1.278338e-03
6.1	   4.053713e+00   5.371278e-02   3.948219e+00  -5.178108e-02   4.026111e+00   2.611140e-02   3.996755e+00  -3.244576e-03   3.998194e+00  -1.805782e-03
6.2	   4.060042e+00   6.004250e-02   3.950202e+00  -4.979761e-02   4.025717e+00   2.571659e-02   3.998218e+00  -1.781847e-03   3.997719e+00  -2.281497e-03
6.3	   4.061250e+00   6.124956e-02   3.956248e+00  -4.375157e-02   4.023161e+00   2.316145e-02   4.000030e+00   2.978865e-05   3.997325e+00  -2.674906e-03
6.4	   4.057090e+00   5.708953e-02   3.966003e+00  -3.399716e-02   4.018389e+00   1.838947e-02   4.002128e+00   2.128246e-03   3.997043e+00  -2.957057e-03
6.5	   4.047896e+00   4.789561e-02   3.978935e+00  -2.106490e-02   4.011575e+00   1.157514e-02   4.004426e+00   4.426412e-03   3.996901e+00  -3.098977e-03
6.6	   4.034567e+00   3.456651e-02   3.994195e+00  -5.804526e-03   4.003130e+00   3.129995e-03   4.006809e+00   6.809329e-03   3.996925e+00  -3.075254e-03
6.7	   4.018693e+00   1.869319e-02   4.010673e+00   1.067257e-02   3.993674e+00  -6.326087e-03   4.009134e+00   9.134483e-03   3.997136e+00  -2.863618e-03
6.8	   4.001900e+00   1.900302e-03   4.027026e+00   2.702557e-02   3.983984e+00  -1.601559e-02   4.011236e+00   1.123551e-02   3.997550e+00  -2.450309e-03
6.9	   3.985429e+00  -1.457131e-02   4.041748e+00   4.174773e-02   3.974896e+00  -2.510360e-02   4.012936e+00   1.293604e-02   3.998170e+00  -1.829945e-03
7	   3.970305e+00  -2.969499e-02   4.053299e+00   5.329878e-02   3.967236e+00  -3.276384e-02   4.014061e+00   1.406128e-02   3.998992e+00  -1.007571e-03
7.1	   3.957566e+00  -4.243379e-02   4.060285e+00   6.028480e-02   3.961752e+00  -3.824782e-02   4.014446e+00   1.444569e-02   4.000000e+00  -1.479825e-07
7.2	   3.948412e+00  -5.158842e-02   4.061785e+00   6.178528e-02   3.959039e+00  -4.096080e-02   4.013952e+00   1.395208e-02   4.001163e+00   1.163219e-03
7.3	   3.943313e+00  -5.668692e-02   4.057483e+00   5.748259e-02   3.959483e+00  -4.051727e-02   4.012481e+00   1.248078e-02   4.002439e+00   2.439307e-03
7.4	   3.942500e+00  -5.749958e-02   4.047936e+00   4.793562e-02   3.963286e+00  -3.671379e-02   4.010002e+00   1.000224e-02   4.003773e+00   3.772562e-03
7.5	   3.946119e+00  -5.388149e-02   4.034307e+00   3.430682e-02   3.970380e+00  -2.961969e-02   4.006566e+00   6.566182e-03   4.005097e+00   5.097182e-03
7.6	   3.953724e+00  -4.627626e-02   4.017996e+00   1.799642e-02   3.980414e+00  -1.958607e-02   4.002299e+00   2.298620e-03   4.006337e+00   6.337494e-03
7.7	   3.964997e+00  -3.500290e-02   4.000567e+00   5.671774e-04   3.992785e+00  -7.214889e-03   3.997408e+00  -2.592160e-03   4.007408e+00   7.408216e-03
7.8	   3.979316e+00  -2.068413e-02   3.983506e+00  -1.649410e-02   4.006603e+00   6.602740e-03   3.992184e+00  -7.815926e-03   4.008226e+00   8.226045e-03
7.9	   3.995631e+00  -4.368865e-03   3.968172e+00  -3.182848e-02   4.020738e+00   2.073750e-02   3.986983e+00  -1.301726e-02   4.008709e+00   8.709389e-03
8	   4.012592e+00   1.259162e-02   3.955680e+00  -4.432034e-02   4.033883e+00   3.388264e-02   3.982189e+00  -1.781144e-02   4.008787e+00   8.786729e-03
8.1	   4.028892e+00   2.889171e-02   3.946876e+00  -5.312430e-02   4.044709e+00   4.470941e-02   3.978205e+00  -2.179530e-02   4.008396e+00   8.395513e-03
8.2	   4.043169e+00   4.316864e-02   3.942269e+00  -5.773148e-02   4.051998e+00   5.199762e-02   3.975414e+00  -2.458647e-02   4.007499e+00   7.499007e-03
8.3	   4.053735e+00   5.373457e-02   3.942092e+00  -5.790786e-02   4.054881e+00   5.488112e-02   3.974145e+00  -2.585541e-02   4.006087e+00   6.087428e-03
8.4	   4.059907e+00   5.990700e-02   3.946335e+00  -5.366487e-02   4.052922e+00   5.292218e-02   3.974652e+00  -2.534850e-02   4.004182e+00   4.182190e-03
8.5	   4.061349e+00   6.134946e-02   3.954739e+00  -4.526081e-02   4.046218e+00   4.621776e-02   3.977108e+00  -2.289174e-02   4.001840e+00   1.840154e-03
8.6	   4.057144e+00   5.714399e-02   3.966690e+00  -3.330950e-02   4.035416e+00   3.541627e-02   3.981538e+00  -1.846151e-02   3.999153e+00  -8.467112e-04
8.7	   4.047895e+00   4.789525e-02   3.981450e+00  -1.855021e-02   4.021565e+00   2.156466e-02   3.987829e+00  -1.217100e-02   3.996249e+00  -3.750907e-03
8.8	   4.034591e+00   3.459146e-02   3.997980e+00  -2.020120e-03   4.005926e+00   5.926003e-03   3.995708e+00  -4.292368e-03   3.993287e+00  -6.713172e-03
8.9	   4.018743e+00   1.874275e-02   4.015018e+00   1.501758e-02   3.989836e+00  -1.016389e-02   4.004738e+00   4.737913e-03   3.990451e+00  -9.549047e-03
9	   4.001910e+00   1.909804e-03   4.031122e+00   3.112232e-02   3.974586e+00  -2.541388e-02   4.014327e+00   1.432651e-02   3.987933e+00  -1.206653e-02
9.1	   3.985384e+00  -1.461554e-02   4.044854e+00   4.485367e-02   3.961342e+00  -3.865822e-02   4.023720e+00   2.371980e-02   3.985931e+00  -1.406866e-02
9.2	   3.970267e+00  -2.973271e-02   4.054961e+00   5.496069e-02   3.951078e+00  -4.892202e-02   4.032077e+00   3.207695e-02   3.984631e+00  -1.536895e-02
9.3	   3.957577e+00  -4.242318e-02   4.060498e+00   6.049775e-02   3.944580e+00  -5.542046e-02   4.038515e+00   3.851470e-02   3.984195e+00  -1.580519e-02
9.4	   3.948424e+00  -5.157607e-02   4.060967e+00   6.096677e-02   3.942344e+00  -5.765565e-02   4.042240e+00   4.224040e-02   3.984750e+00  -1.524998e-02
9.5	   3.943298e+00  -5.670150e-02   4.056222e+00   5.622171e-02   3.944613e+00  -5.538662e-02   4.042611e+00   4.261101e-02   3.986378e+00  -1.362231e-02
9.6	   3.942478e+00  -5.752180e-02   4.046673e+00   4.667296e-02   3.951367e+00  -4.863311e-02   4.039261e+00   3.926064e-02   3.989089e+00  -1.091065e-02
9.7	   3.946183e+00  -5.381656e-02   4.033215e+00   3.321463e-02   3.962267e+00  -3.773338e-02   4.032266e+00   3.226571e-02   3.992829e+00  -7.170590e-03
9.8	   3.953830e+00  -4.616978e-02   4.017082e+00   1.708180e-02   3.976647e+00  -2.335311e-02   4.022087e+00   2.208678e-02   3.997462e+00  -2.537790e-03
9.9	   3.965097e+00  -3.490326e-02   3.999862e+00  -1.383675e-04   3.993521e+00  -6.479324e-03   4.009576e+00   9.576268e-03   4.002772e+00   2.771968e-03
10	   3.979358e+00  -2.064249e-02   3.983108e+00  -1.689171e-02   4.011556e+00   1.155602e-02   3.995829e+00  -4.170885e-03   4.008466e+00   8.466124e-03
10.1	   3.995625e+00  -4.374936e-03   3.968144e+00  -3.185619e-02   4.029151e+00   2.915081e-02   3.982058e+00  -1.794185e-02   4.014183e+00   1.418288e-02
10.2	   4.012646e+00   1.264645e-02   3.956024e+00  -4.397619e-02   4.044581e+00   4.458129e-02   3.969445e+00  -3.055508e-02   4.019494e+00   1.949361e-02
10.3	   4.028908e+00   2.890808e-02   3.947493e+00  -5.250686e-02   4.056229e+00   5.622940e-02   3.959062e+00  -4.093758e-02   4.023956e+00   2.395590e-02
10.4	   4.043049e+00   4.304853e-02   3.942999e+00  -5.700086e-02   4.062804e+00   6.280377e-02   3.951776e+00  -4.822378e-02   4.027130e+00   2.712972e-02
10.5	   4.053720e+00   5.372012e-02   3.942759e+00  -5.724088e-02   4.063611e+00   6.361098e-02   3.948232e+00  -5.176794e-02   4.028617e+00   2.861654e-02
10.6	   4.059812e+00   5.981185e-02   3.946778e+00  -5.322247e-02   4.058598e+00   5.859836e-02   3.948773e+00  -5.122710e-02   4.028119e+00   2.811907e-02
10.7	   4.061205e+00   6.120494e-02   3.954867e+00  -4.513315e-02   4.048476e+00   4.847591e-02   3.953538e+00  -4.646204e-02   4.025461e+00   2.546104e-02
10.8	   4.057174e+00   5.717374e-02   3.966504e+00  -3.349633e-02   4.034404e+00   3.440358e-02   3.962290e+00  -3.770989e-02   4.020672e+00   2.067185e-02
10.9	   4.047917e+00   4.791696e-02   3.981037e+00  -1.896271e-02   4.017834e+00   1.783362e-02   3.974533e+00  -2.546671e-02   4.013966e+00   1.396606e-02
11	   4.034646e+00   3.464564e-02   3.997495e+00  -2.504688e-03   4.000306e+00   3.056609e-04   3.989448e+00  -1.055242e-02   4.005741e+00   5.740923e-03
11.1	   4.018756e+00   1.875640e-02   4.014639e+00   1.463875e-02   3.983284e+00  -1.671625e-02   4.005919e+00   5.918602e-03   3.996577e+00  -3.423362e-03
11.2	   4.001845e+00   1.845107e-03   4.031000e+00   3.099957e-02   3.968049e+00  -3.195054e-02   4.022572e+00   2.257191e-02   3.987150e+00  -1.284998e-02
11.3	   3.985319e+00  -1.468137e-02   4.045010e+00   4.500974e-02   3.955665e+00  -4.433546e-02   4.037863e+00   3.786291e-02   3.978196e+00  -2.180411e-02
11.4	   3.970252e+00  -2.974762e-02   4.055264e+00   5.526444e-02   3.946929e+00  -5.307136e-02   4.050271e+00   5.027094e-02   3.970445e+00  -2.955488e-02
11.5	   3.957608e+00  -4.239207e-02   4.060765e+00   6.076514e-02   3.942334e+00  -5.766626e-02   4.058455e+00   5.845494e-02   3.964560e+00  -3.543970e-02
11.6	   3.948429e+00  -5.157051e-02   4.061080e+00   6.107981e-02   3.942125e+00  -5.787502e-02   4.061459e+00   6.145891e-02   3.961103e+00  -3.889674e-02
11.7	   3.943281e+00  -5.671895e-02   4.056185e+00   5.618471e-02   3.946287e+00  -5.371322e-02   4.058907e+00   5.890681e-02   3.960466e+00  -3.953433e-02
11.8	   3.942521e+00  -5.747929e-02   4.046562e+00   4.656196e-02   3.954512e+00  -4.548846e-02   4.051039e+00   5.103863e-02   3.962898e+00  -3.710164e-02
11.9	   3.946342e+00  -5.365849e-02   4.033082e+00   3.308233e-02   3.966258e+00  -3.374187e-02   4.038727e+00   3.872713e-02   3.968432e+00  -3.156846e-02
12	   3.954110e+00  -4.589045e-02   4.016949e+00   1.694940e-02   3.980750e+00  -1.924956e-02   4.023202e+00   2.320194e-02   3.976862e+00  -2.313801e-02
12.1	   3.965382e+00  -3.461769e-02   3.999766e+00  -2.339867e-04   3.997027e+00  -2.972680e-03   4.005953e+00   5.953379e-03   3.987773e+00  -1.222670e-02
12.2	   3.979612e+00  -2.038751e-02   3.983125e+00  -1.687516e-02   4.013920e+00   1.391968e-02   3.988479e+00  -1.152131e-02   4.000490e+00   4.897838e-04
12.3	   3.995834e+00  -4.165724e-03   3.968291e+00  -3.170909e-02   4.030095e+00   3.009508e-02   3.972171e+00  -2.782948e-02   4.014099e+00   1.409920e-02
12.4	   4.012856e+00   1.285551e-02   3.956253e+00  -4.374654e-02   4.044165e+00   4.416529e-02   3.958261e+00  -4.173855e-02   4.027477e+00   2.747738e-02
12.5	   4.029124e+00   2.912425e-02   3.947724e+00  -5.227609e-02   4.054788e+00   5.478763e-02   3.947760e+00  -5.223976e-02   4.039357e+00   3.935674e-02
12.6	   4.043087e+00   4.308684e-02   3.943157e+00  -5.684287e-02   4.060837e+00   6.083740e-02   3.941380e+00  -5.861957e-02   4.048477e+00   4.847677e-02
12.7	   4.053625e+00   5.362452e-02   3.942827e+00  -5.717297e-02   4.061615e+00   6.161459e-02   3.939586e+00  -6.041424e-02   4.053701e+00   5.370148e-02
12.8	   4.059719e+00   5.971947e-02   3.946801e+00  -5.319910e-02   4.056979e+00   5.697919e-02   3.942537e+00  -5.746346e-02   4.054258e+00   5.425761e-02
12.9	   4.060953e+00   6.095292e-02   3.954926e+00  -4.507413e-02   4.047481e+00   4.748145e-02   3.950104e+00  -4.989637e-02   4.049787e+00   4.978735e-02
13	   4.057019e+00   5.701912e-02   3.966669e+00  -3.333060e-02   4.034109e+00   3.410893e-02   3.961827e+00  -3.817314e-02   4.040599e+00   4.059899e-02
13.1	   4.047939e+00   4.793855e-02   3.981301e+00  -1.869915e-02   4.018170e+00   1.816977e-02   3.976968e+00  -2.303243e-02   4.027546e+00   2.754607e-02
13.2	   4.034653e+00   3.465327e-02   3.997772e+00  -2.228483e-03   4.001086e+00   1.086428e-03   3.994443e+00  -5.557168e-03   4.011899e+00   1.189935e-02
13.3	   4.018783e+00   1.878318e-02   4.014818e+00   1.481758e-02   3.984269e+00  -1.573104e-02   4.012848e+00   1.284835e-02   3.995153e+00  -4.846642e-03
13.4	   4.001823e+00   1.822921e-03   4.031032e+00   3.103173e-02   3.969011e+00  -3.098917e-02   4.030556e+00   3.055583e-02   3.978821e+00  -2.117903e-02
13.5	   3.985229e+00  -1.477078e-02   4.044944e+00   4.494411e-02   3.956423e+00  -4.357664e-02   4.045853e+00   4.585304e-02   3.964269e+00  -3.573050e-02
13.6	   3.970203e+00  -2.979677e-02   4.055186e+00   5.518644e-02   3.947385e+00  -5.261460e-02   4.057158e+00   5.715820e-02   3.952656e+00  -4.734406e-02
13.7	   3.957635e+00  -4.236497e-02   4.060756e+00   6.075643e-02   3.942461e+00  -5.753888e-02   4.063264e+00   6.326401e-02   3.944869e+00  -5.513128e-02
13.8	   3.948479e+00  -5.152115e-02   4.061144e+00   6.114427e-02   3.941969e+00  -5.803080e-02   4.063595e+00   6.359548e-02   3.941480e+00  -5.851964e-02
13.9	   3.943318e+00  -5.668160e-02   4.056179e+00   5.617880e-02   3.945937e+00  -5.406297e-02   4.058221e+00   5.822083e-02   3.942775e+00  -5.722493e-02
14	   3.942562e+00  -5.743757e-02   4.046390e+00   4.638963e-02   3.954089e+00  -4.591126e-02   4.047938e+00   4.793769e-02   3.948741e+00  -5.125884e-02
14.1	   3.946407e+00  -5.359346e-02   4.032866e+00   3.286610e-02   3.965884e+00  -3.411640e-02   4.033966e+00   3.396628e-02   3.959026e+00  -4.097403e-02
14.2	   3.954309e+00  -4.569142e-02   4.016846e+00   1.684601e-02   3.980510e+00  -1.949013e-02   4.017729e+00   1.772898e-02   3.972961e+00  -2.703887e-02
14.3	   3.965713e+00  -3.428725e-02   3.999743e+00  -2.573642e-04   3.996954e+00  -3.046357e-03   4.000665e+00   6.648575e-04   3.989571e+00  -1.042863e-02
14.4	   3.980009e+00  -1.999115e-02   3.983079e+00  -1.692128e-02   4.014005e+00   1.400514e-02   3.984106e+00  -1.589350e-02   4.007572e+00   7.571910e-03
14.5	   3.996158e+00  -3.842341e-03   3.968182e+00  -3.181830e-02   4.030289e+00   3.028880e-02   3.969217e+00  -3.078342e-02   4.025445e+00   2.544535e-02
14.6	   4.013098e+00   1.309814e-02   3.956142e+00  -4.385840e-02   4.044395e+00   4.439460e-02   3.956970e+00  -4.302969e-02   4.041551e+00   4.155060e-02
14.7	   4.029401e+00   2.940074e-02   3.947706e+00  -5.229381e-02   4.054981e+00   5.498071e-02   3.948121e+00  -5.187877e-02   4.054301e+00   5.430068e-02
14.8	   4.043237e+00   4.323735e-02   3.943293e+00  -5.670677e-02   4.060970e+00   6.096957e-02   3.943196e+00  -5.680442e-02   4.062359e+00   6.235904e-02
14.9	   4.053539e+00   5.353937e-02   3.943099e+00  -5.690117e-02   4.061709e+00   6.170905e-02   3.942481e+00  -5.751892e-02   4.064832e+00   6.483224e-02
15	   4.059556e+00   5.955574e-02   3.947120e+00  -5.287951e-02   4.057054e+00   5.705428e-02   3.946058e+00  -5.394222e-02   4.061439e+00   6.143864e-02
15.1	   4.060714e+00   6.071398e-02   3.955203e+00  -4.479657e-02   4.047489e+00   4.748927e-02   3.953731e+00  -4.626893e-02   4.052578e+00   5.257815e-02
15.2	   4.056690e+00   5.668966e-02   3.966873e+00  -3.312683e-02   4.033959e+00   3.395917e-02   3.965058e+00  -3.494164e-02   4.039257e+00   3.925661e-02
15.3	   4.047804e+00   4.780358e-02   3.981474e+00  -1.852598e-02   4.017825e+00   1.782526e-02   3.979345e+00  -2.065548e-02   4.022819e+00   2.281861e-02
15.4	   4.034622e+00   3.462168e-02   3.997964e+00  -2.036447e-03   4.000624e+00   6.235271e-04   3.995628e+00  -4.372248e-03   4.004841e+00   4.840714e-03
15.5	   4.018714e+00   1.871401e-02   4.015003e+00   1.500285e-02   3.983860e+00  -1.613967e-02   4.012701e+00   1.270106e-02   3.986890e+00  -1.310995e-02
15.6	   4.001757e+00   1.757057e-03   4.031111e+00   3.111147e-02   3.968835e+00  -3.116468e-02   4.029172e+00   2.917219e-02   3.970380e+00  -2.962041e-02
15.7	   3.985170e+00  -1.483037e-02   4.044910e+00   4.491000e-02   3.956569e+00  -4.343073e-02   4.043586e+00   4.358606e-02   3.956531e+00  -4.346921e-02
15.8	   3.970131e+00  -2.986901e-02   4.055143e+00   5.514308e-02   3.947820e+00  -5.218001e-02   4.054585e+00   5.458542e-02   3.946296e+00  -5.370357e-02
15.9	   3.957574e+00  -4.242601e-02   4.060738e+00   6.073781e-02   3.943062e+00  -5.693783e-02   4.061048e+00   6.104809e-02   3.940340e+00  -5.966001e-02
16	   3.948435e+00  -5.156524e-02   4.061070e+00   6.107025e-02   3.942562e+00  -5.743802e-02   4.062266e+00   6.226600e-02   3.939048e+00  -6.095239e-02
16.1	   3.943285e+00  -5.671502e-02   4.056054e+00   5.605354e-02   3.946360e+00  -5.363988e-02   4.058028e+00   5.802840e-02   3.942524e+00  -5.747559e-02
16.2	   3.942555e+00  -5.744497e-02   4.046290e+00   4.629033e-02   3.954262e+00  -4.573843e-02   4.048772e+00   4.877201e-02   3.950553e+00  -4.944735e-02
16.3	   3.946413e+00  -5.358684e-02   4.032784e+00   3.278425e-02   3.965845e+00  -3.415488e-02   4.035445e+00   3.544519e-02   3.962618e+00  -3.738176e-02
16.4	   3.954318e+00  -4.568182e-02   4.016737e+00   1.673664e-02   3.980410e+00  -1.958986e-02   4.019379e+00   1.937924e-02   3.977919e+00  -2.208056e-02
16.5	   3.965744e+00  -3.425553e-02   3.999587e+00  -4.134641e-04   3.996972e+00  -3.027799e-03   4.002075e+00   2.074851e-03   3.995342e+00  -4.658029e-03
16.6	   3.980104e+00  -1.989617e-02   3.982900e+00  -1.709954e-02   4.014241e+00   1.424124e-02   3.985012e+00  -1.498753e-02   4.013484e+00   1.348416e-02
16.7	   3.996252e+00  -3.747956e-03   3.968018e+00  -3.198180e-02   4.030694e+00   3.069365e-02   3.969545e+00  -3.045467e-02   4.030754e+00   3.075445e-02
16.8	   4.013115e+00   1.311454e-02   3.956024e+00  -4.397587e-02   4.044798e+00   4.479754e-02   3.956781e+00  -4.321897e-02   4.045543e+00   4.554318e-02
16.9	   4.029427e+00   2.942656e-02   3.947668e+00  -5.233229e-02   4.055226e+00   5.522604e-02   3.947578e+00  -5.242249e-02   4.056396e+00   5.639630e-02
17	   4.043319e+00   4.331867e-02   3.943353e+00  -5.664741e-02   4.061003e+00   6.100308e-02   3.942483e+00  -5.751731e-02   4.062245e+00   6.224489e-02
17.1	   4.053526e+00   5.352647e-02   3.943259e+00  -5.674057e-02   4.061580e+00   6.158040e-02   3.941781e+00  -5.821890e-02   4.062589e+00   6.258874e-02
17.2	   4.059499e+00   5.949869e-02   3.947373e+00  -5.262665e-02   4.056851e+00   5.685066e-02   3.945514e+00  -5.448647e-02   4.057519e+00   5.751864e-02
17.3	   4.060701e+00   6.070087e-02   3.955508e+00  -4.449243e-02   4.047270e+00   4.726957e-02   3.953423e+00  -4.657667e-02   4.047751e+00   4.775118e-02
17.4	   4.056619e+00   5.661887e-02   3.967179e+00  -3.282134e-02   4.033743e+00   3.374299e-02   3.965000e+00  -3.499958e-02   4.034376e+00   3.437645e-02
17.5	   4.047779e+00   4.777928e-02   3.981729e+00  -1.827129e-02   4.017624e+00   1.762409e-02   3.979500e+00  -2.049955e-02   4.018697e+00   1.869726e-02
17.6	   4.034707e+00   3.470711e-02   3.998139e+00  -1.860808e-03   4.000441e+00   4.414206e-04   3.995933e+00  -4.066848e-03   4.002055e+00   2.054588e-03
17.7	   4.018783e+00   1.878334e-02   4.015101e+00   1.510124e-02   3.983698e+00  -1.630186e-02   4.013086e+00   1.308608e-02   3.985724e+00  -1.427631e-02
17.8	   4.001788e+00   1.788224e-03   4.031157e+00   3.115747e-02   3.968690e+00  -3.130955e-02   4.029574e+00   2.957351e-02   3.970854e+00  -2.914601e-02
17.9	   3.985214e+00  -1.478589e-02   4.044893e+00   4.489297e-02   3.956440e+00  -4.355967e-02   4.043936e+00   4.393587e-02   3.958413e+00  -4.158718e-02
18	   3.970193e+00  -2.980668e-02   4.055063e+00   5.506282e-02   3.947708e+00  -5.229166e-02   4.054796e+00   5.479572e-02   3.949190e+00  -5.080963e-02
18.1	   3.957647e+00  -4.235257e-02   4.060648e+00   6.064790e-02   3.942983e+00  -5.701703e-02   4.061033e+00   6.103281e-02   3.943767e+00  -5.623295e-02
18.2	   3.948492e+00  -5.150772e-02   4.061008e+00   6.100805e-02   3.942526e+00  -5.747446e-02   4.061981e+00   6.198098e-02   3.942484e+00  -5.751573e-02
18.3	   3.943347e+00  -5.665250e-02   4.055996e+00   5.599557e-02   3.946385e+00  -5.361485e-02   4.057511e+00   5.751073e-02   3.945485e+00  -5.451467e-02
18.4	   3.942647e+00  -5.735291e-02   4.046240e+00   4.623966e-02   3.954356e+00  -4.564412e-02   4.048155e+00   4.815476e-02   3.952654e+00  -4.734632e-02
18.5	   3.946561e+00  -5.343938e-02   4.032765e+00   3.276544e-02   3.965994e+00  -3.400630e-02   4.034882e+00   3.488206e-02   3.963608e+00  -3.639234e-02
18.6	   3.954473e+00  -4.552733e-02   4.016730e+00   1.672972e-02   3.980572e+00  -1.942827e-02   4.018968e+00   1.896768e-02   3.977711e+00  -2.228912e-02
18.7	   3.965916e+00  -3.408445e-02   3.999572e+00  -4.281672e-04   3.997100e+00  -2.900214e-03   4.001843e+00   1.842548e-03   3.994052e+00  -5.947607e-03
18.8	   3.980309e+00  -1.969089e-02   3.982852e+00  -1.714820e-02   4.014286e+00   1.428612e-02   3.984944e+00  -1.505633e-02   4.011421e+00   1.142062e-02
18.9	   3.996483e+00  -3.517014e-03   3.967927e+00  -3.207306e-02   4.030647e+00   3.064747e-02   3.969592e+00  -3.040760e-02   4.028383e+00   2.838311e-02
19	   4.013311e+00   1.331107e-02   3.955905e+00  -4.409547e-02   4.044696e+00   4.469593e-02   3.956901e+00  -4.309851e-02   4.043388e+00   4.338800e-02
19.1	   4.029547e+00   2.954697e-02   3.947555e+00  -5.244487e-02   4.055123e+00   5.512342e-02   3.947744e+00  -5.225622e-02   4.054923e+00   5.492279e-02
19.2	   4.043420e+00   4.341984e-02   3.943302e+00  -5.669844e-02   4.060963e+00   6.096282e-02   3.942686e+00  -5.731424e-02   4.061746e+00   6.174614e-02
19.3	   4.053557e+00   5.355723e-02   3.943304e+00  -5.669618e-02   4.061625e+00   6.162533e-02   3.942030e+00  -5.797039e-02   4.063100e+00   6.310000e-02
19.4	   4.059407e+00   5.940691e-02   3.947506e+00  -5.249423e-02   4.056915e+00   5.691537e-02   3.945811e+00  -5.418869e-02   4.058814e+00   5.881409e-02
19.5	   4.060583e+00   6.058289e-02   3.955689e+00  -4.431147e-02   4.047256e+00   4.725594e-02   3.953760e+00  -4.624021e-02   4.049438e+00   4.943800e-02
19.6	   4.056459e+00   5.645871e-02   3.967357e+00  -3.264284e-02   4.033628e+00   3.362754e-02   3.965344e+00  -3.465612e-02   4.036022e+00   3.602158e-02
19.7	   4.047604e+00   4.760357e-02   3.981877e+00  -1.812325e-02   4.017481e+00   1.748051e-02   3.979819e+00  -2.018110e-02   4.019914e+00   1.991368e-02
19.8	   4.034609e+00   3.460898e-02   3.998260e+00  -1.739604e-03   4.000363e+00   3.628949e-04   3.996197e+00  -3.802566e-03   4.002598e+00   2.598279e-03
19.9	   4.018719e+00   1.871926e-02   4.015198e+00   1.519771e-02   3.983726e+00  -1.627366e-02   4.013285e+00   1.328507e-02   3.985513e+00  -1.448738e-02
20	   4.001716e+00   1.715559e-03   4.031216e+00   3.121600e-02   3.968801e+00  -3.119893e-02   4.029731e+00   2.973128e-02   3.969952e+00  -3.004827e-02
20.1	   3.985148e+00  -1.485246e-02   4.044931e+00   4.493075e-02   3.956588e+00  -4.341239e-02   4.044106e+00   4.410574e-02   3.957021e+00  -4.297900e-02
20.2	   3.970133e+00  -2.986712e-02   4.055110e+00   5.511012e-02   3.947874e+00  -5.212641e-02   4.055022e+00   5.502160e-02   3.947585e+00  -5.241462e-02
20.3	   3.957586e+00  -4.241407e-02   4.060703e+00   6.070336e-02   3.943168e+00  -5.683220e-02   4.061307e+00   6.130745e-02   3.942227e+00  -5.777336e-02
20.4	   3.948439e+00  -5.156127e-02   4.061055e+00   6.105453e-02   3.942771e+00  -5.722948e-02   4.062218e+00   6.221762e-02   3.941276e+00  -5.872396e-02
20.5	   3.943297e+00  -5.670313e-02   4.056025e+00   5.602499e-02   3.946710e+00  -5.328966e-02   4.057587e+00   5.758698e-02   3.944797e+00  -5.520286e-02
20.6	   3.942644e+00  -5.735564e-02   4.046237e+00   4.623677e-02   3.954767e+00  -4.523343e-02   4.047975e+00   4.797512e-02   3.952565e+00  -4.743469e-02
20.7	   3.946587e+00  -5.341251e-02   4.032733e+00   3.273318e-02   3.966439e+00  -3.356141e-02   4.034437e+00   3.443737e-02   3.964081e+00  -3.591941e-02
20.8	   3.954566e+00  -4.543420e-02   4.016713e+00   1.671312e-02   3.980960e+00  -1.903995e-02   4.018366e+00   1.836646e-02   3.978602e+00  -2.139768e-02
20.9	   3.966015e+00  -3.398507e-02   3.999584e+00  -4.158005e-04   3.997349e+00  -2.651327e-03   4.001242e+00   1.242160e-03   3.995117e+00  -4.883336e-03
21	   3.980403e+00  -1.959740e-02   3.982882e+00  -1.711808e-02   4.014386e+00   1.438616e-02   3.984482e+00  -1.551819e-02   4.012382e+00   1.238199e-02
21.1	   3.996559e+00  -3.441102e-03   3.967953e+00  -3.204675e-02   4.030643e+00   3.064317e-02   3.969339e+00  -3.066059e-02   4.029013e+00   2.901344e-02
21.2	   4.013368e+00   1.336773e-02   3.955928e+00  -4.407205e-02   4.044650e+00   4.464981e-02   3.956855e+00  -4.314515e-02   4.043581e+00   4.358062e-02
21.3	   4.029593e+00   2.959304e-02   3.947595e+00  -5.240454e-02   4.055057e+00   5.505673e-02   3.947821e+00  -5.217863e-02   4.054740e+00   5.473990e-02
21.4	   4.043471e+00   4.347135e-02   3.943381e+00  -5.661912e-02   4.060844e+00   6.084394e-02   3.942791e+00  -5.720865e-02   4.061382e+00   6.138218e-02
21.5	   4.053590e+00   5.359038e-02   3.943434e+00  -5.656620e-02   4.061444e+00   6.144375e-02   3.942064e+00  -5.793590e-02   4.062785e+00   6.278515e-02
21.6	   4.059392e+00   5.939187e-02   3.947676e+00  -5.232386e-02   4.056714e+00   5.671440e-02   3.945718e+00  -5.428164e-02   4.058715e+00   5.871530e-02
21.7	   4.060604e+00   6.060391e-02   3.955876e+00  -4.412385e-02   4.047074e+00   4.707436e-02   3.953567e+00  -4.643320e-02   4.049586e+00   4.958642e-02
21.8	   4.056540e+00   5.654047e-02   3.967519e+00  -3.248114e-02   4.033438e+00   3.343832e-02   3.965143e+00  -3.485731e-02   4.036358e+00   3.635787e-02
21.9	   4.047725e+00   4.772519e-02   3.981981e+00  -1.801942e-02   4.017222e+00   1.722245e-02   3.979740e+00  -2.025997e-02   4.020350e+00   2.035035e-02
22	   4.034785e+00   3.478471e-02   3.998301e+00  -1.698876e-03   3.999998e+00  -1.805509e-06   3.996347e+00  -3.653284e-03   4.003074e+00   3.074337e-03
22.1	   4.018859e+00   1.885942e-02   4.015181e+00   1.518098e-02   3.983275e+00  -1.672497e-02   4.013679e+00   1.367889e-02   3.986000e+00  -1.399986e-02
22.2	   4.001752e+00   1.751572e-03   4.031130e+00   3.113024e-02   3.968331e+00  -3.166929e-02   4.030255e+00   3.025501e-02   3.970451e+00  -2.954908e-02
22.3	   3.985124e+00  -1.487584e-02   4.044762e+00   4.476177e-02   3.956176e+00  -4.382372e-02   4.044565e+00   4.456471e-02   3.957537e+00  -4.246295e-02
22.4	   3.970113e+00  -2.988741e-02   4.054888e+00   5.488788e-02   3.947570e+00  -5.242962e-02   4.055284e+00   5.528446e-02   3.948096e+00  -5.190413e-02
22.5	   3.957605e+00  -4.239461e-02   4.060464e+00   6.046418e-02   3.942987e+00  -5.701282e-02   4.061404e+00   6.140392e-02   3.942705e+00  -5.729550e-02
22.6	   3.948462e+00  -5.153770e-02   4.060795e+00   6.079466e-02   3.942696e+00  -5.730447e-02   4.062319e+00   6.231887e-02   3.941680e+00  -5.832040e-02
22.7	   3.943318e+00  -5.668186e-02   4.055754e+00   5.575438e-02   3.946732e+00  -5.326781e-02   4.057843e+00   5.784274e-02   3.945081e+00  -5.491927e-02
22.8	   3.942645e+00  -5.735492e-02   4.045987e+00   4.598733e-02   3.954872e+00  -4.512827e-02   4.048371e+00   4.837140e-02   3.952699e+00  -4.730063e-02
22.9	   3.946573e+00  -5.342657e-02   4.032504e+00   3.250447e-02   3.966633e+00  -3.336667e-02   4.034847e+00   3.484708e-02   3.964054e+00  -3.594568e-02
23	   3.954569e+00  -4.543059e-02   4.016503e+00   1.650262e-02   3.981249e+00  -1.875075e-02   4.018674e+00   1.867404e-02   3.978430e+00  -2.157023e-02
23.1	   3.966067e+00  -3.393265e-02   3.999405e+00  -5.954750e-04   3.997718e+00  -2.282446e-03   4.001422e+00   1.422047e-03   3.994843e+00  -5.156929e-03
23.2	   3.980473e+00  -1.952678e-02   3.982745e+00  -1.725492e-02   4.014773e+00   1.477311e-02   3.984581e+00  -1.541883e-02   4.012058e+00   1.205816e-02
23.3	   3.996619e+00  -3.380995e-03   3.967868e+00  -3.213209e-02   4.031003e+00   3.100265e-02   3.969421e+00  -3.057866e-02   4.028670e+00   2.867023e-02
23.4	   4.013383e+00   1.338315e-02   3.955896e+00  -4.410411e-02   4.045000e+00   4.500032e-02   3.956954e+00  -4.304648e-02   4.043200e+00   4.320013e-02
23.5	   4.029551e+00   2.955066e-02   3.947624e+00  -5.237617e-02   4.055443e+00   5.544294e-02   3.947940e+00  -5.206029e-02   4.054257e+00   5.425732e-02
23.6	   4.043388e+00   4.338800e-02   3.943479e+00  -5.652089e-02   4.061242e+00   6.124231e-02   3.942907e+00  -5.709349e-02   4.060727e+00   6.072692e-02
23.7	   4.053449e+00   5.344936e-02   3.943620e+00  -5.637986e-02   4.061798e+00   6.179833e-02   3.942141e+00  -5.785852e-02   4.061925e+00   6.192522e-02
23.8	   4.059182e+00   5.918153e-02   3.947957e+00  -5.204320e-02   4.057042e+00   5.704182e-02   3.945730e+00  -5.427010e-02   4.057700e+00   5.769979e-02
23.9	   4.060410e+00   6.040996e-02   3.956232e+00  -4.376782e-02   4.047431e+00   4.743110e-02   3.953490e+00  -4.650987e-02   4.048523e+00   4.852252e-02
24	   4.056401e+00   5.640144e-02   3.967935e+00  -3.206501e-02   4.033802e+00   3.380155e-02   3.964980e+00  -3.501990e-02   4.035353e+00   3.535269e-02
24.1	   4.047621e+00   4.762107e-02   3.982430e+00  -1.757044e-02   4.017510e+00   1.751043e-02   3.979475e+00  -2.052504e-02   4.019481e+00   1.948104e-02
24.2	   4.034771e+00   3.477135e-02   3.998757e+00  -1.243168e-03   4.000166e+00   1.663131e-04   3.995962e+00  -4.037932e-03   4.002378e+00   2.378342e-03
24.3	   4.018924e+00   1.892430e-02   4.015625e+00   1.562531e-02   3.983340e+00  -1.665974e-02   4.013159e+00   1.315882e-02   3.985510e+00  -1.448989e-02
24.4	   4.001834e+00   1.834473e-03   4.031549e+00   3.154874e-02   3.968333e+00  -3.166678e-02   4.029615e+00   2.961521e-02   3.970197e+00  -2.980284e-02
24.5	   3.985239e+00  -1.476089e-02   4.045145e+00   4.514452e-02   3.956146e+00  -4.385402e-02   4.043878e+00   4.387819e-02   3.957552e+00  -4.244824e-02
24.6	   3.970294e+00  -2.970643e-02   4.055233e+00   5.523320e-02   3.947513e+00  -5.248696e-02   4.054646e+00   5.464615e-02   3.948407e+00  -5.159327e-02
24.7	   3.957816e+00  -4.218380e-02   4.060785e+00   6.078542e-02   3.942898e+00  -5.710164e-02   4.060873e+00   6.087330e-02   3.943312e+00  -5.668755e-02
24.8	   3.948685e+00  -5.131469e-02   4.061072e+00   6.107206e-02   3.942573e+00  -5.742693e-02   4.061890e+00   6.189030e-02   3.942550e+00  -5.745009e-02
24.9	   3.943546e+00  -5.645375e-02   4.055955e+00   5.595494e-02   3.946570e+00  -5.343043e-02   4.057457e+00   5.745718e-02   3.946161e+00  -5.383915e-02
25	   3.942916e+00  -5.708380e-02   4.046117e+00   4.611650e-02   3.954669e+00  -4.533132e-02   4.048003e+00   4.800318e-02   3.953892e+00  -4.610838e-02
25.1	   3.946909e+00  -5.309075e-02   4.032553e+00   3.255255e-02   3.966370e+00  -3.362986e-02   4.034523e+00   3.452302e-02   3.965262e+00  -3.473787e-02
25.2	   3.954959e+00  -4.504091e-02   4.016439e+00   1.643935e-02   3.980903e+00  -1.909660e-02   4.018449e+00   1.844941e-02   3.979569e+00  -2.043103e-02
25.3	   3.966491e+00  -3.350935e-02   3.999233e+00  -7.668939e-04   3.997279e+00  -2.721448e-03   4.001346e+00   1.345816e-03   3.995869e+00  -4.131391e-03
25.4	   3.980866e+00  -1.913399e-02   3.982499e+00  -1.750074e-02   4.014272e+00   1.427150e-02   3.984676e+00  -1.532378e-02   4.012982e+00   1.298151e-02
25.5	   3.996937e+00  -3.062915e-03   3.967576e+00  -3.242359e-02   4.030498e+00   3.049784e-02   3.969685e+00  -3.031469e-02   4.029540e+00   2.954017e-02
25.6	   4.013646e+00   1.364645e-02   3.955580e+00  -4.441970e-02   4.044530e+00   4.452992e-02   3.957377e+00  -4.262277e-02   4.044048e+00   4.404826e-02
25.7	   4.029744e+00   2.974403e-02   3.947297e+00  -5.270256e-02   4.055012e+00   5.501232e-02   3.948520e+00  -5.148013e-02   4.055047e+00   5.504695e-02
25.8	   4.043459e+00   4.345860e-02   3.943150e+00  -5.684957e-02   4.060862e+00   6.086209e-02   3.943633e+00  -5.636711e-02   4.061327e+00   6.132715e-02
25.9	   4.053374e+00   5.337356e-02   3.943289e+00  -5.671123e-02   4.061487e+00   6.148719e-02   3.943014e+00  -5.698605e-02   4.062165e+00   6.216461e-02
26	   4.058962e+00   5.896155e-02   3.947628e+00  -5.237166e-02   4.056811e+00   5.681105e-02   3.946732e+00  -5.326829e-02   4.057452e+00   5.745228e-02
26.1	   4.060101e+00   6.010068e-02   3.955905e+00  -4.409452e-02   4.047302e+00   4.730181e-02   3.954593e+00  -4.540650e-02   4.047801e+00   4.780070e-02
26.2	   4.056070e+00   5.606958e-02   3.967601e+00  -3.239851e-02   4.033808e+00   3.380767e-02   3.966112e+00  -3.388827e-02   4.034276e+00   3.427566e-02
26.3	   4.047286e+00   4.728552e-02   3.982084e+00  -1.791580e-02   4.017664e+00   1.766410e-02   3.980543e+00  -1.945737e-02   4.018230e+00   1.822988e-02
26.4	   4.034442e+00   3.444208e-02   3.998412e+00  -1.588138e-03   4.000450e+00   4.495548e-04   3.996859e+00  -3.141357e-03   4.001093e+00   1.092866e-03
26.5	   4.018564e+00   1.856367e-02   4.015306e+00   1.530598e-02   3.983729e+00  -1.627137e-02   4.013790e+00   1.378983e-02   3.984263e+00  -1.573692e-02
26.6	   4.001413e+00   1.412643e-03   4.031282e+00   3.128155e-02   3.968820e+00  -3.118009e-02   4.029940e+00   2.993955e-02   3.969012e+00  -3.098762e-02
26.7	   3.984782e+00  -1.521821e-02   4.044965e+00   4.496455e-02   3.956733e+00  -4.326650e-02   4.043923e+00   4.392259e-02   3.956401e+00  -4.359860e-02
26.8	   3.969853e+00  -3.014659e-02   4.055154e+00   5.515434e-02   3.948196e+00  -5.180367e-02   4.054473e+00   5.447270e-02   3.947283e+00  -5.271724e-02
26.9	   3.957436e+00  -4.256425e-02   4.060794e+00   6.079423e-02   3.943655e+00  -5.634482e-02   4.060515e+00   6.051460e-02   3.942227e+00  -5.777310e-02
27	   3.948375e+00  -5.162520e-02   4.061153e+00   6.115312e-02   3.943363e+00  -5.663700e-02   4.061318e+00   6.131848e-02   3.941565e+00  -5.843454e-02
27.1	   3.943288e+00  -5.671164e-02   4.056118e+00   5.611794e-02   3.947355e+00  -5.264500e-02   4.056636e+00   5.663627e-02   3.945367e+00  -5.463264e-02
27.2	   3.942690e+00  -5.731018e-02   4.046387e+00   4.638717e-02   3.955402e+00  -4.459804e-02   4.046954e+00   4.695425e-02   3.953407e+00  -4.659265e-02
27.3	   3.946706e+00  -5.329437e-02   4.032943e+00   3.294309e-02   3.967005e+00  -3.299494e-02   4.033320e+00   3.331951e-02   3.965191e+00  -3.480938e-02
27.4	   3.954832e+00  -4.516762e-02   4.016924e+00   1.692419e-02   3.981413e+00  -1.858725e-02   4.017168e+00   1.716840e-02   3.979963e+00  -2.003724e-02
27.5	   3.966462e+00  -3.353819e-02   3.999763e+00  -2.373075e-04   3.997618e+00  -2.381579e-03   4.000023e+00   2.349544e-05   3.996702e+00  -3.298039e-03
27.6	   3.980955e+00  -1.904518e-02   3.983055e+00  -1.694531e-02   4.014408e+00   1.440762e-02   3.983347e+00  -1.665285e-02   4.014145e+00   1.414469e-02
27.7	   3.997120e+00  -2.880441e-03   3.968165e+00  -3.183486e-02   4.030408e+00   3.040823e-02   3.968407e+00  -3.159330e-02   4.030858e+00   3.085773e-02
27.8	   4.013917e+00   1.391700e-02   3.956199e+00  -4.380145e-02   4.044226e+00   4.422572e-02   3.956231e+00  -4.376924e-02   4.045391e+00   4.539097e-02
27.9	   4.030112e+00   3.011212e-02   3.947932e+00  -5.206773e-02   4.054512e+00   5.451221e-02   3.947602e+00  -5.239833e-02   4.056390e+00   5.639019e-02
28	   4.043932e+00   4.393232e-02   3.943774e+00  -5.622580e-02   4.060179e+00   6.017872e-02   3.943019e+00  -5.698102e-02   4.062729e+00   6.272922e-02
28.1	   4.053933e+00   5.393261e-02   3.943869e+00  -5.613141e-02   4.060617e+00   6.061654e-02   3.942750e+00  -5.725037e-02   4.063697e+00   6.369719e-02
28.2	   4.059567e+00   5.956712e-02   3.948117e+00  -5.188332e-02   4.055775e+00   5.577544e-02   3.946828e+00  -5.317218e-02   4.059068e+00   5.906800e-02
28.3	   4.060753e+00   6.075330e-02   3.956254e+00  -4.374582e-02   4.046161e+00   4.616141e-02   3.955009e+00  -4.499144e-02   4.049300e+00   4.929995e-02
28.4	   4.056731e+00   5.673079e-02   3.967765e+00  -3.223475e-02   4.032617e+00   3.261667e-02   3.966789e+00  -3.321059e-02   4.035421e+00   3.542108e-02
28.5	   4.047877e+00   4.787674e-02   3.982043e+00  -1.795743e-02   4.016461e+00   1.646124e-02   3.981446e+00  -1.855439e-02   4.018871e+00   1.887084e-02
28.6	   4.034956e+00   3.495637e-02   3.998156e+00  -1.844302e-03   3.999288e+00  -7.124867e-04   3.997964e+00  -2.036091e-03   4.001210e+00   1.209790e-03
28.7	   4.018990e+00   1.898996e-02   4.014830e+00   1.483033e-02   3.982673e+00  -1.732705e-02   4.015080e+00   1.508031e-02   3.983937e+00  -1.606327e-02
28.8	   4.001721e+00   1.720551e-03   4.030596e+00   3.059605e-02   3.967933e+00  -3.206696e-02   4.031368e+00   3.136817e-02   3.968347e+00  -3.165339e-02
28.9	   3.984966e+00  -1.503443e-02   4.044093e+00   4.409332e-02   3.956080e+00  -4.392013e-02   4.045394e+00   4.539364e-02   3.955480e+00  -4.452045e-02
29	   3.969910e+00  -3.009008e-02   4.054149e+00   5.414879e-02   3.947818e+00  -5.218235e-02   4.055880e+00   5.587963e-02   3.946149e+00  -5.385110e-02
29.1	   3.957391e+00  -4.260932e-02   4.059715e+00   5.971483e-02   3.943574e+00  -5.642648e-02   4.061806e+00   6.180552e-02   3.940901e+00  -5.909881e-02
29.2	   3.948194e+00  -5.180615e-02   4.060056e+00   6.005563e-02   3.943587e+00  -5.641283e-02   4.062487e+00   6.248654e-02   3.940058e+00  -5.994220e-02
29.3	   3.942971e+00  -5.702853e-02   4.055055e+00   5.505488e-02   3.947857e+00  -5.214303e-02   4.057645e+00   5.764470e-02   3.943720e+00  -5.627999e-02
29.4	   3.942262e+00  -5.773750e-02   4.045396e+00   4.539626e-02   3.956145e+00  -4.385517e-02   4.047701e+00   4.770098e-02   3.951686e+00  -4.831411e-02
29.5	   3.946185e+00  -5.381483e-02   4.032032e+00   3.203224e-02   3.967947e+00  -3.205262e-02   4.033696e+00   3.369643e-02   3.963497e+00  -3.650253e-02
29.6	   3.954251e+00  -4.574908e-02   4.016108e+00   1.610846e-02   3.982498e+00  -1.750152e-02   4.017119e+00   1.711941e-02   3.978416e+00  -2.158372e-02
29.7	   3.965799e+00  -3.420145e-02   3.999075e+00  -9.247163e-04   3.998790e+00  -1.210443e-03   3.999557e+00  -4.428636e-04   3.995402e+00  -4.598413e-03
29.8	   3.980195e+00  -1.980516e-02   3.982536e+00  -1.746386e-02   4.015604e+00   1.560424e-02   3.982511e+00  -1.748916e-02   4.013144e+00   1.314404e-02
29.9	   3.996273e+00  -3.726725e-03   3.967852e+00  -3.214821e-02   4.031572e+00   3.157153e-02   3.967256e+00  -3.274449e-02   4.030192e+00   3.019199e-02
30	   4.013038e+00   1.303768e-02   3.956134e+00  -4.386600e-02   4.045317e+00   4.531719e-02   3.954821e+00  -4.517877e-02   4.045089e+00   4.508931e-02
30.1	   4.029269e+00   2.926906e-02   3.948127e+00  -5.187308e-02   4.055498e+00   5.549762e-02   3.945998e+00  -5.400191e-02   4.056504e+00   5.650360e-02
30.2	   4.043142e+00   4.314222e-02   3.944229e+00  -5.577108e-02   4.061013e+00   6.101306e-02   3.941302e+00  -5.869835e-02   4.063317e+00   6.331706e-02
30.3	   4.053213e+00   5.321346e-02   3.944554e+00  -5.544559e-02   4.061240e+00   6.124024e-02   3.941009e+00  -5.899145e-02   4.064756e+00   6.475630e-02
30.4	   4.058988e+00   5.898764e-02   3.948992e+00  -5.100803e-02   4.056115e+00   5.611462e-02   3.945143e+00  -5.485727e-02   4.060510e+00   6.050969e-02
30.5	   4.060344e+00   6.034404e-02   3.957272e+00  -4.272808e-02   4.046168e+00   4.616774e-02   3.953459e+00  -4.654116e-02   4.050984e+00   5.098447e-02
30.6	   4.056543e+00   5.654300e-02   3.968882e+00  -3.111771e-02   4.032288e+00   3.228783e-02   3.965448e+00  -3.455185e-02   4.037252e+00   3.725239e-02
30.7	   4.047933e+00   4.793318e-02   3.983202e+00  -1.679809e-02   4.015809e+00   1.580862e-02   3.980378e+00  -1.962229e-02   4.020755e+00   2.075491e-02
30.8	   4.035239e+00   3.523941e-02   3.999296e+00  -7.041331e-04   3.998335e+00  -1.665446e-03   3.997219e+00  -2.781012e-03   4.003068e+00   3.068242e-03
30.9	   4.019443e+00   1.944330e-02   4.015888e+00   1.588789e-02   3.981466e+00  -1.853374e-02   4.014716e+00   1.471606e-02   3.985645e+00  -1.435509e-02
31	   4.002280e+00   2.280229e-03   4.031521e+00   3.152056e-02   3.966544e+00  -3.345597e-02   4.031428e+00   3.142764e-02   3.969754e+00  -3.024638e-02
31.1	   3.985597e+00  -1.440252e-02   4.044836e+00   4.483570e-02   3.954578e+00  -4.542220e-02   4.045878e+00   4.587834e-02   3.956481e+00  -4.351920e-02
31.2	   3.970621e+00  -2.937904e-02   4.054661e+00   5.466092e-02   3.946287e+00  -5.371324e-02   4.056750e+00   5.675011e-02   3.946655e+00  -5.334479e-02
31.3	   3.958151e+00  -4.184871e-02   4.059931e+00   5.993137e-02   3.942083e+00  -5.791694e-02   4.062978e+00   6.297787e-02   3.940882e+00  -5.911756e-02
31.4	   3.948959e+00  -5.104108e-02   4.059916e+00   5.991579e-02   3.942191e+00  -5.780924e-02   4.063899e+00   6.389926e-02   3.939534e+00  -6.046640e-02
31.5	   3.943707e+00  -5.629287e-02   4.054563e+00   5.456259e-02   3.946617e+00  -5.338338e-02   4.059261e+00   5.926143e-02   3.942716e+00  -5.728353e-02
31.6	   3.942976e+00  -5.702388e-02   4.044616e+00   4.461616e-02   3.955117e+00  -4.488311e-02   4.049460e+00   4.945953e-02   3.950247e+00  -4.975259e-02
31.7	   3.946891e+00  -5.310908e-02   4.031026e+00   3.102588e-02   3.967196e+00  -3.280382e-02   4.035492e+00   3.549173e-02   3.961672e+00  -3.832819e-02
31.8	   3.954890e+00  -4.510967e-02   4.014890e+00   1.489011e-02   3.982055e+00  -1.794501e-02   4.018815e+00   1.881531e-02   3.976258e+00  -2.374200e-02
31.9	   3.966394e+00  -3.360598e-02   3.997683e+00  -2.316577e-03   3.998688e+00  -1.311852e-03   4.001038e+00   1.038419e-03   3.992980e+00  -7.020457e-03
32	   3.980670e+00  -1.933026e-02   3.981026e+00  -1.897376e-02   4.015861e+00   1.586123e-02   3.983688e+00  -1.631163e-02   4.010585e+00   1.058468e-02
32.1	   3.996527e+00  -3.473427e-03   3.966312e+00  -3.368833e-02   4.032173e+00   3.217330e-02   3.968078e+00  -3.192220e-02   4.027688e+00   2.768780e-02
32.2	   4.012987e+00   1.298740e-02   3.954644e+00  -4.535558e-02   4.046233e+00   4.623343e-02   3.955232e+00  -4.476830e-02   4.042861e+00   4.286062e-02
32.3	   4.028883e+00   2.888279e-02   3.946768e+00  -5.323154e-02   4.056691e+00   5.669099e-02   3.945955e+00  -5.404515e-02   4.054739e+00   5.473911e-02
32.4	   4.042402e+00   4.240222e-02   3.943045e+00  -5.695471e-02   4.062424e+00   6.242376e-02   3.940797e+00  -5.920333e-02   4.062122e+00   6.212175e-02
32.5	   4.052107e+00   5.210682e-02   3.943583e+00  -5.641679e-02   4.062807e+00   6.280681e-02   3.940044e+00  -5.995617e-02   4.064157e+00   6.415743e-02
32.6	   4.057561e+00   5.756109e-02   3.948275e+00  -5.172531e-02   4.057751e+00   5.775117e-02   3.943769e+00  -5.623083e-02   4.060506e+00   6.050618e-02
32.7	   4.058703e+00   5.870277e-02   3.956847e+00  -4.315349e-02   4.047767e+00   4.776690e-02   3.951733e+00  -4.826671e-02   4.051576e+00   5.157592e-02
32.8	   4.054854e+00   5.485425e-02   3.968793e+00  -3.120663e-02   4.033756e+00   3.375616e-02   3.963461e+00  -3.653862e-02   4.038440e+00   3.844008e-02
32.9	   4.046365e+00   4.636528e-02   3.983492e+00  -1.650822e-02   4.017046e+00   1.704607e-02   3.978208e+00  -2.179186e-02   4.022491e+00   2.249145e-02
33	   4.033918e+00   3.391843e-02   3.999976e+00  -2.447075e-05   3.999252e+00  -7.477263e-04   3.994982e+00  -5.017829e-03   4.005242e+00   5.242156e-03
33.1	   4.018374e+00   1.837424e-02   4.016936e+00   1.693631e-02   3.981988e+00  -1.801211e-02   4.012557e+00   1.255748e-02   3.988108e+00  -1.189214e-02
33.2	   4.001401e+00   1.401355e-03   4.032866e+00   3.286633e-02   3.966640e+00  -3.335972e-02   4.029497e+00   2.949713e-02   3.972334e+00  -2.766642e-02
33.3	   3.984912e+00  -1.508773e-02   4.046414e+00   4.641367e-02   3.954261e+00  -4.573897e-02   4.044327e+00   4.432728e-02   3.958987e+00  -4.101348e-02
33.4	   3.970168e+00  -2.983156e-02   4.056389e+00   5.638931e-02   3.945578e+00  -5.442203e-02   4.055659e+00   5.565927e-02   3.948923e+00  -5.107694e-02
33.5	   3.957977e+00  -4.202324e-02   4.061703e+00   6.170257e-02   3.941044e+00  -5.895571e-02   4.062408e+00   6.240848e-02   3.942770e+00  -5.723045e-02
33.6	   3.949084e+00  -5.091595e-02   4.061625e+00   6.162464e-02   3.940878e+00  -5.912226e-02   4.063897e+00   6.389683e-02   3.940913e+00  -5.908719e-02
33.7	   3.944161e+00  -5.583912e-02   4.056123e+00   5.612284e-02   3.945090e+00  -5.490983e-02   4.059848e+00   5.984784e-02   3.943470e+00  -5.653001e-02
33.8	   3.943703e+00  -5.629667e-02   4.045931e+00   4.593055e-02   3.953446e+00  -4.655355e-02   4.050587e+00   5.058673e-02   3.950306e+00  -4.969411e-02
33.9	   3.947797e+00  -5.220258e-02   4.031997e+00   3.199703e-02   3.965453e+00  -3.454716e-02   4.037089e+00   3.708897e-02   3.960987e+00  -3.901286e-02
34	   3.955934e+00  -4.406564e-02   4.015455e+00   1.545522e-02   3.980356e+00  -1.964372e-02   4.020790e+00   2.078969e-02   3.974824e+00  -2.517552e-02
34.1	   3.967577e+00  -3.242274e-02   3.997823e+00  -2.177278e-03   3.997130e+00  -2.869672e-03   4.003303e+00   3.303385e-03   3.990867e+00  -9.132996e-03
34.2	   3.981984e+00  -1.801572e-02   3.980761e+00  -1.923883e-02   4.014549e+00   1.454890e-02   3.986112e+00  -1.388797e-02   4.007933e+00   7.932664e-03
34.3	   3.997914e+00  -2.085631e-03   3.965674e+00  -3.432593e-02   4.031199e+00   3.119884e-02   3.970497e+00  -2.950327e-02   4.024706e+00   2.470630e-02
34.4	   4.014327e+00   1.432717e-02   3.953681e+00  -4.631888e-02   4.045656e+00   4.565578e-02   3.957511e+00  -4.248899e-02   4.039776e+00   3.977610e-02
34.5	   4.030050e+00   3.004967e-02   3.945520e+00  -5.448021e-02   4.056545e+00   5.654523e-02   3.947939e+00  -5.206073e-02   4.051767e+00   5.176655e-02
34.6	   4.043327e+00   4.332730e-02   3.941580e+00  -5.842039e-02   4.062718e+00   6.271771e-02   3.942351e+00  -5.764948e-02   4.059462e+00   5.946162e-02
34.7	   4.052714e+00   5.271355e-02   3.941963e+00  -5.803725e-02   4.063554e+00   6.355393e-02   3.941062e+00  -5.893804e-02   4.061988e+00   6.198843e-02
34.8	   4.057770e+00   5.776961e-02   3.946562e+00  -5.343769e-02   4.058936e+00   5.893593e-02   3.944157e+00  -5.584272e-02   4.059033e+00   5.903346e-02
34.9	   4.058580e+00   5.857999e-02   3.955117e+00  -4.488267e-02   4.049322e+00   4.932157e-02   3.951451e+00  -4.854917e-02   4.050934e+00   5.093427e-02
35	   4.054438e+00   5.443795e-02   3.967123e+00  -3.287685e-02   4.035584e+00   3.558360e-02   3.962502e+00  -3.749827e-02   4.038686e+00   3.868600e-02
