           0.1	   3.999970e+00  -2.973918e-05   3.999994e+00  -5.916396e-06   3.999999e+00  -1.340484e-06   4.000000e+00  -3.181816e-07   4.000000e+00  -7.593302e-08
0.2	   3.999810e+00  -1.897752e-04   3.999964e+00  -3.556206e-05   3.999992e+00  -8.028746e-06   3.999998e+00  -1.918885e-06   4.000000e+00  -4.618837e-07
0.3	   3.999440e+00  -5.596554e-04   3.999899e+00  -1.014119e-04   3.999977e+00  -2.295825e-05   3.999994e+00  -5.540567e-06   3.999999e+00  -1.348059e-06
0.4	   3.998818e+00  -1.182112e-03   3.999790e+00  -2.097911e-04   3.999952e+00  -4.785719e-05   3.999988e+00  -1.170323e-05   3.999997e+00  -2.887081e-06
0.5	   3.997944e+00  -2.055942e-03   3.999639e+00  -3.611825e-04   3.999917e+00  -8.341693e-05   3.999979e+00  -2.075138e-05   3.999995e+00  -5.207873e-06
0.6	   3.996861e+00  -3.139042e-03   3.999447e+00  -5.534439e-04   3.999870e+00  -1.300562e-04   3.999967e+00  -3.304008e-05   3.999992e+00  -8.462362e-06
0.7	   3.995645e+00  -4.354916e-03   3.999214e+00  -7.862014e-04   3.999811e+00  -1.889491e-04   3.999951e+00  -4.918314e-05   3.999987e+00  -1.288760e-05
0.8	   3.994455e+00  -5.544812e-03   3.998948e+00  -1.051769e-03   3.999740e+00  -2.599382e-04   3.999930e+00  -6.956472e-05   3.999981e+00  -1.869362e-05
0.9	   3.993527e+00  -6.473089e-03   3.998663e+00  -1.336834e-03   3.999658e+00  -3.419156e-04   3.999906e+00  -9.442270e-05   3.999974e+00  -2.608518e-05
1	   3.993126e+00  -6.873594e-03   3.998371e+00  -1.628874e-03   3.999566e+00  -4.342543e-04   3.999876e+00  -1.241727e-04   3.999965e+00  -3.533950e-05
1.1	   3.993559e+00  -6.441225e-03   3.998096e+00  -1.904495e-03   3.999466e+00  -5.340285e-04   3.999841e+00  -1.587426e-04   3.999953e+00  -4.664992e-05
1.2	   3.995070e+00  -4.930320e-03   3.997861e+00  -2.138619e-03   3.999362e+00  -6.379893e-04   3.999802e+00  -1.980186e-04   3.999940e+00  -6.022624e-05
1.3	   3.997768e+00  -2.232393e-03   3.997697e+00  -2.302912e-03   3.999258e+00  -7.420742e-04   3.999758e+00  -2.417167e-04   3.999924e+00  -7.625972e-05
1.4	   4.001564e+00   1.564290e-03   3.997635e+00  -2.365457e-03   3.999159e+00  -8.412350e-04   3.999711e+00  -2.892905e-04   3.999905e+00  -9.489706e-05
1.5	   4.006123e+00   6.123322e-03   3.997702e+00  -2.298000e-03   3.999069e+00  -9.308123e-04   3.999660e+00  -3.402243e-04   3.999884e+00  -1.163089e-04
1.6	   4.010930e+00   1.093049e-02   3.997930e+00  -2.070082e-03   3.998995e+00  -1.004750e-03   3.999606e+00  -3.935437e-04   3.999859e+00  -1.405639e-04
1.7	   4.015340e+00   1.534010e-02   3.998332e+00  -1.667740e-03   3.998941e+00  -1.059497e-03   3.999551e+00  -4.487111e-04   3.999832e+00  -1.678357e-04
1.8	   4.018836e+00   1.883616e-02   3.998938e+00  -1.062444e-03   3.998914e+00  -1.086464e-03   3.999496e+00  -5.037758e-04   3.999802e+00  -1.979416e-04
1.9	   4.020956e+00   2.095627e-02   3.999754e+00  -2.462791e-04   3.998920e+00  -1.079692e-03   3.999443e+00  -5.571203e-04   3.999769e+00  -2.307451e-04
2	   4.021339e+00   2.133884e-02   4.000791e+00   7.907389e-04   3.998970e+00  -1.029879e-03   3.999394e+00  -6.059845e-04   3.999734e+00  -2.657791e-04
2.1	   4.019581e+00   1.958128e-02   4.002017e+00   2.016962e-03   3.999066e+00  -9.342214e-04   3.999351e+00  -6.487057e-04   3.999697e+00  -3.027610e-04
2.2	   4.015620e+00   1.561950e-02   4.003404e+00   3.404483e-03   3.999215e+00  -7.853346e-04   3.999318e+00  -6.820670e-04   3.999659e+00  -3.409273e-04
2.3	   4.009734e+00   9.733943e-03   4.004903e+00   4.902771e-03   3.999423e+00  -5.768662e-04   3.999297e+00  -7.025201e-04   3.999621e+00  -3.793093e-04
2.4	   4.002433e+00   2.432661e-03   4.006435e+00   6.434713e-03   3.999696e+00  -3.043224e-04   3.999294e+00  -7.063482e-04   3.999583e+00  -4.167294e-04
2.5	   3.994316e+00  -5.684311e-03   4.007896e+00   7.896047e-03   4.000035e+00   3.458785e-05   3.999310e+00  -6.896208e-04   3.999548e+00  -4.517754e-04
2.6	   3.986082e+00  -1.391794e-02   4.009153e+00   9.152715e-03   4.000439e+00   4.385460e-04   3.999351e+00  -6.486270e-04   3.999517e+00  -4.828518e-04
2.7	   3.978459e+00  -2.154063e-02   4.010042e+00   1.004210e-02   4.000901e+00   9.009067e-04   3.999420e+00  -5.802953e-04   3.999492e+00  -5.082635e-04
2.8	   3.972196e+00  -2.780429e-02   4.010411e+00   1.041061e-02   4.001416e+00   1.415885e-03   3.999519e+00  -4.807670e-04   3.999474e+00  -5.258439e-04
2.9	   3.967820e+00  -3.218026e-02   4.010084e+00   1.008367e-02   4.001967e+00   1.966705e-03   3.999652e+00  -3.482991e-04   3.999466e+00  -5.336239e-04
3	   3.965760e+00  -3.424012e-02   4.008898e+00   8.898087e-03   4.002532e+00   2.531830e-03   3.999818e+00  -1.820232e-04   3.999470e+00  -5.295653e-04
3.1	   3.966390e+00  -3.360976e-02   4.006763e+00   6.763165e-03   4.003089e+00   3.089457e-03   4.000019e+00   1.911399e-05   3.999489e+00  -5.112132e-04
3.2	   3.969845e+00  -3.015474e-02   4.003666e+00   3.665964e-03   4.003610e+00   3.610349e-03   4.000254e+00   2.541321e-04   3.999524e+00  -4.763989e-04
3.3	   3.976062e+00  -2.393754e-02   3.999695e+00  -3.051499e-04   4.004062e+00   4.061785e-03   4.000521e+00   5.206222e-04   3.999577e+00  -4.230603e-04
3.4	   3.984806e+00  -1.519368e-02   3.995052e+00  -4.948458e-03   4.004407e+00   4.407173e-03   4.000814e+00   8.142435e-04   3.999651e+00  -3.494253e-04
3.5	   3.995616e+00  -4.384193e-03   3.990060e+00  -9.939877e-03   4.004607e+00   4.607351e-03   4.001129e+00   1.128533e-03   3.999746e+00  -2.541410e-04
3.6	   4.007781e+00   7.781007e-03   3.985151e+00  -1.484889e-02   4.004624e+00   4.624222e-03   4.001455e+00   1.455152e-03   3.999864e+00  -1.363261e-04
3.7	   4.020377e+00   2.037743e-02   3.980812e+00  -1.918791e-02   4.004419e+00   4.419132e-03   4.001783e+00   1.783163e-03   4.000004e+00   4.093860e-06
3.8	   4.032338e+00   3.233752e-02   3.977563e+00  -2.243741e-02   4.003962e+00   3.962401e-03   4.002100e+00   2.099678e-03   4.000167e+00   1.665172e-04
3.9	   4.042346e+00   4.234560e-02   3.975874e+00  -2.412611e-02   4.003231e+00   3.231057e-03   4.002389e+00   2.389437e-03   4.000349e+00   3.492555e-04
4	   4.049236e+00   4.923613e-02   3.976125e+00  -2.387496e-02   4.002216e+00   2.215568e-03   4.002636e+00   2.635938e-03   4.000550e+00   5.496220e-04
4.1	   4.052041e+00   5.204122e-02   3.978593e+00  -2.140742e-02   4.000929e+00   9.290393e-04   4.002823e+00   2.823017e-03   4.000764e+00   7.641139e-04
4.2	   4.050233e+00   5.023336e-02   3.983336e+00  -1.666354e-02   3.999400e+00  -5.995156e-04   4.002933e+00   2.933111e-03   4.000988e+00   9.878184e-04
4.3	   4.043709e+00   4.370859e-02   3.990188e+00  -9.811839e-03   3.997679e+00  -2.321042e-03   4.002949e+00   2.948597e-03   4.001214e+00   1.214499e-03
4.4	   4.032930e+00   3.292984e-02   3.998764e+00  -1.235996e-03   3.995844e+00  -4.155699e-03   4.002854e+00   2.854424e-03   4.001437e+00   1.437158e-03
4.5	   4.019019e+00   1.901881e-02   4.008447e+00   8.446910e-03   3.994000e+00  -5.999863e-03   4.002639e+00   2.638849e-03   4.001648e+00   1.647616e-03
4.6	   4.003296e+00   3.296289e-03   4.018430e+00   1.842994e-02   3.992275e+00  -7.725295e-03   4.002295e+00   2.294953e-03   4.001837e+00   1.837196e-03
4.7	   3.987204e+00  -1.279566e-02   4.027759e+00   2.775923e-02   3.990810e+00  -9.190145e-03   4.001820e+00   1.820369e-03   4.001997e+00   1.996588e-03
4.8	   3.972197e+00  -2.780252e-02   4.035420e+00   3.542016e-02   3.989756e+00  -1.024440e-02   4.001219e+00   1.219099e-03   4.002116e+00   2.116218e-03
4.9	   3.959318e+00  -4.068192e-02   4.040461e+00   4.046081e-02   3.989261e+00  -1.073902e-02   4.000502e+00   5.020290e-04   4.002187e+00   2.186531e-03
5	   3.949602e+00  -5.039801e-02   4.042239e+00   4.223901e-02   3.989461e+00  -1.053873e-02   3.999689e+00  -3.107725e-04   4.002199e+00   2.198933e-03
5.1	   3.943804e+00  -5.619570e-02   4.040386e+00   4.038602e-02   3.990462e+00  -9.538421e-03   3.998808e+00  -1.192363e-03   4.002145e+00   2.145388e-03
5.2	   3.942491e+00  -5.750857e-02   4.034957e+00   3.495665e-02   3.992331e+00  -7.669096e-03   3.997894e+00  -2.105738e-03   4.002020e+00   2.020023e-03
5.3	   3.945654e+00  -5.434570e-02   4.026316e+00   2.631564e-02   3.995073e+00  -4.927436e-03   3.996992e+00  -3.008385e-03   4.001819e+00   1.818584e-03
5.4	   3.953202e+00  -4.679847e-02   4.015179e+00   1.517864e-02   3.998641e+00  -1.359021e-03   3.996154e+00  -3.846363e-03   4.001541e+00   1.540597e-03
5.5	   3.964587e+00  -3.541326e-02   4.002426e+00   2.426119e-03   4.002903e+00   2.903206e-03   3.995436e+00  -4.564099e-03   4.001188e+00   1.188393e-03
5.6	   3.979084e+00  -2.091624e-02   3.989071e+00  -1.092917e-02   4.007652e+00   7.652004e-03   3.994897e+00  -5.102851e-03   4.000768e+00   7.680620e-04
5.7	   3.995649e+00  -4.351048e-03   3.976176e+00  -2.382397e-02   4.012587e+00   1.258740e-02   3.994596e+00  -5.404492e-03   4.000290e+00   2.897033e-04
5.8	   4.012810e+00   1.280973e-02   3.964789e+00  -3.521114e-02   4.017334e+00   1.733380e-02   3.994585e+00  -5.415326e-03   3.999768e+00  -2.323186e-04
5.9	   4.029116e+00   2.911574e-02   3.955842e+00  -4.415754e-02   4.021460e+00   2.145979e-02   3.994911e+00  -5.089256e-03   3.999220e+00  -7.795674e-04
6	   4.043253e+00   4.325267e-02   3.950109e+00  -4.989112e-02   4.024500e+00   2.450044e-02   3.995606e+00  -4.394026e-03   3.998670e+00  -1.329708e-03
6.1	   4.053991e+00   5.399124e-02   3.948124e+00  -5.187648e-02   4.026011e+00   2.601069e-02   3.996686e+00  -3.313889e-03   3.998143e+00  -1.856927e-03
6.2	   4.060214e+00   6.021404e-02   3.950160e+00  -4.983974e-02   4.025616e+00   2.561622e-02   3.998144e+00  -1.855659e-03   3.997667e+00  -2.332851e-03
6.3	   4.061427e+00   6.142706e-02   3.956235e+00  -4.376524e-02   4.023062e+00   2.306196e-02   3.999950e+00  -4.977902e-05   3.997273e+00  -2.727376e-03
6.4	   4.057159e+00   5.715868e-02   3.966050e+00  -3.394952e-02   4.018293e+00   1.829251e-02   4.002045e+00   2.044611e-03   3.996989e+00  -3.010505e-03
6.5	   4.047971e+00   4.797109e-02   3.979040e+00  -2.095963e-02   4.011483e+00   1.148306e-02   4.004341e+00   4.340700e-03   3.996846e+00  -3.153648e-03
6.6	   4.034609e+00   3.460937e-02   3.994342e+00  -5.658323e-03   4.003045e+00   3.045030e-03   4.006722e+00   6.722169e-03   3.996869e+00  -3.131123e-03
6.7	   4.018748e+00   1.874833e-02   4.010828e+00   1.082828e-02   3.993599e+00  -6.401122e-03   4.009045e+00   9.045314e-03   3.997078e+00  -2.921593e-03
6.8	   4.001895e+00   1.895212e-03   4.027168e+00   2.716784e-02   3.983912e+00  -1.608794e-02   4.011146e+00   1.114626e-02   3.997489e+00  -2.511105e-03
6.9	   3.985303e+00  -1.469743e-02   4.041880e+00   4.188013e-02   3.974830e+00  -2.516992e-02   4.012851e+00   1.285070e-02   3.998106e+00  -1.894228e-03
7	   3.970080e+00  -2.992009e-02   4.053433e+00   5.343259e-02   3.967185e+00  -3.281524e-02   4.013979e+00   1.397910e-02   3.998924e+00  -1.075807e-03
7.1	   3.957331e+00  -4.266924e-02   4.060410e+00   6.040978e-02   3.961719e+00  -3.828058e-02   4.014365e+00   1.436534e-02   3.999928e+00  -7.244698e-05
7.2	   3.948045e+00  -5.195461e-02   4.061872e+00   6.187154e-02   3.959036e+00  -4.096369e-02   4.013872e+00   1.387177e-02   4.001087e+00   1.086811e-03
7.3	   3.943117e+00  -5.688303e-02   4.057597e+00   5.759680e-02   3.959542e+00  -4.045805e-02   4.012407e+00   1.240700e-02   4.002360e+00   2.360175e-03
7.4	   3.942838e+00  -5.716204e-02   4.048149e+00   4.814924e-02   3.963425e+00  -3.657515e-02   4.009943e+00   9.943083e-03   4.003694e+00   3.693508e-03
7.5	   3.946806e+00  -5.319377e-02   4.034565e+00   3.456514e-02   3.970580e+00  -2.941956e-02   4.006519e+00   6.518617e-03   4.005019e+00   5.018935e-03
7.6	   3.954857e+00  -4.514300e-02   4.018299e+00   1.829856e-02   3.980673e+00  -1.932662e-02   4.002262e+00   2.262256e-03   4.006260e+00   6.260139e-03
7.7	   3.966248e+00  -3.375239e-02   4.000833e+00   8.327513e-04   3.993077e+00  -6.923201e-03   3.997384e+00  -2.616052e-03   4.007334e+00   7.334026e-03
7.8	   3.980603e+00  -1.939740e-02   3.983733e+00  -1.626699e-02   4.006910e+00   6.910198e-03   3.992178e+00  -7.821818e-03   4.008157e+00   8.157200e-03
7.9	   3.996948e+00  -3.052346e-03   3.968355e+00  -3.164467e-02   4.021047e+00   2.104676e-02   3.986994e+00  -1.300576e-02   4.008648e+00   8.647636e-03
8	   4.013887e+00   1.388746e-02   3.955825e+00  -4.417458e-02   4.034188e+00   3.418752e-02   3.982222e+00  -1.777841e-02   4.008732e+00   8.732311e-03
8.1	   4.029919e+00   2.991945e-02   3.947008e+00  -5.299203e-02   4.045001e+00   4.500135e-02   3.978264e+00  -2.173578e-02   4.008351e+00   8.351372e-03
8.2	   4.043601e+00   4.360090e-02   3.942448e+00  -5.755232e-02   4.052268e+00   5.226850e-02   3.975503e+00  -2.449675e-02   4.007467e+00   7.467135e-03
8.3	   4.053769e+00   5.376921e-02   3.942387e+00  -5.761317e-02   4.055101e+00   5.510066e-02   3.974275e+00  -2.572502e-02   4.006069e+00   6.069144e-03
8.4	   4.059371e+00   5.937097e-02   3.946783e+00  -5.321750e-02   4.053095e+00   5.309514e-02   3.974835e+00  -2.516473e-02   4.004179e+00   4.178955e-03
8.5	   4.060430e+00   6.042994e-02   3.955323e+00  -4.467743e-02   4.046381e+00   4.638141e-02   3.977342e+00  -2.265785e-02   4.001855e+00   1.854529e-03
8.6	   4.056609e+00   5.660874e-02   3.967434e+00  -3.256572e-02   4.035603e+00   3.560342e-02   3.981823e+00  -1.817744e-02   3.999187e+00  -8.129349e-04
8.7	   4.048105e+00   4.810532e-02   3.982316e+00  -1.768439e-02   4.021777e+00   2.177737e-02   3.988158e+00  -1.184161e-02   3.996304e+00  -3.695626e-03
8.8	   4.035303e+00   3.530325e-02   3.998901e+00  -1.099350e-03   4.006152e+00   6.151779e-03   3.996077e+00  -3.923465e-03   3.993366e+00  -6.633759e-03
8.9	   4.019115e+00   1.911488e-02   4.015886e+00   1.588639e-02   3.990069e+00  -9.931020e-03   4.005140e+00   5.140159e-03   3.990553e+00  -9.447447e-03
9	   4.001573e+00   1.572941e-03   4.031829e+00   3.182906e-02   3.974826e+00  -2.517416e-02   4.014742e+00   1.474237e-02   3.988060e+00  -1.194013e-02
9.1	   3.984714e+00  -1.528634e-02   4.045363e+00   4.536309e-02   3.961605e+00  -3.839490e-02   4.024141e+00   2.414064e-02   3.986085e+00  -1.391455e-02
9.2	   3.969783e+00  -3.021748e-02   4.055272e+00   5.527195e-02   3.951392e+00  -4.860793e-02   4.032484e+00   3.248405e-02   3.984817e+00  -1.518333e-02
9.3	   3.957308e+00  -4.269188e-02   4.060642e+00   6.064194e-02   3.944939e+00  -5.506072e-02   4.038900e+00   3.890033e-02   3.984416e+00  -1.558434e-02
9.4	   3.948145e+00  -5.185458e-02   4.060958e+00   6.095798e-02   3.942768e+00  -5.723209e-02   4.042579e+00   4.257893e-02   3.985010e+00  -1.499008e-02
9.5	   3.942858e+00  -5.714211e-02   4.056024e+00   5.602406e-02   3.945107e+00  -5.489348e-02   4.042895e+00   4.289453e-02   3.986675e+00  -1.332459e-02
9.6	   3.942389e+00  -5.761057e-02   4.046366e+00   4.636597e-02   3.951938e+00  -4.806216e-02   4.039510e+00   3.951035e-02   3.989426e+00  -1.057424e-02
9.7	   3.946586e+00  -5.341408e-02   4.032852e+00   3.285234e-02   3.962891e+00  -3.710933e-02   4.032485e+00   3.248455e-02   3.993202e+00  -6.798396e-03
9.8	   3.955011e+00  -4.498906e-02   4.016750e+00   1.675042e-02   3.977295e+00  -2.270525e-02   4.022288e+00   2.228802e-02   3.997866e+00  -2.134012e-03
9.9	   3.967036e+00  -3.296390e-02   3.999593e+00  -4.071735e-04   3.994161e+00  -5.839330e-03   4.009761e+00   9.761144e-03   4.003202e+00   3.201942e-03
10	   3.981331e+00  -1.866854e-02   3.982846e+00  -1.715370e-02   4.012152e+00   1.215150e-02   3.996004e+00  -3.996012e-03   4.008914e+00   8.913964e-03
10.1	   3.997327e+00  -2.673374e-03   3.967949e+00  -3.205115e-02   4.029696e+00   2.969608e-02   3.982230e+00  -1.777022e-02   4.014636e+00   1.463595e-02
10.2	   4.014285e+00   1.428492e-02   3.955972e+00  -4.402799e-02   4.045068e+00   4.506794e-02   3.969638e+00  -3.036211e-02   4.019945e+00   1.994532e-02
10.3	   4.030605e+00   3.060479e-02   3.947644e+00  -5.235555e-02   4.056611e+00   5.661139e-02   3.959294e+00  -4.070611e-02   4.024395e+00   2.439507e-02
10.4	   4.044062e+00   4.406178e-02   3.943420e+00  -5.658025e-02   4.063041e+00   6.304086e-02   3.952071e+00  -4.792864e-02   4.027544e+00   2.754392e-02
10.5	   4.053604e+00   5.360350e-02   3.943487e+00  -5.651327e-02   4.063686e+00   6.368592e-02   3.948606e+00  -5.139420e-02   4.028998e+00   2.899766e-02
10.6	   4.059038e+00   5.903768e-02   3.947802e+00  -5.219848e-02   4.058546e+00   5.854584e-02   3.949254e+00  -5.074623e-02   4.028456e+00   2.845599e-02
10.7	   4.059884e+00   5.988359e-02   3.956095e+00  -4.390451e-02   4.048323e+00   4.832251e-02   3.954099e+00  -4.590129e-02   4.025758e+00   2.575819e-02
10.8	   4.056097e+00   5.609702e-02   3.967873e+00  -3.212663e-02   4.034205e+00   3.420456e-02   3.962921e+00  -3.707948e-02   4.020929e+00   2.092850e-02
10.9	   4.048125e+00   4.812472e-02   3.982422e+00  -1.757753e-02   4.017633e+00   1.763281e-02   3.975201e+00  -2.479866e-02   4.014183e+00   1.418314e-02
11	   4.035565e+00   3.556481e-02   3.998770e+00  -1.229558e-03   4.000125e+00   1.246849e-04   3.990119e+00  -9.880702e-03   4.005931e+00   5.930795e-03
11.1	   4.019259e+00   1.925930e-02   4.015662e+00   1.566192e-02   3.983140e+00  -1.686034e-02   4.006550e+00   6.549605e-03   3.996742e+00  -3.257673e-03
11.2	   4.001423e+00   1.423311e-03   4.031661e+00   3.166130e-02   3.967963e+00  -3.203705e-02   4.023119e+00   2.311932e-02   3.987304e+00  -1.269629e-02
11.3	   3.984644e+00  -1.535632e-02   4.045393e+00   4.539315e-02   3.955689e+00  -4.431135e-02   4.038310e+00   3.831011e-02   3.978353e+00  -2.164652e-02
11.4	   3.969364e+00  -3.063643e-02   4.055285e+00   5.528507e-02   3.947060e+00  -5.293965e-02   4.050581e+00   5.058140e-02   3.970621e+00  -2.937916e-02
11.5	   3.956960e+00  -4.304016e-02   4.060595e+00   6.059475e-02   3.942626e+00  -5.737412e-02   4.058613e+00   5.861348e-02   3.964780e+00  -3.522036e-02
11.6	   3.948252e+00  -5.174788e-02   4.060961e+00   6.096059e-02   3.942634e+00  -5.736605e-02   4.061488e+00   6.148813e-02   3.961381e+00  -3.861901e-02
11.7	   3.943344e+00  -5.665573e-02   4.056185e+00   5.618488e-02   3.947017e+00  -5.298266e-02   4.058840e+00   5.884030e-02   3.960825e+00  -3.917486e-02
11.8	   3.943171e+00  -5.682925e-02   4.046735e+00   4.673518e-02   3.955493e+00  -4.450703e-02   4.050937e+00   5.093717e-02   3.963344e+00  -3.665650e-02
11.9	   3.947232e+00  -5.276814e-02   4.033227e+00   3.322673e-02   3.967441e+00  -3.255873e-02   4.038597e+00   3.859712e-02   3.968952e+00  -3.104778e-02
12	   3.955201e+00  -4.479888e-02   4.016882e+00   1.688160e-02   3.982043e+00  -1.795715e-02   4.023079e+00   2.307916e-02   3.977450e+00  -2.254956e-02
12.1	   3.966368e+00  -3.363198e-02   3.999258e+00  -7.424640e-04   3.998293e+00  -1.707380e-03   4.005851e+00   5.850798e-03   3.988401e+00  -1.159943e-02
12.2	   3.981286e+00  -1.871433e-02   3.982367e+00  -1.763343e-02   4.015109e+00   1.510929e-02   3.988439e+00  -1.156137e-02   4.001125e+00   1.125046e-03
12.3	   3.997314e+00  -2.686338e-03   3.967347e+00  -3.265287e-02   4.031106e+00   3.110642e-02   3.972221e+00  -2.777902e-02   4.014698e+00   1.469771e-02
12.4	   4.013893e+00   1.389300e-02   3.955361e+00  -4.463901e-02   4.044927e+00   4.492652e-02   3.958429e+00  -4.157067e-02   4.027997e+00   2.799729e-02
12.5	   4.030090e+00   3.009036e-02   3.947198e+00  -5.280213e-02   4.055262e+00   5.526247e-02   3.948058e+00  -5.194152e-02   4.039787e+00   3.978650e-02
12.6	   4.043490e+00   4.349000e-02   3.943261e+00  -5.673904e-02   4.060999e+00   6.099899e-02   3.941837e+00  -5.816259e-02   4.048801e+00   4.880054e-02
12.7	   4.052773e+00   5.277266e-02   3.943649e+00  -5.635090e-02   4.061463e+00   6.146315e-02   3.940198e+00  -5.980202e-02   4.053902e+00   5.390174e-02
12.8	   4.058336e+00   5.833613e-02   3.948238e+00  -5.176193e-02   4.056569e+00   5.656939e-02   3.943296e+00  -5.670449e-02   4.054312e+00   5.431226e-02
12.9	   4.059902e+00   5.990199e-02   3.956673e+00  -4.332655e-02   4.046878e+00   4.687755e-02   3.950977e+00  -4.902282e-02   4.049735e+00   4.973457e-02
13	   4.056830e+00   5.683016e-02   3.968433e+00  -3.156681e-02   4.033402e+00   3.340191e-02   3.962793e+00  -3.720682e-02   4.040477e+00   4.047713e-02
13.1	   4.049043e+00   4.904334e-02   3.982816e+00  -1.718440e-02   4.017456e+00   1.745572e-02   3.977984e+00  -2.201566e-02   4.027397e+00   2.739698e-02
13.2	   4.035838e+00   3.583768e-02   3.998856e+00  -1.143604e-03   4.000440e+00   4.400754e-04   3.995462e+00  -4.538457e-03   4.011765e+00   1.176490e-02
13.3	   4.018333e+00   1.833309e-02   4.015340e+00   1.534023e-02   3.983729e+00  -1.627063e-02   4.013814e+00   1.381436e-02   3.995070e+00  -4.930331e-03
13.4	   4.000822e+00   8.223338e-04   4.031204e+00   3.120407e-02   3.968660e+00  -3.133951e-02   4.031416e+00   3.141575e-02   3.978814e+00  -2.118575e-02
13.5	   3.984462e+00  -1.553765e-02   4.044842e+00   4.484240e-02   3.956269e+00  -4.373060e-02   4.046547e+00   4.654688e-02   3.964380e+00  -3.561995e-02
13.6	   3.970106e+00  -2.989384e-02   4.055019e+00   5.501877e-02   3.947440e+00  -5.255982e-02   4.057631e+00   5.763077e-02   3.952913e+00  -4.708729e-02
13.7	   3.957120e+00  -4.287964e-02   4.060392e+00   6.039158e-02   3.942728e+00  -5.727213e-02   4.063462e+00   6.346187e-02   3.945291e+00  -5.470949e-02
13.8	   3.947829e+00  -5.217142e-02   4.060644e+00   6.064432e-02   3.942511e+00  -5.748923e-02   4.063503e+00   6.350255e-02   3.942083e+00  -5.791665e-02
13.9	   3.942664e+00  -5.733618e-02   4.055697e+00   5.569668e-02   3.946761e+00  -5.323898e-02   4.057886e+00   5.788555e-02   3.943546e+00  -5.645443e-02
14	   3.941487e+00  -5.851286e-02   4.046010e+00   4.601048e-02   3.955100e+00  -4.490012e-02   4.047405e+00   4.740467e-02   3.949644e+00  -5.035644e-02
14.1	   3.945687e+00  -5.431296e-02   4.032763e+00   3.276330e-02   3.967013e+00  -3.298744e-02   4.033304e+00   3.330373e-02   3.960007e+00  -3.999337e-02
14.2	   3.954529e+00  -4.547109e-02   4.016887e+00   1.688714e-02   3.981652e+00  -1.834752e-02   4.017011e+00   1.701103e-02   3.973967e+00  -2.603315e-02
14.3	   3.966855e+00  -3.314498e-02   3.999581e+00  -4.188320e-04   3.997980e+00  -2.020116e-03   3.999946e+00  -5.378034e-05   3.990543e+00  -9.456742e-03
14.4	   3.981000e+00  -1.900026e-02   3.982332e+00  -1.766816e-02   4.014774e+00   1.477412e-02   3.983444e+00  -1.655591e-02   4.008448e+00   8.447853e-03
14.5	   3.996791e+00  -3.208557e-03   3.966904e+00  -3.309645e-02   4.030760e+00   3.075981e-02   3.968682e+00  -3.131801e-02   4.026169e+00   2.616855e-02
14.6	   4.013889e+00   1.388937e-02   3.954712e+00  -4.528804e-02   4.044609e+00   4.460924e-02   3.956624e+00  -4.337600e-02   4.042082e+00   4.208176e-02
14.7	   4.030632e+00   3.063241e-02   3.946608e+00  -5.339158e-02   4.055012e+00   5.501156e-02   3.948008e+00  -5.199224e-02   4.054599e+00   5.459932e-02
14.8	   4.044404e+00   4.440428e-02   3.942953e+00  -5.704651e-02   4.060862e+00   6.086181e-02   3.943357e+00  -5.664326e-02   4.062386e+00   6.238615e-02
14.9	   4.053855e+00   5.385521e-02   3.943692e+00  -5.630830e-02   4.061465e+00   6.146470e-02   3.942921e+00  -5.707896e-02   4.064597e+00   6.459704e-02
15	   4.059351e+00   5.935116e-02   3.948499e+00  -5.150071e-02   4.056660e+00   5.665972e-02   3.946751e+00  -5.324929e-02   4.060986e+00   6.098551e-02
15.1	   4.060192e+00   6.019150e-02   3.956905e+00  -4.309528e-02   4.046916e+00   4.691608e-02   3.954629e+00  -4.537085e-02   4.051982e+00   5.198179e-02
15.2	   4.055927e+00   5.592738e-02   3.968399e+00  -3.160086e-02   4.033219e+00   3.321943e-02   3.966100e+00  -3.390029e-02   4.038571e+00   3.857109e-02
15.3	   4.047843e+00   4.784269e-02   3.982440e+00  -1.755993e-02   4.016955e+00   1.695452e-02   3.980455e+00  -1.954546e-02   4.022129e+00   2.212932e-02
15.4	   4.035664e+00   3.566378e-02   3.998289e+00  -1.711355e-03   3.999663e+00  -3.371811e-04   3.996723e+00  -3.277250e-03   4.004199e+00   4.199248e-03
15.5	   4.019496e+00   1.949582e-02   4.014936e+00   1.493627e-02   3.982882e+00  -1.711831e-02   4.013697e+00   1.369729e-02   3.986329e+00  -1.367057e-02
15.6	   4.001661e+00   1.660541e-03   4.031055e+00   3.105497e-02   3.967951e+00  -3.204917e-02   4.029975e+00   2.997536e-02   3.969936e+00  -3.006365e-02
15.7	   3.984631e+00  -1.536923e-02   4.045076e+00   4.507626e-02   3.955895e+00  -4.410490e-02   4.044119e+00   4.411940e-02   3.956240e+00  -4.376009e-02
15.8	   3.969888e+00  -3.011155e-02   4.055490e+00   5.549034e-02   3.947455e+00  -5.254455e-02   4.054764e+00   5.476422e-02   3.946189e+00  -5.381142e-02
15.9	   3.957499e+00  -4.250116e-02   4.061172e+00   6.117237e-02   3.943095e+00  -5.690465e-02   4.060827e+00   6.082707e-02   3.940447e+00  -5.955293e-02
16	   3.948042e+00  -5.195849e-02   4.061602e+00   6.160165e-02   3.943033e+00  -5.696728e-02   4.061663e+00   6.166280e-02   3.939386e+00  -6.061428e-02
16.1	   3.943052e+00  -5.694829e-02   4.056701e+00   5.670148e-02   3.947299e+00  -5.270062e-02   4.057167e+00   5.716704e-02   3.943085e+00  -5.691528e-02
16.2	   3.942043e+00  -5.795698e-02   4.046719e+00   4.671941e-02   3.955562e+00  -4.443848e-02   4.047787e+00   4.778684e-02   3.951298e+00  -4.870237e-02
16.3	   3.945743e+00  -5.425719e-02   4.033043e+00   3.304265e-02   3.967339e+00  -3.266117e-02   4.034454e+00   3.445368e-02   3.963520e+00  -3.647985e-02
16.4	   3.955061e+00  -4.493913e-02   4.017190e+00   1.718968e-02   3.981958e+00  -1.804178e-02   4.018464e+00   1.846373e-02   3.978910e+00  -2.108980e-02
16.5	   3.967292e+00  -3.270828e-02   3.999823e+00  -1.770255e-04   3.998300e+00  -1.699889e-03   4.001268e+00   1.268080e-03   3.996337e+00  -3.662877e-03
16.6	   3.981837e+00  -1.816267e-02   3.982459e+00  -1.754082e-02   4.015143e+00   1.514345e-02   3.984359e+00  -1.564109e-02   4.014415e+00   1.441487e-02
16.7	   3.997903e+00  -2.097188e-03   3.966846e+00  -3.315405e-02   4.031090e+00   3.109006e-02   3.969084e+00  -3.091610e-02   4.031548e+00   3.154761e-02
16.8	   4.014612e+00   1.461185e-02   3.954604e+00  -4.539589e-02   4.044797e+00   4.479676e-02   3.956554e+00  -4.344556e-02   4.046122e+00   4.612209e-02
16.9	   4.031008e+00   3.100776e-02   3.946714e+00  -5.328607e-02   4.055063e+00   5.506334e-02   3.947610e+00  -5.238994e-02   4.056687e+00   5.668695e-02
17	   4.044934e+00   4.493413e-02   3.943418e+00  -5.658218e-02   4.060941e+00   6.094126e-02   3.942809e+00  -5.719107e-02   4.062208e+00   6.220792e-02
17.1	   4.054311e+00   5.431074e-02   3.944450e+00  -5.555002e-02   4.061784e+00   6.178434e-02   3.942408e+00  -5.759222e-02   4.062225e+00   6.222453e-02
17.2	   4.059206e+00   5.920566e-02   3.949259e+00  -5.074092e-02   4.057329e+00   5.732888e-02   3.946412e+00  -5.358793e-02   4.056883e+00   5.688270e-02
17.3	   4.059642e+00   5.964240e-02   3.957353e+00  -4.264700e-02   4.047876e+00   4.787582e-02   3.954540e+00  -4.546017e-02   4.046909e+00   4.690856e-02
17.4	   4.055020e+00   5.501978e-02   3.968456e+00  -3.154450e-02   4.034271e+00   3.427053e-02   3.966270e+00  -3.373045e-02   4.033411e+00   3.341138e-02
17.5	   4.046673e+00   4.667305e-02   3.982381e+00  -1.761927e-02   4.017850e+00   1.784958e-02   3.980838e+00  -1.916168e-02   4.017710e+00   1.771047e-02
17.6	   4.035270e+00   3.527046e-02   3.998570e+00  -1.430362e-03   4.000232e+00   2.322179e-04   3.997242e+00  -2.758020e-03   4.001139e+00   1.139476e-03
17.7	   4.020178e+00   2.017831e-02   4.015784e+00   1.578427e-02   3.983109e+00  -1.689055e-02   4.014284e+00   1.428372e-02   3.984969e+00  -1.503075e-02
17.8	   4.002307e+00   2.306976e-03   4.032166e+00   3.216613e-02   3.967908e+00  -3.209166e-02   4.030598e+00   3.059795e-02   3.970332e+00  -2.966758e-02
17.9	   3.984596e+00  -1.540421e-02   4.045971e+00   4.597120e-02   3.955754e+00  -4.424620e-02   4.044765e+00   4.476533e-02   3.958194e+00  -4.180610e-02
18	   3.969360e+00  -3.064000e-02   4.055833e+00   5.583331e-02   3.947376e+00  -5.262426e-02   4.055419e+00   5.541864e-02   3.949310e+00  -5.068954e-02
18.1	   3.957062e+00  -4.293840e-02   4.060801e+00   6.080117e-02   3.943145e+00  -5.685513e-02   4.061432e+00   6.143206e-02   3.944238e+00  -5.576212e-02
18.2	   3.948063e+00  -5.193702e-02   4.060484e+00   6.048427e-02   3.943189e+00  -5.681147e-02   4.062137e+00   6.213673e-02   3.943294e+00  -5.670597e-02
18.3	   3.942804e+00  -5.719596e-02   4.055324e+00   5.532416e-02   3.947433e+00  -5.256725e-02   4.057444e+00   5.744437e-02   3.946591e+00  -5.340913e-02
18.4	   3.941452e+00  -5.854785e-02   4.045910e+00   4.591023e-02   3.955585e+00  -4.441462e-02   4.047877e+00   4.787713e-02   3.953995e+00  -4.600526e-02
18.5	   3.943702e+00  -5.629812e-02   4.032564e+00   3.256435e-02   3.967112e+00  -3.288809e-02   4.034417e+00   3.441694e-02   3.965116e+00  -3.488381e-02
18.6	   3.951708e+00  -4.829232e-02   4.016579e+00   1.657938e-02   3.981494e+00  -1.850592e-02   4.018394e+00   1.839445e-02   3.979310e+00  -2.069049e-02
18.7	   3.963320e+00  -3.668002e-02   3.998818e+00  -1.181742e-03   3.997691e+00  -2.308891e-03   4.001217e+00   1.217488e-03   3.995635e+00  -4.364994e-03
18.8	   3.978737e+00  -2.126347e-02   3.981179e+00  -1.882150e-02   4.014567e+00   1.456654e-02   3.984331e+00  -1.566895e-02   4.012884e+00   1.288401e-02
18.9	   3.995637e+00  -4.363286e-03   3.965441e+00  -3.455926e-02   4.030658e+00   3.065776e-02   3.969063e+00  -3.093717e-02   4.029623e+00   2.962319e-02
19	   4.012498e+00   1.249848e-02   3.953220e+00  -4.677952e-02   4.044531e+00   4.453095e-02   3.956543e+00  -4.345664e-02   4.044318e+00   4.431797e-02
19.1	   4.028938e+00   2.893815e-02   3.945455e+00  -5.454538e-02   4.054886e+00   5.488602e-02   3.947630e+00  -5.237009e-02   4.055486e+00   5.548649e-02
19.2	   4.044067e+00   4.406720e-02   3.942209e+00  -5.779073e-02   4.060706e+00   6.070644e-02   3.942878e+00  -5.712234e-02   4.061912e+00   6.191178e-02
19.3	   4.055297e+00   5.529678e-02   3.943068e+00  -5.693175e-02   4.061384e+00   6.138389e-02   3.942537e+00  -5.746275e-02   4.062885e+00   6.288461e-02
19.4	   4.060980e+00   6.097958e-02   3.947539e+00  -5.246077e-02   4.056748e+00   5.674759e-02   3.946591e+00  -5.340913e-02   4.058308e+00   5.830801e-02
19.5	   4.061675e+00   6.167468e-02   3.955421e+00  -4.457943e-02   4.047106e+00   4.710578e-02   3.954707e+00  -4.529322e-02   4.048734e+00   4.873362e-02
19.6	   4.056852e+00   5.685192e-02   3.966781e+00  -3.321911e-02   4.033279e+00   3.327909e-02   3.966315e+00  -3.368458e-02   4.035201e+00   3.520115e-02
19.7	   4.046585e+00   4.658471e-02   3.981452e+00  -1.854757e-02   4.016611e+00   1.661150e-02   3.980633e+00  -1.936666e-02   4.019063e+00   1.906326e-02
19.8	   4.033362e+00   3.336210e-02   3.998326e+00  -1.674009e-03   3.998772e+00  -1.227659e-03   3.996676e+00  -3.323527e-03   4.001786e+00   1.785653e-03
19.9	   4.018761e+00   1.876077e-02   4.015336e+00   1.533552e-02   3.981459e+00  -1.854076e-02   4.013334e+00   1.333362e-02   3.984789e+00  -1.521125e-02
20	   4.002898e+00   2.898493e-03   4.030732e+00   3.073228e-02   3.966172e+00  -3.382834e-02   4.029352e+00   2.935155e-02   3.969365e+00  -3.063544e-02
20.1	   3.986294e+00  -1.370564e-02   4.044018e+00   4.401789e-02   3.954028e+00  -4.597223e-02   4.043408e+00   4.340811e-02   3.956598e+00  -4.340225e-02
20.2	   3.970525e+00  -2.947494e-02   4.054667e+00   5.466724e-02   3.945840e+00  -5.416020e-02   4.054188e+00   5.418837e-02   3.947338e+00  -5.266169e-02
20.3	   3.956310e+00  -4.368970e-02   4.060765e+00   6.076459e-02   3.941912e+00  -5.808775e-02   4.060487e+00   6.048664e-02   3.942173e+00  -5.782702e-02
20.4	   3.946069e+00  -5.393071e-02   4.061002e+00   6.100155e-02   3.942342e+00  -5.765756e-02   4.061473e+00   6.147306e-02   3.941393e+00  -5.860732e-02
20.5	   3.941782e+00  -5.821820e-02   4.055928e+00   5.592782e-02   3.947007e+00  -5.299331e-02   4.056916e+00   5.691646e-02   3.945059e+00  -5.494057e-02
20.6	   3.942049e+00  -5.795131e-02   4.046601e+00   4.660109e-02   3.955419e+00  -4.458136e-02   4.047275e+00   4.727540e-02   3.952937e+00  -4.706307e-02
20.7	   3.946111e+00  -5.388939e-02   4.034087e+00   3.408698e-02   3.966985e+00  -3.301472e-02   4.033597e+00   3.359697e-02   3.964511e+00  -3.548890e-02
20.8	   3.954386e+00  -4.561437e-02   4.018875e+00   1.887483e-02   3.981156e+00  -1.884438e-02   4.017299e+00   1.729933e-02   3.979035e+00  -2.096514e-02
20.9	   3.965463e+00  -3.453725e-02   4.001128e+00   1.127903e-03   3.997059e+00  -2.940668e-03   3.999888e+00  -1.123931e-04   3.995475e+00  -4.525116e-03
21	   3.979555e+00  -2.044530e-02   3.982894e+00  -1.710611e-02   4.013789e+00   1.378850e-02   3.982866e+00  -1.713387e-02   4.012598e+00   1.259825e-02
21.1	   3.996633e+00  -3.367482e-03   3.966629e+00  -3.337061e-02   4.030147e+00   3.014669e-02   3.967565e+00  -3.243460e-02   4.029014e+00   2.901392e-02
21.2	   4.015072e+00   1.507224e-02   3.954077e+00  -4.592336e-02   4.044591e+00   4.459070e-02   3.955105e+00  -4.489484e-02   4.043293e+00   4.329322e-02
21.3	   4.031392e+00   3.139187e-02   3.945914e+00  -5.408635e-02   4.055457e+00   5.545655e-02   3.946279e+00  -5.372148e-02   4.054126e+00   5.412566e-02
21.4	   4.044261e+00   4.426052e-02   3.942131e+00  -5.786913e-02   4.061410e+00   6.140960e-02   3.941624e+00  -5.837580e-02   4.060438e+00   6.043792e-02
21.5	   4.054511e+00   5.451112e-02   3.942527e+00  -5.747286e-02   4.061889e+00   6.188934e-02   3.941403e+00  -5.859738e-02   4.061550e+00   6.155043e-02
21.6	   4.060207e+00   6.020747e-02   3.946956e+00  -5.304367e-02   4.057088e+00   5.708754e-02   3.945623e+00  -5.437702e-02   4.057293e+00   5.729260e-02
21.7	   4.059401e+00   5.940088e-02   3.955366e+00  -4.463440e-02   4.047623e+00   4.762298e-02   3.953935e+00  -4.606501e-02   4.048078e+00   4.807797e-02
21.8	   4.054700e+00   5.469951e-02   3.967479e+00  -3.252064e-02   4.034208e+00   3.420847e-02   3.965818e+00  -3.418248e-02   4.034831e+00   3.483150e-02
21.9	   4.047448e+00   4.744775e-02   3.982487e+00  -1.751294e-02   4.017847e+00   1.784672e-02   3.980497e+00  -1.950300e-02   4.018860e+00   1.886011e-02
22	   4.035919e+00   3.591898e-02   3.998994e+00  -1.005642e-03   4.000040e+00   3.952394e-05   3.996957e+00  -3.042642e-03   4.001654e+00   1.653565e-03
22.1	   4.020020e+00   2.001988e-02   4.015645e+00   1.564538e-02   3.982617e+00  -1.738298e-02   4.014008e+00   1.400794e-02   3.984691e+00  -1.530907e-02
22.2	   4.002112e+00   2.111925e-03   4.031618e+00   3.161759e-02   3.967241e+00  -3.275945e-02   4.030325e+00   3.032499e-02   3.969337e+00  -3.066283e-02
22.3	   3.984502e+00  -1.549812e-02   4.045778e+00   4.577824e-02   3.955120e+00  -4.487971e-02   4.044550e+00   4.455008e-02   3.956699e+00  -4.330136e-02
22.4	   3.969162e+00  -3.083776e-02   4.056177e+00   5.617698e-02   3.946897e+00  -5.310318e-02   4.055413e+00   5.541290e-02   3.947578e+00  -5.242188e-02
22.5	   3.957226e+00  -4.277424e-02   4.061452e+00   6.145247e-02   3.942864e+00  -5.713648e-02   4.061848e+00   6.184777e-02   3.942533e+00  -5.746670e-02
22.6	   3.948339e+00  -5.166144e-02   4.061211e+00   6.121087e-02   3.943010e+00  -5.699031e-02   4.063117e+00   6.311689e-02   3.941833e+00  -5.816685e-02
22.7	   3.942502e+00  -5.749787e-02   4.055082e+00   5.508198e-02   3.947129e+00  -5.287067e-02   4.058862e+00   5.886157e-02   3.945501e+00  -5.449904e-02
22.8	   3.941513e+00  -5.848661e-02   4.044525e+00   4.452458e-02   3.955031e+00  -4.496879e-02   4.049327e+00   4.932738e-02   3.953283e+00  -4.671657e-02
22.9	   3.944351e+00  -5.564885e-02   4.031545e+00   3.154475e-02   3.966369e+00  -3.363076e-02   4.035408e+00   3.540757e-02   3.964706e+00  -3.529392e-02
23	   3.953452e+00  -4.654771e-02   4.017088e+00   1.708843e-02   3.980707e+00  -1.929261e-02   4.018633e+00   1.863347e-02   3.979068e+00  -2.093180e-02
23.1	   3.965767e+00  -3.423256e-02   4.000363e+00   3.627977e-04   3.997046e+00  -2.953703e-03   4.000751e+00   7.514848e-04   3.995388e+00  -4.612173e-03
23.2	   3.981739e+00  -1.826094e-02   3.983025e+00  -1.697452e-02   4.014284e+00   1.428450e-02   3.983467e+00  -1.653267e-02   4.012487e+00   1.248733e-02
23.3	   3.998821e+00  -1.179121e-03   3.967305e+00  -3.269494e-02   4.030839e+00   3.083875e-02   3.968144e+00  -3.185552e-02   4.029009e+00   2.900943e-02
23.4	   4.015404e+00   1.540444e-02   3.954912e+00  -4.508811e-02   4.045054e+00   4.505430e-02   3.955803e+00  -4.419719e-02   4.043518e+00   4.351801e-02
23.5	   4.031485e+00   3.148462e-02   3.946655e+00  -5.334497e-02   4.055523e+00   5.552326e-02   3.947123e+00  -5.287676e-02   4.054631e+00   5.463070e-02
23.6	   4.045843e+00   4.584267e-02   3.942685e+00  -5.731527e-02   4.061260e+00   6.126047e-02   3.942546e+00  -5.745362e-02   4.061193e+00   6.119279e-02
23.7	   4.055682e+00   5.568201e-02   3.943032e+00  -5.696835e-02   4.061898e+00   6.189830e-02   3.942265e+00  -5.773506e-02   4.062475e+00   6.247498e-02
23.8	   4.059993e+00   5.999274e-02   3.947671e+00  -5.232865e-02   4.057604e+00   5.760430e-02   3.946196e+00  -5.380422e-02   4.058280e+00   5.827998e-02
23.9	   4.059845e+00   5.984532e-02   3.956460e+00  -4.354006e-02   4.048790e+00   4.879028e-02   3.954069e+00  -4.593119e-02   4.049023e+00   4.902280e-02
24	   4.054851e+00   5.485129e-02   3.968922e+00  -3.107804e-02   4.035837e+00   3.583677e-02   3.965490e+00  -3.451042e-02   4.035636e+00   3.563582e-02
24.1	   4.045537e+00   4.553682e-02   3.984067e+00  -1.593303e-02   4.019432e+00   1.943196e-02   3.979740e+00  -2.026020e-02   4.019437e+00   1.943670e-02
24.2	   4.033981e+00   3.398085e-02   4.000730e+00   7.301738e-04   4.001054e+00   1.054078e-03   3.995884e+00  -4.115959e-03   4.001972e+00   1.972208e-03
24.3	   4.019837e+00   1.983651e-02   4.017549e+00   1.754904e-02   3.982784e+00  -1.721597e-02   4.012773e+00   1.277288e-02   3.984749e+00  -1.525096e-02
24.4	   4.003172e+00   3.172025e-03   4.032932e+00   3.293199e-02   3.966606e+00  -3.339437e-02   4.029032e+00   2.903183e-02   3.969204e+00  -3.079629e-02
24.5	   3.985591e+00  -1.440927e-02   4.045508e+00   4.550795e-02   3.953989e+00  -4.601122e-02   4.043281e+00   4.328100e-02   3.956501e+00  -4.349918e-02
24.6	   3.968740e+00  -3.126043e-02   4.054635e+00   5.463514e-02   3.945779e+00  -5.422070e-02   4.054281e+00   5.428141e-02   3.947439e+00  -5.256108e-02
24.7	   3.956788e+00  -4.321167e-02   4.060414e+00   6.041384e-02   3.942034e+00  -5.796566e-02   4.060940e+00   6.093954e-02   3.942616e+00  -5.738413e-02
24.8	   3.948233e+00  -5.176681e-02   4.061667e+00   6.166748e-02   3.942551e+00  -5.744893e-02   4.062483e+00   6.248335e-02   3.942185e+00  -5.781493e-02
24.9	   3.942140e+00  -5.786014e-02   4.056551e+00   5.655089e-02   3.947063e+00  -5.293737e-02   4.058573e+00   5.857312e-02   3.946156e+00  -5.384356e-02
25	   3.941112e+00  -5.888769e-02   4.045965e+00   4.596469e-02   3.954960e+00  -4.504037e-02   4.049418e+00   4.941802e-02   3.954227e+00  -4.577300e-02
25.1	   3.942806e+00  -5.719440e-02   4.031598e+00   3.159839e-02   3.966318e+00  -3.368198e-02   4.035798e+00   3.579775e-02   3.965783e+00  -3.421738e-02
25.2	   3.951135e+00  -4.886515e-02   4.015428e+00   1.542829e-02   3.980969e+00  -1.903127e-02   4.019178e+00   1.917810e-02   3.980091e+00  -1.990912e-02
25.3	   3.961928e+00  -3.807241e-02   3.998052e+00  -1.948135e-03   3.997679e+00  -2.321007e-03   4.001308e+00   1.308070e-03   3.996220e+00  -3.780372e-03
25.4	   3.976843e+00  -2.315702e-02   3.981405e+00  -1.859525e-02   4.015491e+00   1.549140e-02   3.984013e+00  -1.598680e-02   4.013094e+00   1.309435e-02
25.5	   3.994142e+00  -5.857661e-03   3.965607e+00  -3.439255e-02   4.032035e+00   3.203506e-02   3.968757e+00  -3.124334e-02   4.029436e+00   2.943575e-02
25.6	   4.011852e+00   1.185242e-02   3.950917e+00  -4.908308e-02   4.045394e+00   4.539436e-02   3.956608e+00  -4.339187e-02   4.043857e+00   4.385671e-02
25.7	   4.028357e+00   2.835678e-02   3.942529e+00  -5.747087e-02   4.054725e+00   5.472452e-02   3.948128e+00  -5.187195e-02   4.054994e+00   5.499435e-02
25.8	   4.042647e+00   4.264718e-02   3.941579e+00  -5.842129e-02   4.059734e+00   5.973354e-02   3.943664e+00  -5.633650e-02   4.061582e+00   6.158221e-02
25.9	   4.053469e+00   5.346890e-02   3.940527e+00  -5.947279e-02   4.060118e+00   6.011761e-02   3.943376e+00  -5.662449e-02   4.062736e+00   6.273645e-02
26	   4.059895e+00   5.989470e-02   3.944588e+00  -5.541222e-02   4.055845e+00   5.584502e-02   3.947144e+00  -5.285553e-02   4.058221e+00   5.822103e-02
26.1	   4.061771e+00   6.177090e-02   3.953607e+00  -4.639255e-02   4.046757e+00   4.675665e-02   3.954753e+00  -4.524656e-02   4.048554e+00   4.855359e-02
26.2	   4.057924e+00   5.792391e-02   3.966968e+00  -3.303156e-02   4.033188e+00   3.318765e-02   3.965745e+00  -3.425492e-02   4.034814e+00   3.481448e-02
26.3	   4.047713e+00   4.771276e-02   3.981963e+00  -1.803704e-02   4.016620e+00   1.662006e-02   3.979512e+00  -2.048776e-02   4.018412e+00   1.841172e-02
26.4	   4.033883e+00   3.388287e-02   3.997042e+00  -2.957564e-03   3.998608e+00  -1.391707e-03   3.995423e+00  -4.577069e-03   4.000852e+00   8.522511e-04
26.5	   4.017504e+00   1.750364e-02   4.013076e+00   1.307587e-02   3.981612e+00  -1.838807e-02   4.012324e+00   1.232355e-02   3.983633e+00  -1.636660e-02
26.6	   4.000210e+00   2.101206e-04   4.030101e+00   3.010061e-02   3.966423e+00  -3.357747e-02   4.028672e+00   2.867201e-02   3.968099e+00  -3.190086e-02
26.7	   3.984826e+00  -1.517405e-02   4.045368e+00   4.536850e-02   3.953234e+00  -4.676557e-02   4.043012e+00   4.301158e-02   3.955441e+00  -4.455879e-02
26.8	   3.970015e+00  -2.998509e-02   4.055447e+00   5.544654e-02   3.944728e+00  -5.527189e-02   4.053850e+00   5.385034e-02   3.946499e+00  -5.350088e-02
26.9	   3.957864e+00  -4.213579e-02   4.059436e+00   5.943571e-02   3.941614e+00  -5.838626e-02   4.060040e+00   6.004036e-02   3.941632e+00  -5.836751e-02
27	   3.944652e+00  -5.534797e-02   4.059422e+00   5.942250e-02   3.942219e+00  -5.778134e-02   4.060901e+00   6.090077e-02   3.941288e+00  -5.871166e-02
27.1	   3.939746e+00  -6.025421e-02   4.055766e+00   5.576577e-02   3.945222e+00  -5.477833e-02   4.056268e+00   5.626790e-02   3.945308e+00  -5.469237e-02
27.2	   3.938801e+00  -6.119866e-02   4.047702e+00   4.770172e-02   3.954066e+00  -4.593396e-02   4.046598e+00   4.659796e-02   3.953356e+00  -4.664378e-02
27.3	   3.942484e+00  -5.751615e-02   4.034491e+00   3.449059e-02   3.963409e+00  -3.659090e-02   4.032793e+00   3.279279e-02   3.965028e+00  -3.497195e-02
27.4	   3.951545e+00  -4.845500e-02   4.019408e+00   1.940841e-02   3.978917e+00  -2.108282e-02   4.016100e+00   1.609987e-02   3.979219e+00  -2.078101e-02
27.5	   3.962164e+00  -3.783598e-02   4.001490e+00   1.489891e-03   3.996623e+00  -3.377124e-03   3.998073e+00  -1.926696e-03   3.995262e+00  -4.738150e-03
27.6	   3.976550e+00  -2.344999e-02   3.982503e+00  -1.749678e-02   4.013819e+00   1.381895e-02   3.980506e+00  -1.949351e-02   4.012141e+00   1.214106e-02
27.7	   3.992566e+00  -7.434448e-03   3.966100e+00  -3.389999e-02   4.028879e+00   2.887921e-02   3.964975e+00  -3.502497e-02   4.028406e+00   2.840555e-02
27.8	   4.010966e+00   1.096576e-02   3.953055e+00  -4.694470e-02   4.043267e+00   4.326737e-02   3.952605e+00  -4.739503e-02   4.042777e+00   4.277702e-02
27.9	   4.028314e+00   2.831440e-02   3.944758e+00  -5.524184e-02   4.055148e+00   5.514803e-02   3.944111e+00  -5.588911e-02   4.054131e+00   5.413116e-02
28	   4.043012e+00   4.301222e-02   3.940197e+00  -5.980275e-02   4.060705e+00   6.070510e-02   3.939702e+00  -6.029787e-02   4.061197e+00   6.119735e-02
28.1	   4.053979e+00   5.397940e-02   3.938310e+00  -6.168983e-02   4.060606e+00   6.060626e-02   3.940141e+00  -5.985936e-02   4.062886e+00   6.288622e-02
28.2	   4.060049e+00   6.004884e-02   3.944031e+00  -5.596887e-02   4.054536e+00   5.453645e-02   3.945795e+00  -5.420482e-02   4.058704e+00   5.870376e-02
28.3	   4.061571e+00   6.157119e-02   3.952800e+00  -4.720021e-02   4.045020e+00   4.501952e-02   3.952666e+00  -4.733388e-02   4.048913e+00   4.891330e-02
28.4	   4.058183e+00   5.818263e-02   3.964698e+00  -3.530228e-02   4.033415e+00   3.341464e-02   3.965581e+00  -3.441867e-02   4.034670e+00   3.467049e-02
28.5	   4.048572e+00   4.857194e-02   3.978567e+00  -2.143284e-02   4.018642e+00   1.864248e-02   3.980687e+00  -1.931304e-02   4.017591e+00   1.759110e-02
28.6	   4.034451e+00   3.445123e-02   3.994659e+00  -5.341153e-03   3.999365e+00  -6.349305e-04   3.996955e+00  -3.044993e-03   3.999340e+00  -6.598187e-04
28.7	   4.018494e+00   1.849384e-02   4.012659e+00   1.265939e-02   3.981250e+00  -1.874951e-02   4.014902e+00   1.490169e-02   3.981736e+00  -1.826421e-02
28.8	   4.001856e+00   1.855902e-03   4.028913e+00   2.891317e-02   3.966058e+00  -3.394223e-02   4.031584e+00   3.158415e-02   3.966025e+00  -3.397453e-02
28.9	   3.984975e+00  -1.502540e-02   4.043065e+00   4.306467e-02   3.954923e+00  -4.507740e-02   4.044041e+00   4.404064e-02   3.952995e+00  -4.700528e-02
29	   3.969576e+00  -3.042405e-02   4.054607e+00   5.460701e-02   3.943612e+00  -5.638789e-02   4.054900e+00   5.489953e-02   3.943767e+00  -5.623300e-02
29.1	   3.957156e+00  -4.284371e-02   4.056954e+00   5.695406e-02   3.939492e+00  -6.050798e-02   4.060764e+00   6.076392e-02   3.938924e+00  -6.107583e-02
29.2	   3.946487e+00  -5.351334e-02   4.060011e+00   6.001108e-02   3.940349e+00  -5.965102e-02   4.061027e+00   6.102650e-02   3.938533e+00  -6.146745e-02
29.3	   3.943946e+00  -5.605351e-02   4.056935e+00   5.693534e-02   3.948598e+00  -5.140220e-02   4.056605e+00   5.660521e-02   3.942310e+00  -5.769004e-02
29.4	   3.941364e+00  -5.863635e-02   4.045381e+00   4.538054e-02   3.953671e+00  -4.632909e-02   4.048011e+00   4.801080e-02   3.950173e+00  -4.982732e-02
29.5	   3.948575e+00  -5.142529e-02   4.032856e+00   3.285574e-02   3.966949e+00  -3.305070e-02   4.034967e+00   3.496717e-02   3.961920e+00  -3.808004e-02
29.6	   3.960109e+00  -3.989106e-02   4.017838e+00   1.783829e-02   3.980009e+00  -1.999138e-02   4.018844e+00   1.884374e-02   3.976671e+00  -2.332945e-02
29.7	   3.973923e+00  -2.607676e-02   4.002642e+00   2.642097e-03   3.995629e+00  -4.370524e-03   3.999811e+00  -1.893414e-04   3.993763e+00  -6.237049e-03
29.8	   3.988335e+00  -1.166495e-02   3.984489e+00  -1.551095e-02   4.013772e+00   1.377186e-02   3.979407e+00  -2.059273e-02   4.011337e+00   1.133715e-02
29.9	   3.999023e+00  -9.772415e-04   3.970221e+00  -2.977921e-02   4.029233e+00   2.923264e-02   3.964421e+00  -3.557891e-02   4.028601e+00   2.860053e-02
30	   4.016681e+00   1.668069e-02   3.957088e+00  -4.291158e-02   4.043594e+00   4.359442e-02   3.952820e+00  -4.717980e-02   4.043862e+00   4.386220e-02
30.1	   4.030653e+00   3.065349e-02   3.948691e+00  -5.130875e-02   4.055436e+00   5.543645e-02   3.944941e+00  -5.505873e-02   4.055831e+00   5.583063e-02
30.2	   4.042883e+00   4.288294e-02   3.946013e+00  -5.398653e-02   4.062061e+00   6.206061e-02   3.938125e+00  -6.187479e-02   4.063236e+00   6.323596e-02
30.3	   4.049670e+00   4.966993e-02   3.946503e+00  -5.349670e-02   4.061322e+00   6.132219e-02   3.939172e+00  -6.082769e-02   4.065056e+00   6.505566e-02
30.4	   4.051401e+00   5.140091e-02   3.951079e+00  -4.892055e-02   4.057123e+00   5.712324e-02   3.945177e+00  -5.482336e-02   4.061346e+00   6.134580e-02
30.5	   4.056103e+00   5.610272e-02   3.959065e+00  -4.093456e-02   4.051625e+00   5.162498e-02   3.949876e+00  -5.012364e-02   4.052514e+00   5.251363e-02
30.6	   4.049902e+00   4.990216e-02   3.964338e+00  -3.566153e-02   4.038538e+00   3.853823e-02   3.966637e+00  -3.336330e-02   4.037829e+00   3.782912e-02
30.7	   4.044251e+00   4.425066e-02   3.987111e+00  -1.288928e-02   4.020315e+00   2.031518e-02   3.977314e+00  -2.268587e-02   4.020245e+00   2.024508e-02
30.8	   4.037674e+00   3.767405e-02   4.000639e+00   6.389475e-04   4.002234e+00   2.233794e-03   3.996647e+00  -3.353403e-03   4.001552e+00   1.552171e-03
30.9	   4.022453e+00   2.245284e-02   4.017867e+00   1.786669e-02   3.986541e+00  -1.345855e-02   4.016033e+00   1.603306e-02   3.984393e+00  -1.560654e-02
31	   4.001466e+00   1.465783e-03   4.034413e+00   3.441264e-02   3.967931e+00  -3.206866e-02   4.030281e+00   3.028091e-02   3.966902e+00  -3.309784e-02
31.1	   3.980021e+00  -1.997909e-02   4.045317e+00   4.531713e-02   3.954569e+00  -4.543086e-02   4.046157e+00   4.615690e-02   3.953555e+00  -4.644549e-02
31.2	   3.968075e+00  -3.192517e-02   4.053827e+00   5.382677e-02   3.947742e+00  -5.225814e-02   4.058015e+00   5.801493e-02   3.945447e+00  -5.455270e-02
31.3	   3.957148e+00  -4.285213e-02   4.059447e+00   5.944665e-02   3.942262e+00  -5.773849e-02   4.064068e+00   6.406839e-02   3.940153e+00  -5.984659e-02
31.4	   3.948655e+00  -5.134499e-02   4.057572e+00   5.757184e-02   3.941228e+00  -5.877242e-02   4.066160e+00   6.615977e-02   3.938798e+00  -6.120165e-02
31.5	   3.945863e+00  -5.413684e-02   4.053116e+00   5.311570e-02   3.949419e+00  -5.058069e-02   4.061883e+00   6.188262e-02   3.942410e+00  -5.759038e-02
31.6	   3.941516e+00  -5.848357e-02   4.040742e+00   4.074242e-02   3.952134e+00  -4.786629e-02   4.052838e+00   5.283816e-02   3.950780e+00  -4.922037e-02
31.7	   3.947182e+00  -5.281848e-02   4.028611e+00   2.861088e-02   3.963820e+00  -3.618012e-02   4.037639e+00   3.763855e-02   3.960336e+00  -3.966378e-02
31.8	   3.949141e+00  -5.085862e-02   4.010415e+00   1.041543e-02   3.979395e+00  -2.060500e-02   4.023785e+00   2.378494e-02   3.974843e+00  -2.515738e-02
31.9	   3.958269e+00  -4.173100e-02   3.989923e+00  -1.007670e-02   3.999621e+00  -3.790099e-04   4.006074e+00   6.074375e-03   3.995136e+00  -4.864288e-03
32	   3.975401e+00  -2.459877e-02   3.973428e+00  -2.657240e-02   4.016436e+00   1.643633e-02   3.986152e+00  -1.384804e-02   4.009690e+00   9.689993e-03
32.1	   3.990087e+00  -9.912584e-03   3.960315e+00  -3.968543e-02   4.029026e+00   2.902634e-02   3.969454e+00  -3.054628e-02   4.027681e+00   2.768130e-02
32.2	   4.013023e+00   1.302301e-02   3.953246e+00  -4.675388e-02   4.047377e+00   4.737709e-02   3.957509e+00  -4.249055e-02   4.046897e+00   4.689668e-02
32.3	   4.031254e+00   3.125421e-02   3.947400e+00  -5.259963e-02   4.058083e+00   5.808266e-02   3.946804e+00  -5.319559e-02   4.057520e+00   5.751988e-02
32.4	   4.044849e+00   4.484892e-02   3.941496e+00  -5.850383e-02   4.057045e+00   5.704490e-02   3.941099e+00  -5.890061e-02   4.063718e+00   6.371818e-02
32.5	   4.051396e+00   5.139614e-02   3.941723e+00  -5.827729e-02   4.057076e+00   5.707611e-02   3.938622e+00  -6.137802e-02   4.067662e+00   6.766216e-02
32.6	   4.055288e+00   5.528796e-02   3.943972e+00  -5.602771e-02   4.047758e+00   4.775762e-02   3.943022e+00  -5.697815e-02   4.061466e+00   6.146644e-02
32.7	   4.055209e+00   5.520945e-02   3.951848e+00  -4.815175e-02   4.042045e+00   4.204507e-02   3.950836e+00  -4.916407e-02   4.054432e+00   5.443226e-02
32.8	   4.051985e+00   5.198529e-02   3.957739e+00  -4.226112e-02   4.035540e+00   3.553955e-02   3.960493e+00  -3.950711e-02   4.044765e+00   4.476454e-02
32.9	   4.045558e+00   4.555761e-02   3.986988e+00  -1.301233e-02   4.016169e+00   1.616900e-02   3.981721e+00  -1.827909e-02   4.028325e+00   2.832535e-02
33	   4.026075e+00   2.607464e-02   4.000489e+00   4.892499e-04   3.996737e+00  -3.262602e-03   3.991020e+00  -8.979901e-03   4.008248e+00   8.247985e-03
33.1	   4.015274e+00   1.527401e-02   4.015821e+00   1.582057e-02   3.977636e+00  -2.236415e-02   4.008564e+00   8.563847e-03   3.989815e+00  -1.018486e-02
33.2	   4.000642e+00   6.423644e-04   4.021917e+00   2.191736e-02   3.963849e+00  -3.615077e-02   4.025340e+00   2.534001e-02   3.974009e+00  -2.599053e-02
33.3	   3.984299e+00  -1.570073e-02   4.035772e+00   3.577163e-02   3.950196e+00  -4.980421e-02   4.036042e+00   3.604162e-02   3.957329e+00  -4.267055e-02
33.4	   3.970116e+00  -2.988361e-02   4.055320e+00   5.532032e-02   3.940503e+00  -5.949677e-02   4.047847e+00   4.784668e-02   3.947108e+00  -5.289227e-02
33.5	   3.957052e+00  -4.294818e-02   4.062869e+00   6.286888e-02   3.938548e+00  -6.145212e-02   4.055371e+00   5.537125e-02   3.942660e+00  -5.734010e-02
33.6	   3.951125e+00  -4.887483e-02   4.063086e+00   6.308568e-02   3.940791e+00  -5.920934e-02   4.060344e+00   6.034446e-02   3.938104e+00  -6.189582e-02
33.7	   3.939780e+00  -6.021999e-02   4.067769e+00   6.776860e-02   3.947669e+00  -5.233085e-02   4.062108e+00   6.210823e-02   3.940663e+00  -5.933731e-02
33.8	   3.943607e+00  -5.639295e-02   4.052427e+00   5.242745e-02   3.949194e+00  -5.080587e-02   4.050954e+00   5.095448e-02   3.947138e+00  -5.286213e-02
33.9	   3.939972e+00  -6.002833e-02   4.032154e+00   3.215446e-02   3.959905e+00  -4.009542e-02   4.037932e+00   3.793228e-02   3.955608e+00  -4.439191e-02
34	   3.951172e+00  -4.882794e-02   4.016274e+00   1.627362e-02   3.984663e+00  -1.533737e-02   4.021236e+00   2.123612e-02   3.972701e+00  -2.729937e-02
34.1	   3.967876e+00  -3.212429e-02   3.997480e+00  -2.520146e-03   4.000519e+00   5.193626e-04   3.999737e+00  -2.627836e-04   3.987974e+00  -1.202636e-02
34.2	   3.981599e+00  -1.840058e-02   3.979763e+00  -2.023712e-02   4.014084e+00   1.408352e-02   3.981014e+00  -1.898557e-02   4.004949e+00   4.948693e-03
34.3	   3.993244e+00  -6.755852e-03   3.960977e+00  -3.902251e-02   4.031360e+00   3.135991e-02   3.965626e+00  -3.437449e-02   4.019063e+00   1.906263e-02
34.4	   4.010738e+00   1.073797e-02   3.946206e+00  -5.379361e-02   4.040287e+00   4.028668e-02   3.958961e+00  -4.103950e-02   4.028445e+00   2.844467e-02
34.5	   4.026790e+00   2.678959e-02   3.941654e+00  -5.834602e-02   4.053644e+00   5.364356e-02   3.946057e+00  -5.394304e-02   4.040365e+00   4.036451e-02
34.6	   4.045042e+00   4.504188e-02   3.930870e+00  -6.912962e-02   4.063459e+00   6.345940e-02   3.940829e+00  -5.917107e-02   4.049929e+00   4.992937e-02
34.7	   4.051352e+00   5.135212e-02   3.928162e+00  -7.183779e-02   4.063817e+00   6.381737e-02   3.933254e+00  -6.674562e-02   4.062918e+00   6.291811e-02
34.8	   4.057575e+00   5.757497e-02   3.942577e+00  -5.742314e-02   4.062729e+00   6.272929e-02   3.939150e+00  -6.085010e-02   4.060517e+00   6.051719e-02
34.9	   4.058336e+00   5.833610e-02   3.955634e+00  -4.436613e-02   4.051321e+00   5.132095e-02   3.952878e+00  -4.712199e-02   4.052173e+00   5.217275e-02
35	   4.054582e+00   5.458154e-02   3.966172e+00  -3.382830e-02   4.034308e+00   3.430843e-02   3.957493e+00  -4.250709e-02   4.038621e+00   3.862105e-02
