           0.1	(   7.556740e-01   0.000000e+00  2.973918e-05) (   3.778370e+00   0.000000e+00  5.916396e-06) (   7.556740e+00   0.000000e+00  1.340484e-06) (   1.133511e+01   0.000000e+00  3.181816e-07) (   1.511348e+01   0.000000e+00  7.593302e-08) 
0.2	(   7.556740e-01   0.000000e+00  1.897752e-04) (   3.778370e+00   0.000000e+00  3.556206e-05) (   7.556740e+00   0.000000e+00  8.028746e-06) (   1.133511e+01   0.000000e+00  1.918885e-06) (   1.511348e+01   0.000000e+00  4.618837e-07) 
0.3	(   7.556740e-01   0.000000e+00  5.596554e-04) (   3.778370e+00   0.000000e+00  1.014119e-04) (   7.556740e+00   0.000000e+00  2.295825e-05) (   1.133511e+01   0.000000e+00  5.540567e-06) (   1.511348e+01   0.000000e+00  1.348059e-06) 
0.4	(   7.556740e-01   0.000000e+00  1.182112e-03) (   3.778370e+00   0.000000e+00  2.097911e-04) (   7.556740e+00   0.000000e+00  4.785719e-05) (   1.133511e+01   0.000000e+00  1.170323e-05) (   1.511348e+01   0.000000e+00  2.887081e-06) 
0.5	(   7.556740e-01   0.000000e+00  2.055942e-03) (   3.778370e+00   0.000000e+00  3.611825e-04) (   7.556740e+00   0.000000e+00  8.341693e-05) (   1.133511e+01   0.000000e+00  2.075138e-05) (   1.511348e+01   0.000000e+00  5.207873e-06) 
0.6	(   7.556740e-01   0.000000e+00  3.139042e-03) (   3.778370e+00   0.000000e+00  5.534439e-04) (   7.556740e+00   0.000000e+00  1.300562e-04) (   1.133511e+01   0.000000e+00  3.304008e-05) (   1.511348e+01   0.000000e+00  8.462362e-06) 
0.7	(   7.556740e-01   0.000000e+00  4.354916e-03) (   3.778370e+00   0.000000e+00  7.862014e-04) (   7.556740e+00   0.000000e+00  1.889491e-04) (   1.133511e+01   0.000000e+00  4.918314e-05) (   1.511348e+01   0.000000e+00  1.288760e-05) 
0.8	(   7.556740e-01   0.000000e+00  5.544812e-03) (   3.778370e+00   0.000000e+00  1.051769e-03) (   7.556740e+00   0.000000e+00  2.599382e-04) (   1.133511e+01   0.000000e+00  6.956472e-05) (   1.511348e+01   0.000000e+00  1.869362e-05) 
0.9	(   7.556740e-01   0.000000e+00  6.473089e-03) (   3.778370e+00   0.000000e+00  1.336834e-03) (   7.556740e+00   0.000000e+00  3.419156e-04) (   1.133511e+01   0.000000e+00  9.442270e-05) (   1.511348e+01   0.000000e+00  2.608518e-05) 
1	(   7.556740e-01   0.000000e+00  6.873594e-03) (   3.778370e+00   0.000000e+00  1.628874e-03) (   7.556740e+00   0.000000e+00  4.342543e-04) (   1.133511e+01   0.000000e+00  1.241727e-04) (   1.511348e+01   0.000000e+00  3.533950e-05) 
1.1	(   7.556740e-01   0.000000e+00  6.441225e-03) (   3.778370e+00   0.000000e+00  1.904495e-03) (   7.556740e+00   0.000000e+00  5.340285e-04) (   1.133511e+01   0.000000e+00  1.587426e-04) (   1.511348e+01   0.000000e+00  4.664992e-05) 
1.2	(   7.556740e-01   0.000000e+00  4.930320e-03) (   3.778370e+00   0.000000e+00  2.138619e-03) (   7.556740e+00   0.000000e+00  6.379893e-04) (   1.133511e+01   0.000000e+00  1.980186e-04) (   1.511348e+01   0.000000e+00  6.022624e-05) 
1.3	(   7.556740e-01   0.000000e+00  2.232393e-03) (   3.778370e+00   0.000000e+00  2.302912e-03) (   7.556740e+00   0.000000e+00  7.420742e-04) (   1.133511e+01   0.000000e+00  2.417167e-04) (   1.511348e+01   0.000000e+00  7.625972e-05) 
1.4	(   7.556740e-01   0.000000e+00 -1.564290e-03) (   3.778370e+00   0.000000e+00  2.365457e-03) (   7.556740e+00   0.000000e+00  8.412350e-04) (   1.133511e+01   0.000000e+00  2.892905e-04) (   1.511348e+01   0.000000e+00  9.489706e-05) 
1.5	(   7.556740e-01   0.000000e+00 -6.123322e-03) (   3.778370e+00   0.000000e+00  2.298000e-03) (   7.556740e+00   0.000000e+00  9.308123e-04) (   1.133511e+01   0.000000e+00  3.402243e-04) (   1.511348e+01   0.000000e+00  1.163089e-04) 
1.6	(   7.556740e-01   0.000000e+00 -1.093049e-02) (   3.778370e+00   0.000000e+00  2.070082e-03) (   7.556740e+00   0.000000e+00  1.004750e-03) (   1.133511e+01   0.000000e+00  3.935437e-04) (   1.511348e+01   0.000000e+00  1.405639e-04) 
1.7	(   7.556740e-01   0.000000e+00 -1.534010e-02) (   3.778370e+00   0.000000e+00  1.667740e-03) (   7.556740e+00   0.000000e+00  1.059497e-03) (   1.133511e+01   0.000000e+00  4.487111e-04) (   1.511348e+01   0.000000e+00  1.678357e-04) 
1.8	(   7.556740e-01   0.000000e+00 -1.883616e-02) (   3.778370e+00   0.000000e+00  1.062444e-03) (   7.556740e+00   0.000000e+00  1.086464e-03) (   1.133511e+01   0.000000e+00  5.037758e-04) (   1.511348e+01   0.000000e+00  1.979416e-04) 
1.9	(   7.556740e-01   0.000000e+00 -2.095627e-02) (   3.778370e+00   0.000000e+00  2.462791e-04) (   7.556740e+00   0.000000e+00  1.079692e-03) (   1.133511e+01   0.000000e+00  5.571203e-04) (   1.511348e+01   0.000000e+00  2.307451e-04) 
2	(   7.556740e-01   0.000000e+00 -2.133884e-02) (   3.778370e+00   0.000000e+00 -7.907389e-04) (   7.556740e+00   0.000000e+00  1.029879e-03) (   1.133511e+01   0.000000e+00  6.059845e-04) (   1.511348e+01   0.000000e+00  2.657791e-04) 
2.1	(   7.556740e-01   0.000000e+00 -1.958128e-02) (   3.778370e+00   0.000000e+00 -2.016962e-03) (   7.556740e+00   0.000000e+00  9.342214e-04) (   1.133511e+01   0.000000e+00  6.487057e-04) (   1.511348e+01   0.000000e+00  3.027610e-04) 
2.2	(   7.556740e-01   0.000000e+00 -1.561950e-02) (   3.778370e+00   0.000000e+00 -3.404483e-03) (   7.556740e+00   0.000000e+00  7.853346e-04) (   1.133511e+01   0.000000e+00  6.820670e-04) (   1.511348e+01   0.000000e+00  3.409273e-04) 
2.3	(   7.556740e-01   0.000000e+00 -9.733943e-03) (   3.778370e+00   0.000000e+00 -4.902771e-03) (   7.556740e+00   0.000000e+00  5.768662e-04) (   1.133511e+01   0.000000e+00  7.025201e-04) (   1.511348e+01   0.000000e+00  3.793093e-04) 
2.4	(   7.556740e-01   0.000000e+00 -2.432661e-03) (   3.778370e+00   0.000000e+00 -6.434713e-03) (   7.556740e+00   0.000000e+00  3.043224e-04) (   1.133511e+01   0.000000e+00  7.063482e-04) (   1.511348e+01   0.000000e+00  4.167294e-04) 
2.5	(   7.556740e-01   0.000000e+00  5.684311e-03) (   3.778370e+00   0.000000e+00 -7.896047e-03) (   7.556740e+00   0.000000e+00 -3.458785e-05) (   1.133511e+01   0.000000e+00  6.896208e-04) (   1.511348e+01   0.000000e+00  4.517754e-04) 
2.6	(   7.556740e-01   0.000000e+00  1.391794e-02) (   3.778370e+00   0.000000e+00 -9.152715e-03) (   7.556740e+00   0.000000e+00 -4.385460e-04) (   1.133511e+01   0.000000e+00  6.486270e-04) (   1.511348e+01   0.000000e+00  4.828518e-04) 
2.7	(   7.556740e-01   0.000000e+00  2.154063e-02) (   3.778370e+00   0.000000e+00 -1.004210e-02) (   7.556740e+00   0.000000e+00 -9.009067e-04) (   1.133511e+01   0.000000e+00  5.802953e-04) (   1.511348e+01   0.000000e+00  5.082635e-04) 
2.8	(   7.556740e-01   0.000000e+00  2.780429e-02) (   3.778370e+00   0.000000e+00 -1.041061e-02) (   7.556740e+00   0.000000e+00 -1.415885e-03) (   1.133511e+01   0.000000e+00  4.807670e-04) (   1.511348e+01   0.000000e+00  5.258439e-04) 
2.9	(   7.556740e-01   0.000000e+00  3.218026e-02) (   3.778370e+00   0.000000e+00 -1.008367e-02) (   7.556740e+00   0.000000e+00 -1.966705e-03) (   1.133511e+01   0.000000e+00  3.482991e-04) (   1.511348e+01   0.000000e+00  5.336239e-04) 
3	(   7.556740e-01   0.000000e+00  3.424012e-02) (   3.778370e+00   0.000000e+00 -8.898087e-03) (   7.556740e+00   0.000000e+00 -2.531830e-03) (   1.133511e+01   0.000000e+00  1.820232e-04) (   1.511348e+01   0.000000e+00  5.295653e-04) 
3.1	(   7.556740e-01   0.000000e+00  3.360976e-02) (   3.778370e+00   0.000000e+00 -6.763165e-03) (   7.556740e+00   0.000000e+00 -3.089457e-03) (   1.133511e+01   0.000000e+00 -1.911399e-05) (   1.511348e+01   0.000000e+00  5.112132e-04) 
3.2	(   7.556740e-01   0.000000e+00  3.015474e-02) (   3.778370e+00   0.000000e+00 -3.665964e-03) (   7.556740e+00   0.000000e+00 -3.610349e-03) (   1.133511e+01   0.000000e+00 -2.541321e-04) (   1.511348e+01   0.000000e+00  4.763989e-04) 
3.3	(   7.556740e-01   0.000000e+00  2.393754e-02) (   3.778370e+00   0.000000e+00  3.051499e-04) (   7.556740e+00   0.000000e+00 -4.061785e-03) (   1.133511e+01   0.000000e+00 -5.206222e-04) (   1.511348e+01   0.000000e+00  4.230603e-04) 
3.4	(   7.556740e-01   0.000000e+00  1.519368e-02) (   3.778370e+00   0.000000e+00  4.948458e-03) (   7.556740e+00   0.000000e+00 -4.407173e-03) (   1.133511e+01   0.000000e+00 -8.142435e-04) (   1.511348e+01   0.000000e+00  3.494253e-04) 
3.5	(   7.556740e-01   0.000000e+00  4.384193e-03) (   3.778370e+00   0.000000e+00  9.939877e-03) (   7.556740e+00   0.000000e+00 -4.607351e-03) (   1.133511e+01   0.000000e+00 -1.128533e-03) (   1.511348e+01   0.000000e+00  2.541410e-04) 
3.6	(   7.556740e-01   0.000000e+00 -7.781007e-03) (   3.778370e+00   0.000000e+00  1.484889e-02) (   7.556740e+00   0.000000e+00 -4.624222e-03) (   1.133511e+01   0.000000e+00 -1.455152e-03) (   1.511348e+01   0.000000e+00  1.363261e-04) 
3.7	(   7.556740e-01   0.000000e+00 -2.037743e-02) (   3.778370e+00   0.000000e+00  1.918791e-02) (   7.556740e+00   0.000000e+00 -4.419132e-03) (   1.133511e+01   0.000000e+00 -1.783163e-03) (   1.511348e+01   0.000000e+00 -4.093860e-06) 
3.8	(   7.556740e-01   0.000000e+00 -3.233752e-02) (   3.778370e+00   0.000000e+00  2.243741e-02) (   7.556740e+00   0.000000e+00 -3.962401e-03) (   1.133511e+01   0.000000e+00 -2.099678e-03) (   1.511348e+01   0.000000e+00 -1.665172e-04) 
3.9	(   7.556740e-01   0.000000e+00 -4.234560e-02) (   3.778370e+00   0.000000e+00  2.412611e-02) (   7.556740e+00   0.000000e+00 -3.231057e-03) (   1.133511e+01   0.000000e+00 -2.389437e-03) (   1.511348e+01   0.000000e+00 -3.492555e-04) 
4	(   7.556740e-01   0.000000e+00 -4.923613e-02) (   3.778370e+00   0.000000e+00  2.387496e-02) (   7.556740e+00   0.000000e+00 -2.215568e-03) (   1.133511e+01   0.000000e+00 -2.635938e-03) (   1.511348e+01   0.000000e+00 -5.496220e-04) 
4.1	(   7.556740e-01   0.000000e+00 -5.204122e-02) (   3.778370e+00   0.000000e+00  2.140742e-02) (   7.556740e+00   0.000000e+00 -9.290393e-04) (   1.133511e+01   0.000000e+00 -2.823017e-03) (   1.511348e+01   0.000000e+00 -7.641139e-04) 
4.2	(   7.556740e-01   0.000000e+00 -5.023336e-02) (   3.778370e+00   0.000000e+00  1.666354e-02) (   7.556740e+00   0.000000e+00  5.995156e-04) (   1.133511e+01   0.000000e+00 -2.933111e-03) (   1.511348e+01   0.000000e+00 -9.878184e-04) 
4.3	(   7.556740e-01   0.000000e+00 -4.370859e-02) (   3.778370e+00   0.000000e+00  9.811839e-03) (   7.556740e+00   0.000000e+00  2.321042e-03) (   1.133511e+01   0.000000e+00 -2.948597e-03) (   1.511348e+01   0.000000e+00 -1.214499e-03) 
4.4	(   7.556740e-01   0.000000e+00 -3.292984e-02) (   3.778370e+00   0.000000e+00  1.235996e-03) (   7.556740e+00   0.000000e+00  4.155699e-03) (   1.133511e+01   0.000000e+00 -2.854424e-03) (   1.511348e+01   0.000000e+00 -1.437158e-03) 
4.5	(   7.556740e-01   0.000000e+00 -1.901881e-02) (   3.778370e+00   0.000000e+00 -8.446910e-03) (   7.556740e+00   0.000000e+00  5.999863e-03) (   1.133511e+01   0.000000e+00 -2.638849e-03) (   1.511348e+01   0.000000e+00 -1.647616e-03) 
4.6	(   7.556740e-01   0.000000e+00 -3.296289e-03) (   3.778370e+00   0.000000e+00 -1.842994e-02) (   7.556740e+00   0.000000e+00  7.725295e-03) (   1.133511e+01   0.000000e+00 -2.294953e-03) (   1.511348e+01   0.000000e+00 -1.837196e-03) 
4.7	(   7.556740e-01   0.000000e+00  1.279566e-02) (   3.778370e+00   0.000000e+00 -2.775923e-02) (   7.556740e+00   0.000000e+00  9.190145e-03) (   1.133511e+01   0.000000e+00 -1.820369e-03) (   1.511348e+01   0.000000e+00 -1.996588e-03) 
4.8	(   7.556740e-01   0.000000e+00  2.780252e-02) (   3.778370e+00   0.000000e+00 -3.542016e-02) (   7.556740e+00   0.000000e+00  1.024440e-02) (   1.133511e+01   0.000000e+00 -1.219099e-03) (   1.511348e+01   0.000000e+00 -2.116218e-03) 
4.9	(   7.556740e-01   0.000000e+00  4.068192e-02) (   3.778370e+00   0.000000e+00 -4.046081e-02) (   7.556740e+00   0.000000e+00  1.073902e-02) (   1.133511e+01   0.000000e+00 -5.020290e-04) (   1.511348e+01   0.000000e+00 -2.186531e-03) 
5	(   7.556740e-01   0.000000e+00  5.039801e-02) (   3.778370e+00   0.000000e+00 -4.223901e-02) (   7.556740e+00   0.000000e+00  1.053873e-02) (   1.133511e+01   0.000000e+00  3.107725e-04) (   1.511348e+01   0.000000e+00 -2.198933e-03) 
5.1	(   7.556740e-01   0.000000e+00  5.619570e-02) (   3.778370e+00   0.000000e+00 -4.038602e-02) (   7.556740e+00   0.000000e+00  9.538421e-03) (   1.133511e+01   0.000000e+00  1.192363e-03) (   1.511348e+01   0.000000e+00 -2.145388e-03) 
5.2	(   7.556740e-01   0.000000e+00  5.750857e-02) (   3.778370e+00   0.000000e+00 -3.495665e-02) (   7.556740e+00   0.000000e+00  7.669096e-03) (   1.133511e+01   0.000000e+00  2.105738e-03) (   1.511348e+01   0.000000e+00 -2.020023e-03) 
5.3	(   7.556740e-01   0.000000e+00  5.434570e-02) (   3.778370e+00   0.000000e+00 -2.631564e-02) (   7.556740e+00   0.000000e+00  4.927436e-03) (   1.133511e+01   0.000000e+00  3.008385e-03) (   1.511348e+01   0.000000e+00 -1.818584e-03) 
5.4	(   7.556740e-01   0.000000e+00  4.679847e-02) (   3.778370e+00   0.000000e+00 -1.517864e-02) (   7.556740e+00   0.000000e+00  1.359021e-03) (   1.133511e+01   0.000000e+00  3.846363e-03) (   1.511348e+01   0.000000e+00 -1.540597e-03) 
5.5	(   7.556740e-01   0.000000e+00  3.541326e-02) (   3.778370e+00   0.000000e+00 -2.426119e-03) (   7.556740e+00   0.000000e+00 -2.903206e-03) (   1.133511e+01   0.000000e+00  4.564099e-03) (   1.511348e+01   0.000000e+00 -1.188393e-03) 
5.6	(   7.556740e-01   0.000000e+00  2.091624e-02) (   3.778370e+00   0.000000e+00  1.092917e-02) (   7.556740e+00   0.000000e+00 -7.652004e-03) (   1.133511e+01   0.000000e+00  5.102851e-03) (   1.511348e+01   0.000000e+00 -7.680620e-04) 
5.7	(   7.556740e-01   0.000000e+00  4.351048e-03) (   3.778370e+00   0.000000e+00  2.382397e-02) (   7.556740e+00   0.000000e+00 -1.258740e-02) (   1.133511e+01   0.000000e+00  5.404492e-03) (   1.511348e+01   0.000000e+00 -2.897033e-04) 
5.8	(   7.556740e-01   0.000000e+00 -1.280973e-02) (   3.778370e+00   0.000000e+00  3.521114e-02) (   7.556740e+00   0.000000e+00 -1.733380e-02) (   1.133511e+01   0.000000e+00  5.415326e-03) (   1.511348e+01   0.000000e+00  2.323186e-04) 
5.9	(   7.556740e-01   0.000000e+00 -2.911574e-02) (   3.778370e+00   0.000000e+00  4.415754e-02) (   7.556740e+00   0.000000e+00 -2.145979e-02) (   1.133511e+01   0.000000e+00  5.089256e-03) (   1.511348e+01   0.000000e+00  7.795674e-04) 
6	(   7.556740e-01   0.000000e+00 -4.325267e-02) (   3.778370e+00   0.000000e+00  4.989112e-02) (   7.556740e+00   0.000000e+00 -2.450044e-02) (   1.133511e+01   0.000000e+00  4.394026e-03) (   1.511348e+01   0.000000e+00  1.329708e-03) 
6.1	(   7.556740e-01   0.000000e+00 -5.399124e-02) (   3.778370e+00   0.000000e+00  5.187648e-02) (   7.556740e+00   0.000000e+00 -2.601069e-02) (   1.133511e+01   0.000000e+00  3.313889e-03) (   1.511348e+01   0.000000e+00  1.856927e-03) 
6.2	(   7.556740e-01   0.000000e+00 -6.021404e-02) (   3.778370e+00   0.000000e+00  4.983974e-02) (   7.556740e+00   0.000000e+00 -2.561622e-02) (   1.133511e+01   0.000000e+00  1.855659e-03) (   1.511348e+01   0.000000e+00  2.332851e-03) 
6.3	(   7.556740e-01   0.000000e+00 -6.142706e-02) (   3.778370e+00   0.000000e+00  4.376524e-02) (   7.556740e+00   0.000000e+00 -2.306196e-02) (   1.133511e+01   0.000000e+00  4.977902e-05) (   1.511348e+01   0.000000e+00  2.727376e-03) 
6.4	(   7.556740e-01   0.000000e+00 -5.715868e-02) (   3.778370e+00   0.000000e+00  3.394952e-02) (   7.556740e+00   0.000000e+00 -1.829251e-02) (   1.133511e+01   0.000000e+00 -2.044611e-03) (   1.511348e+01   0.000000e+00  3.010505e-03) 
6.5	(   7.556740e-01   0.000000e+00 -4.797109e-02) (   3.778370e+00   0.000000e+00  2.095963e-02) (   7.556740e+00   0.000000e+00 -1.148306e-02) (   1.133511e+01   0.000000e+00 -4.340700e-03) (   1.511348e+01   0.000000e+00  3.153648e-03) 
6.6	(   7.556740e-01   0.000000e+00 -3.460937e-02) (   3.778370e+00   0.000000e+00  5.658323e-03) (   7.556740e+00   0.000000e+00 -3.045030e-03) (   1.133511e+01   0.000000e+00 -6.722169e-03) (   1.511348e+01   0.000000e+00  3.131123e-03) 
6.7	(   7.556740e-01   0.000000e+00 -1.874833e-02) (   3.778370e+00   0.000000e+00 -1.082828e-02) (   7.556740e+00   0.000000e+00  6.401122e-03) (   1.133511e+01   0.000000e+00 -9.045314e-03) (   1.511348e+01   0.000000e+00  2.921593e-03) 
6.8	(   7.556740e-01   0.000000e+00 -1.895212e-03) (   3.778370e+00   0.000000e+00 -2.716784e-02) (   7.556740e+00   0.000000e+00  1.608794e-02) (   1.133511e+01   0.000000e+00 -1.114626e-02) (   1.511348e+01   0.000000e+00  2.511105e-03) 
6.9	(   7.556740e-01   0.000000e+00  1.469743e-02) (   3.778370e+00   0.000000e+00 -4.188013e-02) (   7.556740e+00   0.000000e+00  2.516992e-02) (   1.133511e+01   0.000000e+00 -1.285070e-02) (   1.511348e+01   0.000000e+00  1.894228e-03) 
7	(   7.556740e-01   0.000000e+00  2.992009e-02) (   3.778370e+00   0.000000e+00 -5.343259e-02) (   7.556740e+00   0.000000e+00  3.281524e-02) (   1.133511e+01   0.000000e+00 -1.397910e-02) (   1.511348e+01   0.000000e+00  1.075807e-03) 
7.1	(   7.556740e-01   0.000000e+00  4.266924e-02) (   3.778370e+00   0.000000e+00 -6.040978e-02) (   7.556740e+00   0.000000e+00  3.828058e-02) (   1.133511e+01   0.000000e+00 -1.436534e-02) (   1.511348e+01   0.000000e+00  7.244698e-05) 
7.2	(   7.556740e-01   0.000000e+00  5.195461e-02) (   3.778370e+00   0.000000e+00 -6.187154e-02) (   7.556740e+00   0.000000e+00  4.096369e-02) (   1.133511e+01   0.000000e+00 -1.387177e-02) (   1.511348e+01   0.000000e+00 -1.086811e-03) 
7.3	(   7.556740e-01   0.000000e+00  5.688303e-02) (   3.778370e+00   0.000000e+00 -5.759680e-02) (   7.556740e+00   0.000000e+00  4.045805e-02) (   1.133511e+01   0.000000e+00 -1.240700e-02) (   1.511348e+01   0.000000e+00 -2.360175e-03) 
7.4	(   7.556740e-01   0.000000e+00  5.716204e-02) (   3.778370e+00   0.000000e+00 -4.814924e-02) (   7.556740e+00   0.000000e+00  3.657515e-02) (   1.133511e+01   0.000000e+00 -9.943083e-03) (   1.511348e+01   0.000000e+00 -3.693508e-03) 
7.5	(   7.556740e-01   0.000000e+00  5.319377e-02) (   3.778370e+00   0.000000e+00 -3.456514e-02) (   7.556740e+00   0.000000e+00  2.941956e-02) (   1.133511e+01   0.000000e+00 -6.518617e-03) (   1.511348e+01   0.000000e+00 -5.018935e-03) 
7.6	(   7.556740e-01   0.000000e+00  4.514300e-02) (   3.778370e+00   0.000000e+00 -1.829856e-02) (   7.556740e+00   0.000000e+00  1.932662e-02) (   1.133511e+01   0.000000e+00 -2.262256e-03) (   1.511348e+01   0.000000e+00 -6.260139e-03) 
7.7	(   7.556740e-01   0.000000e+00  3.375239e-02) (   3.778370e+00   0.000000e+00 -8.327513e-04) (   7.556740e+00   0.000000e+00  6.923201e-03) (   1.133511e+01   0.000000e+00  2.616052e-03) (   1.511348e+01   0.000000e+00 -7.334026e-03) 
7.8	(   7.556740e-01   0.000000e+00  1.939740e-02) (   3.778370e+00   0.000000e+00  1.626699e-02) (   7.556740e+00   0.000000e+00 -6.910198e-03) (   1.133511e+01   0.000000e+00  7.821818e-03) (   1.511348e+01   0.000000e+00 -8.157200e-03) 
7.9	(   7.556740e-01   0.000000e+00  3.052346e-03) (   3.778370e+00   0.000000e+00  3.164467e-02) (   7.556740e+00   0.000000e+00 -2.104676e-02) (   1.133511e+01   0.000000e+00  1.300576e-02) (   1.511348e+01   0.000000e+00 -8.647636e-03) 
8	(   7.556740e-01   0.000000e+00 -1.388746e-02) (   3.778370e+00   0.000000e+00  4.417458e-02) (   7.556740e+00   0.000000e+00 -3.418752e-02) (   1.133511e+01   0.000000e+00  1.777841e-02) (   1.511348e+01   0.000000e+00 -8.732311e-03) 
8.1	(   7.556740e-01   0.000000e+00 -2.991945e-02) (   3.778370e+00   0.000000e+00  5.299203e-02) (   7.556740e+00   0.000000e+00 -4.500135e-02) (   1.133511e+01   0.000000e+00  2.173578e-02) (   1.511348e+01   0.000000e+00 -8.351372e-03) 
8.2	(   7.556740e-01   0.000000e+00 -4.360090e-02) (   3.778370e+00   0.000000e+00  5.755232e-02) (   7.556740e+00   0.000000e+00 -5.226850e-02) (   1.133511e+01   0.000000e+00  2.449675e-02) (   1.511348e+01   0.000000e+00 -7.467135e-03) 
8.3	(   7.556740e-01   0.000000e+00 -5.376921e-02) (   3.778370e+00   0.000000e+00  5.761317e-02) (   7.556740e+00   0.000000e+00 -5.510066e-02) (   1.133511e+01   0.000000e+00  2.572502e-02) (   1.511348e+01   0.000000e+00 -6.069144e-03) 
8.4	(   7.556740e-01   0.000000e+00 -5.937097e-02) (   3.778370e+00   0.000000e+00  5.321750e-02) (   7.556740e+00   0.000000e+00 -5.309514e-02) (   1.133511e+01   0.000000e+00  2.516473e-02) (   1.511348e+01   0.000000e+00 -4.178955e-03) 
8.5	(   7.556740e-01   0.000000e+00 -6.042994e-02) (   3.778370e+00   0.000000e+00  4.467743e-02) (   7.556740e+00   0.000000e+00 -4.638141e-02) (   1.133511e+01   0.000000e+00  2.265785e-02) (   1.511348e+01   0.000000e+00 -1.854529e-03) 
8.6	(   7.556740e-01   0.000000e+00 -5.660874e-02) (   3.778370e+00   0.000000e+00  3.256572e-02) (   7.556740e+00   0.000000e+00 -3.560342e-02) (   1.133511e+01   0.000000e+00  1.817744e-02) (   1.511348e+01   0.000000e+00  8.129349e-04) 
8.7	(   7.556740e-01   0.000000e+00 -4.810532e-02) (   3.778370e+00   0.000000e+00  1.768439e-02) (   7.556740e+00   0.000000e+00 -2.177737e-02) (   1.133511e+01   0.000000e+00  1.184161e-02) (   1.511348e+01   0.000000e+00  3.695626e-03) 
8.8	(   7.556740e-01   0.000000e+00 -3.530325e-02) (   3.778370e+00   0.000000e+00  1.099350e-03) (   7.556740e+00   0.000000e+00 -6.151779e-03) (   1.133511e+01   0.000000e+00  3.923465e-03) (   1.511348e+01   0.000000e+00  6.633759e-03) 
8.9	(   7.556740e-01   0.000000e+00 -1.911488e-02) (   3.778370e+00   0.000000e+00 -1.588639e-02) (   7.556740e+00   0.000000e+00  9.931020e-03) (   1.133511e+01   0.000000e+00 -5.140159e-03) (   1.511348e+01   0.000000e+00  9.447447e-03) 
9	(   7.556740e-01   0.000000e+00 -1.572941e-03) (   3.778370e+00   0.000000e+00 -3.182906e-02) (   7.556740e+00   0.000000e+00  2.517416e-02) (   1.133511e+01   0.000000e+00 -1.474237e-02) (   1.511348e+01   0.000000e+00  1.194013e-02) 
9.1	(   7.556740e-01   0.000000e+00  1.528634e-02) (   3.778370e+00   0.000000e+00 -4.536309e-02) (   7.556740e+00   0.000000e+00  3.839490e-02) (   1.133511e+01   0.000000e+00 -2.414064e-02) (   1.511348e+01   0.000000e+00  1.391455e-02) 
9.2	(   7.556740e-01   0.000000e+00  3.021748e-02) (   3.778370e+00   0.000000e+00 -5.527195e-02) (   7.556740e+00   0.000000e+00  4.860793e-02) (   1.133511e+01   0.000000e+00 -3.248405e-02) (   1.511348e+01   0.000000e+00  1.518333e-02) 
9.3	(   7.556740e-01   0.000000e+00  4.269188e-02) (   3.778370e+00   0.000000e+00 -6.064194e-02) (   7.556740e+00   0.000000e+00  5.506072e-02) (   1.133511e+01   0.000000e+00 -3.890033e-02) (   1.511348e+01   0.000000e+00  1.558434e-02) 
9.4	(   7.556740e-01   0.000000e+00  5.185458e-02) (   3.778370e+00   0.000000e+00 -6.095798e-02) (   7.556740e+00   0.000000e+00  5.723209e-02) (   1.133511e+01   0.000000e+00 -4.257893e-02) (   1.511348e+01   0.000000e+00  1.499008e-02) 
9.5	(   7.556740e-01   0.000000e+00  5.714211e-02) (   3.778370e+00   0.000000e+00 -5.602406e-02) (   7.556740e+00   0.000000e+00  5.489348e-02) (   1.133511e+01   0.000000e+00 -4.289453e-02) (   1.511348e+01   0.000000e+00  1.332459e-02) 
9.6	(   7.556740e-01   0.000000e+00  5.761057e-02) (   3.778370e+00   0.000000e+00 -4.636597e-02) (   7.556740e+00   0.000000e+00  4.806216e-02) (   1.133511e+01   0.000000e+00 -3.951035e-02) (   1.511348e+01   0.000000e+00  1.057424e-02) 
9.7	(   7.556740e-01   0.000000e+00  5.341408e-02) (   3.778370e+00   0.000000e+00 -3.285234e-02) (   7.556740e+00   0.000000e+00  3.710933e-02) (   1.133511e+01   0.000000e+00 -3.248455e-02) (   1.511348e+01   0.000000e+00  6.798396e-03) 
9.8	(   7.556740e-01   0.000000e+00  4.498906e-02) (   3.778370e+00   0.000000e+00 -1.675042e-02) (   7.556740e+00   0.000000e+00  2.270525e-02) (   1.133511e+01   0.000000e+00 -2.228802e-02) (   1.511348e+01   0.000000e+00  2.134012e-03) 
9.9	(   7.556740e-01   0.000000e+00  3.296390e-02) (   3.778370e+00   0.000000e+00  4.071735e-04) (   7.556740e+00   0.000000e+00  5.839330e-03) (   1.133511e+01   0.000000e+00 -9.761144e-03) (   1.511348e+01   0.000000e+00 -3.201942e-03) 
10	(   7.556740e-01   0.000000e+00  1.866854e-02) (   3.778370e+00   0.000000e+00  1.715370e-02) (   7.556740e+00   0.000000e+00 -1.215150e-02) (   1.133511e+01   0.000000e+00  3.996012e-03) (   1.511348e+01   0.000000e+00 -8.913964e-03) 
10.1	(   7.556740e-01   0.000000e+00  2.673374e-03) (   3.778370e+00   0.000000e+00  3.205115e-02) (   7.556740e+00   0.000000e+00 -2.969608e-02) (   1.133511e+01   0.000000e+00  1.777022e-02) (   1.511348e+01   0.000000e+00 -1.463595e-02) 
10.2	(   7.556740e-01   0.000000e+00 -1.428492e-02) (   3.778370e+00   0.000000e+00  4.402799e-02) (   7.556740e+00   0.000000e+00 -4.506794e-02) (   1.133511e+01   0.000000e+00  3.036211e-02) (   1.511348e+01   0.000000e+00 -1.994532e-02) 
10.3	(   7.556740e-01   0.000000e+00 -3.060479e-02) (   3.778370e+00   0.000000e+00  5.235555e-02) (   7.556740e+00   0.000000e+00 -5.661139e-02) (   1.133511e+01   0.000000e+00  4.070611e-02) (   1.511348e+01   0.000000e+00 -2.439507e-02) 
10.4	(   7.556740e-01   0.000000e+00 -4.406178e-02) (   3.778370e+00   0.000000e+00  5.658025e-02) (   7.556740e+00   0.000000e+00 -6.304086e-02) (   1.133511e+01   0.000000e+00  4.792864e-02) (   1.511348e+01   0.000000e+00 -2.754392e-02) 
10.5	(   7.556740e-01   0.000000e+00 -5.360350e-02) (   3.778370e+00   0.000000e+00  5.651327e-02) (   7.556740e+00   0.000000e+00 -6.368592e-02) (   1.133511e+01   0.000000e+00  5.139420e-02) (   1.511348e+01   0.000000e+00 -2.899766e-02) 
10.6	(   7.556740e-01   0.000000e+00 -5.903768e-02) (   3.778370e+00   0.000000e+00  5.219848e-02) (   7.556740e+00   0.000000e+00 -5.854584e-02) (   1.133511e+01   0.000000e+00  5.074623e-02) (   1.511348e+01   0.000000e+00 -2.845599e-02) 
10.7	(   7.556740e-01   0.000000e+00 -5.988359e-02) (   3.778370e+00   0.000000e+00  4.390451e-02) (   7.556740e+00   0.000000e+00 -4.832251e-02) (   1.133511e+01   0.000000e+00  4.590129e-02) (   1.511348e+01   0.000000e+00 -2.575819e-02) 
10.8	(   7.556740e-01   0.000000e+00 -5.609702e-02) (   3.778370e+00   0.000000e+00  3.212663e-02) (   7.556740e+00   0.000000e+00 -3.420456e-02) (   1.133511e+01   0.000000e+00  3.707948e-02) (   1.511348e+01   0.000000e+00 -2.092850e-02) 
10.9	(   7.556740e-01   0.000000e+00 -4.812472e-02) (   3.778370e+00   0.000000e+00  1.757753e-02) (   7.556740e+00   0.000000e+00 -1.763281e-02) (   1.133511e+01   0.000000e+00  2.479866e-02) (   1.511348e+01   0.000000e+00 -1.418314e-02) 
11	(   7.556740e-01   0.000000e+00 -3.556481e-02) (   3.778370e+00   0.000000e+00  1.229558e-03) (   7.556740e+00   0.000000e+00 -1.246849e-04) (   1.133511e+01   0.000000e+00  9.880702e-03) (   1.511348e+01   0.000000e+00 -5.930795e-03) 
11.1	(   7.556740e-01   0.000000e+00 -1.925930e-02) (   3.778370e+00   0.000000e+00 -1.566192e-02) (   7.556740e+00   0.000000e+00  1.686034e-02) (   1.133511e+01   0.000000e+00 -6.549605e-03) (   1.511348e+01   0.000000e+00  3.257673e-03) 
11.2	(   7.556740e-01   0.000000e+00 -1.423311e-03) (   3.778370e+00   0.000000e+00 -3.166130e-02) (   7.556740e+00   0.000000e+00  3.203705e-02) (   1.133511e+01   0.000000e+00 -2.311932e-02) (   1.511348e+01   0.000000e+00  1.269629e-02) 
11.3	(   7.556740e-01   0.000000e+00  1.535632e-02) (   3.778370e+00   0.000000e+00 -4.539315e-02) (   7.556740e+00   0.000000e+00  4.431135e-02) (   1.133511e+01   0.000000e+00 -3.831011e-02) (   1.511348e+01   0.000000e+00  2.164652e-02) 
11.4	(   7.556740e-01   0.000000e+00  3.063643e-02) (   3.778370e+00   0.000000e+00 -5.528507e-02) (   7.556740e+00   0.000000e+00  5.293965e-02) (   1.133511e+01   0.000000e+00 -5.058140e-02) (   1.511348e+01   0.000000e+00  2.937916e-02) 
11.5	(   7.556740e-01   0.000000e+00  4.304016e-02) (   3.778370e+00   0.000000e+00 -6.059475e-02) (   7.556740e+00   0.000000e+00  5.737412e-02) (   1.133511e+01   0.000000e+00 -5.861348e-02) (   1.511348e+01   0.000000e+00  3.522036e-02) 
11.6	(   7.556740e-01   0.000000e+00  5.174788e-02) (   3.778370e+00   0.000000e+00 -6.096059e-02) (   7.556740e+00   0.000000e+00  5.736605e-02) (   1.133511e+01   0.000000e+00 -6.148813e-02) (   1.511348e+01   0.000000e+00  3.861901e-02) 
11.7	(   7.556740e-01   0.000000e+00  5.665573e-02) (   3.778370e+00   0.000000e+00 -5.618488e-02) (   7.556740e+00   0.000000e+00  5.298266e-02) (   1.133511e+01   0.000000e+00 -5.884030e-02) (   1.511348e+01   0.000000e+00  3.917486e-02) 
11.8	(   7.556740e-01   0.000000e+00  5.682925e-02) (   3.778370e+00   0.000000e+00 -4.673518e-02) (   7.556740e+00   0.000000e+00  4.450703e-02) (   1.133511e+01   0.000000e+00 -5.093717e-02) (   1.511348e+01   0.000000e+00  3.665650e-02) 
11.9	(   7.556740e-01   0.000000e+00  5.276814e-02) (   3.778370e+00   0.000000e+00 -3.322673e-02) (   7.556740e+00   0.000000e+00  3.255873e-02) (   1.133511e+01   0.000000e+00 -3.859712e-02) (   1.511348e+01   0.000000e+00  3.104778e-02) 
12	(   7.556740e-01   0.000000e+00  4.479888e-02) (   3.778370e+00   0.000000e+00 -1.688160e-02) (   7.556740e+00   0.000000e+00  1.795715e-02) (   1.133511e+01   0.000000e+00 -2.307916e-02) (   1.511348e+01   0.000000e+00  2.254956e-02) 
12.1	(   7.556740e-01   0.000000e+00  3.363198e-02) (   3.778370e+00   0.000000e+00  7.424640e-04) (   7.556740e+00   0.000000e+00  1.707380e-03) (   1.133511e+01   0.000000e+00 -5.850798e-03) (   1.511348e+01   0.000000e+00  1.159943e-02) 
12.2	(   7.556740e-01   0.000000e+00  1.871433e-02) (   3.778370e+00   0.000000e+00  1.763343e-02) (   7.556740e+00   0.000000e+00 -1.510929e-02) (   1.133511e+01   0.000000e+00  1.156137e-02) (   1.511348e+01   0.000000e+00 -1.125046e-03) 
12.3	(   7.556740e-01   0.000000e+00  2.686338e-03) (   3.778370e+00   0.000000e+00  3.265287e-02) (   7.556740e+00   0.000000e+00 -3.110642e-02) (   1.133511e+01   0.000000e+00  2.777902e-02) (   1.511348e+01   0.000000e+00 -1.469771e-02) 
12.4	(   7.556740e-01   0.000000e+00 -1.389300e-02) (   3.778370e+00   0.000000e+00  4.463901e-02) (   7.556740e+00   0.000000e+00 -4.492652e-02) (   1.133511e+01   0.000000e+00  4.157067e-02) (   1.511348e+01   0.000000e+00 -2.799729e-02) 
12.5	(   7.556740e-01   0.000000e+00 -3.009036e-02) (   3.778370e+00   0.000000e+00  5.280213e-02) (   7.556740e+00   0.000000e+00 -5.526247e-02) (   1.133511e+01   0.000000e+00  5.194152e-02) (   1.511348e+01   0.000000e+00 -3.978650e-02) 
12.6	(   7.556740e-01   0.000000e+00 -4.349000e-02) (   3.778370e+00   0.000000e+00  5.673904e-02) (   7.556740e+00   0.000000e+00 -6.099899e-02) (   1.133511e+01   0.000000e+00  5.816259e-02) (   1.511348e+01   0.000000e+00 -4.880054e-02) 
12.7	(   7.556740e-01   0.000000e+00 -5.277266e-02) (   3.778370e+00   0.000000e+00  5.635090e-02) (   7.556740e+00   0.000000e+00 -6.146315e-02) (   1.133511e+01   0.000000e+00  5.980202e-02) (   1.511348e+01   0.000000e+00 -5.390174e-02) 
12.8	(   7.556740e-01   0.000000e+00 -5.833613e-02) (   3.778370e+00   0.000000e+00  5.176193e-02) (   7.556740e+00   0.000000e+00 -5.656939e-02) (   1.133511e+01   0.000000e+00  5.670449e-02) (   1.511348e+01   0.000000e+00 -5.431226e-02) 
12.9	(   7.556740e-01   0.000000e+00 -5.990199e-02) (   3.778370e+00   0.000000e+00  4.332655e-02) (   7.556740e+00   0.000000e+00 -4.687755e-02) (   1.133511e+01   0.000000e+00  4.902282e-02) (   1.511348e+01   0.000000e+00 -4.973457e-02) 
13	(   7.556740e-01   0.000000e+00 -5.683016e-02) (   3.778370e+00   0.000000e+00  3.156681e-02) (   7.556740e+00   0.000000e+00 -3.340191e-02) (   1.133511e+01   0.000000e+00  3.720682e-02) (   1.511348e+01   0.000000e+00 -4.047713e-02) 
13.1	(   7.556740e-01   0.000000e+00 -4.904334e-02) (   3.778370e+00   0.000000e+00  1.718440e-02) (   7.556740e+00   0.000000e+00 -1.745572e-02) (   1.133511e+01   0.000000e+00  2.201566e-02) (   1.511348e+01   0.000000e+00 -2.739698e-02) 
13.2	(   7.556740e-01   0.000000e+00 -3.583768e-02) (   3.778370e+00   0.000000e+00  1.143604e-03) (   7.556740e+00   0.000000e+00 -4.400754e-04) (   1.133511e+01   0.000000e+00  4.538457e-03) (   1.511348e+01   0.000000e+00 -1.176490e-02) 
13.3	(   7.556740e-01   0.000000e+00 -1.833309e-02) (   3.778370e+00   0.000000e+00 -1.534023e-02) (   7.556740e+00   0.000000e+00  1.627063e-02) (   1.133511e+01   0.000000e+00 -1.381436e-02) (   1.511348e+01   0.000000e+00  4.930331e-03) 
13.4	(   7.556740e-01   0.000000e+00 -8.223338e-04) (   3.778370e+00   0.000000e+00 -3.120407e-02) (   7.556740e+00   0.000000e+00  3.133951e-02) (   1.133511e+01   0.000000e+00 -3.141575e-02) (   1.511348e+01   0.000000e+00  2.118575e-02) 
13.5	(   7.556740e-01   0.000000e+00  1.553765e-02) (   3.778370e+00   0.000000e+00 -4.484240e-02) (   7.556740e+00   0.000000e+00  4.373060e-02) (   1.133511e+01   0.000000e+00 -4.654688e-02) (   1.511348e+01   0.000000e+00  3.561995e-02) 
13.6	(   7.556740e-01   0.000000e+00  2.989384e-02) (   3.778370e+00   0.000000e+00 -5.501877e-02) (   7.556740e+00   0.000000e+00  5.255982e-02) (   1.133511e+01   0.000000e+00 -5.763077e-02) (   1.511348e+01   0.000000e+00  4.708729e-02) 
13.7	(   7.556740e-01   0.000000e+00  4.287964e-02) (   3.778370e+00   0.000000e+00 -6.039158e-02) (   7.556740e+00   0.000000e+00  5.727213e-02) (   1.133511e+01   0.000000e+00 -6.346187e-02) (   1.511348e+01   0.000000e+00  5.470949e-02) 
13.8	(   7.556740e-01   0.000000e+00  5.217142e-02) (   3.778370e+00   0.000000e+00 -6.064432e-02) (   7.556740e+00   0.000000e+00  5.748923e-02) (   1.133511e+01   0.000000e+00 -6.350255e-02) (   1.511348e+01   0.000000e+00  5.791665e-02) 
13.9	(   7.556740e-01   0.000000e+00  5.733618e-02) (   3.778370e+00   0.000000e+00 -5.569668e-02) (   7.556740e+00   0.000000e+00  5.323898e-02) (   1.133511e+01   0.000000e+00 -5.788555e-02) (   1.511348e+01   0.000000e+00  5.645443e-02) 
14	(   7.556740e-01   0.000000e+00  5.851286e-02) (   3.778370e+00   0.000000e+00 -4.601048e-02) (   7.556740e+00   0.000000e+00  4.490012e-02) (   1.133511e+01   0.000000e+00 -4.740467e-02) (   1.511348e+01   0.000000e+00  5.035644e-02) 
14.1	(   7.556740e-01   0.000000e+00  5.431296e-02) (   3.778370e+00   0.000000e+00 -3.276330e-02) (   7.556740e+00   0.000000e+00  3.298744e-02) (   1.133511e+01   0.000000e+00 -3.330373e-02) (   1.511348e+01   0.000000e+00  3.999337e-02) 
14.2	(   7.556740e-01   0.000000e+00  4.547109e-02) (   3.778370e+00   0.000000e+00 -1.688714e-02) (   7.556740e+00   0.000000e+00  1.834752e-02) (   1.133511e+01   0.000000e+00 -1.701103e-02) (   1.511348e+01   0.000000e+00  2.603315e-02) 
14.3	(   7.556740e-01   0.000000e+00  3.314498e-02) (   3.778370e+00   0.000000e+00  4.188320e-04) (   7.556740e+00   0.000000e+00  2.020116e-03) (   1.133511e+01   0.000000e+00  5.378034e-05) (   1.511348e+01   0.000000e+00  9.456742e-03) 
14.4	(   7.556740e-01   0.000000e+00  1.900026e-02) (   3.778370e+00   0.000000e+00  1.766816e-02) (   7.556740e+00   0.000000e+00 -1.477412e-02) (   1.133511e+01   0.000000e+00  1.655591e-02) (   1.511348e+01   0.000000e+00 -8.447853e-03) 
14.5	(   7.556740e-01   0.000000e+00  3.208557e-03) (   3.778370e+00   0.000000e+00  3.309645e-02) (   7.556740e+00   0.000000e+00 -3.075981e-02) (   1.133511e+01   0.000000e+00  3.131801e-02) (   1.511348e+01   0.000000e+00 -2.616855e-02) 
14.6	(   7.556740e-01   0.000000e+00 -1.388937e-02) (   3.778370e+00   0.000000e+00  4.528804e-02) (   7.556740e+00   0.000000e+00 -4.460924e-02) (   1.133511e+01   0.000000e+00  4.337600e-02) (   1.511348e+01   0.000000e+00 -4.208176e-02) 
14.7	(   7.556740e-01   0.000000e+00 -3.063241e-02) (   3.778370e+00   0.000000e+00  5.339158e-02) (   7.556740e+00   0.000000e+00 -5.501156e-02) (   1.133511e+01   0.000000e+00  5.199224e-02) (   1.511348e+01   0.000000e+00 -5.459932e-02) 
14.8	(   7.556740e-01   0.000000e+00 -4.440428e-02) (   3.778370e+00   0.000000e+00  5.704651e-02) (   7.556740e+00   0.000000e+00 -6.086181e-02) (   1.133511e+01   0.000000e+00  5.664326e-02) (   1.511348e+01   0.000000e+00 -6.238615e-02) 
14.9	(   7.556740e-01   0.000000e+00 -5.385521e-02) (   3.778370e+00   0.000000e+00  5.630830e-02) (   7.556740e+00   0.000000e+00 -6.146470e-02) (   1.133511e+01   0.000000e+00  5.707896e-02) (   1.511348e+01   0.000000e+00 -6.459704e-02) 
15	(   7.556740e-01   0.000000e+00 -5.935116e-02) (   3.778370e+00   0.000000e+00  5.150071e-02) (   7.556740e+00   0.000000e+00 -5.665972e-02) (   1.133511e+01   0.000000e+00  5.324929e-02) (   1.511348e+01   0.000000e+00 -6.098551e-02) 
15.1	(   7.556740e-01   0.000000e+00 -6.019150e-02) (   3.778370e+00   0.000000e+00  4.309528e-02) (   7.556740e+00   0.000000e+00 -4.691608e-02) (   1.133511e+01   0.000000e+00  4.537085e-02) (   1.511348e+01   0.000000e+00 -5.198179e-02) 
15.2	(   7.556740e-01   0.000000e+00 -5.592738e-02) (   3.778370e+00   0.000000e+00  3.160086e-02) (   7.556740e+00   0.000000e+00 -3.321943e-02) (   1.133511e+01   0.000000e+00  3.390029e-02) (   1.511348e+01   0.000000e+00 -3.857109e-02) 
15.3	(   7.556740e-01   0.000000e+00 -4.784269e-02) (   3.778370e+00   0.000000e+00  1.755993e-02) (   7.556740e+00   0.000000e+00 -1.695452e-02) (   1.133511e+01   0.000000e+00  1.954546e-02) (   1.511348e+01   0.000000e+00 -2.212932e-02) 
15.4	(   7.556740e-01   0.000000e+00 -3.566378e-02) (   3.778370e+00   0.000000e+00  1.711355e-03) (   7.556740e+00   0.000000e+00  3.371811e-04) (   1.133511e+01   0.000000e+00  3.277250e-03) (   1.511348e+01   0.000000e+00 -4.199248e-03) 
15.5	(   7.556740e-01   0.000000e+00 -1.949582e-02) (   3.778370e+00   0.000000e+00 -1.493627e-02) (   7.556740e+00   0.000000e+00  1.711831e-02) (   1.133511e+01   0.000000e+00 -1.369729e-02) (   1.511348e+01   0.000000e+00  1.367057e-02) 
15.6	(   7.556740e-01   0.000000e+00 -1.660541e-03) (   3.778370e+00   0.000000e+00 -3.105497e-02) (   7.556740e+00   0.000000e+00  3.204917e-02) (   1.133511e+01   0.000000e+00 -2.997536e-02) (   1.511348e+01   0.000000e+00  3.006365e-02) 
15.7	(   7.556740e-01   0.000000e+00  1.536923e-02) (   3.778370e+00   0.000000e+00 -4.507626e-02) (   7.556740e+00   0.000000e+00  4.410490e-02) (   1.133511e+01   0.000000e+00 -4.411940e-02) (   1.511348e+01   0.000000e+00  4.376009e-02) 
15.8	(   7.556740e-01   0.000000e+00  3.011155e-02) (   3.778370e+00   0.000000e+00 -5.549034e-02) (   7.556740e+00   0.000000e+00  5.254455e-02) (   1.133511e+01   0.000000e+00 -5.476422e-02) (   1.511348e+01   0.000000e+00  5.381142e-02) 
15.9	(   7.556740e-01   0.000000e+00  4.250116e-02) (   3.778370e+00   0.000000e+00 -6.117237e-02) (   7.556740e+00   0.000000e+00  5.690465e-02) (   1.133511e+01   0.000000e+00 -6.082707e-02) (   1.511348e+01   0.000000e+00  5.955293e-02) 
16	(   7.556740e-01   0.000000e+00  5.195849e-02) (   3.778370e+00   0.000000e+00 -6.160165e-02) (   7.556740e+00   0.000000e+00  5.696728e-02) (   1.133511e+01   0.000000e+00 -6.166280e-02) (   1.511348e+01   0.000000e+00  6.061428e-02) 
16.1	(   7.556740e-01   0.000000e+00  5.694829e-02) (   3.778370e+00   0.000000e+00 -5.670148e-02) (   7.556740e+00   0.000000e+00  5.270062e-02) (   1.133511e+01   0.000000e+00 -5.716704e-02) (   1.511348e+01   0.000000e+00  5.691528e-02) 
16.2	(   7.556740e-01   0.000000e+00  5.795698e-02) (   3.778370e+00   0.000000e+00 -4.671941e-02) (   7.556740e+00   0.000000e+00  4.443848e-02) (   1.133511e+01   0.000000e+00 -4.778684e-02) (   1.511348e+01   0.000000e+00  4.870237e-02) 
16.3	(   7.556740e-01   0.000000e+00  5.425719e-02) (   3.778370e+00   0.000000e+00 -3.304265e-02) (   7.556740e+00   0.000000e+00  3.266117e-02) (   1.133511e+01   0.000000e+00 -3.445368e-02) (   1.511348e+01   0.000000e+00  3.647985e-02) 
16.4	(   7.556740e-01   0.000000e+00  4.493913e-02) (   3.778370e+00   0.000000e+00 -1.718968e-02) (   7.556740e+00   0.000000e+00  1.804178e-02) (   1.133511e+01   0.000000e+00 -1.846373e-02) (   1.511348e+01   0.000000e+00  2.108980e-02) 
16.5	(   7.556740e-01   0.000000e+00  3.270828e-02) (   3.778370e+00   0.000000e+00  1.770255e-04) (   7.556740e+00   0.000000e+00  1.699889e-03) (   1.133511e+01   0.000000e+00 -1.268080e-03) (   1.511348e+01   0.000000e+00  3.662877e-03) 
16.6	(   7.556740e-01   0.000000e+00  1.816267e-02) (   3.778370e+00   0.000000e+00  1.754082e-02) (   7.556740e+00   0.000000e+00 -1.514345e-02) (   1.133511e+01   0.000000e+00  1.564109e-02) (   1.511348e+01   0.000000e+00 -1.441487e-02) 
16.7	(   7.556740e-01   0.000000e+00  2.097188e-03) (   3.778370e+00   0.000000e+00  3.315405e-02) (   7.556740e+00   0.000000e+00 -3.109006e-02) (   1.133511e+01   0.000000e+00  3.091610e-02) (   1.511348e+01   0.000000e+00 -3.154761e-02) 
16.8	(   7.556740e-01   0.000000e+00 -1.461185e-02) (   3.778370e+00   0.000000e+00  4.539589e-02) (   7.556740e+00   0.000000e+00 -4.479676e-02) (   1.133511e+01   0.000000e+00  4.344556e-02) (   1.511348e+01   0.000000e+00 -4.612209e-02) 
16.9	(   7.556740e-01   0.000000e+00 -3.100776e-02) (   3.778370e+00   0.000000e+00  5.328607e-02) (   7.556740e+00   0.000000e+00 -5.506334e-02) (   1.133511e+01   0.000000e+00  5.238994e-02) (   1.511348e+01   0.000000e+00 -5.668695e-02) 
17	(   7.556740e-01   0.000000e+00 -4.493413e-02) (   3.778370e+00   0.000000e+00  5.658218e-02) (   7.556740e+00   0.000000e+00 -6.094126e-02) (   1.133511e+01   0.000000e+00  5.719107e-02) (   1.511348e+01   0.000000e+00 -6.220792e-02) 
17.1	(   7.556740e-01   0.000000e+00 -5.431074e-02) (   3.778370e+00   0.000000e+00  5.555002e-02) (   7.556740e+00   0.000000e+00 -6.178434e-02) (   1.133511e+01   0.000000e+00  5.759222e-02) (   1.511348e+01   0.000000e+00 -6.222453e-02) 
17.2	(   7.556740e-01   0.000000e+00 -5.920566e-02) (   3.778370e+00   0.000000e+00  5.074092e-02) (   7.556740e+00   0.000000e+00 -5.732888e-02) (   1.133511e+01   0.000000e+00  5.358793e-02) (   1.511348e+01   0.000000e+00 -5.688270e-02) 
17.3	(   7.556740e-01   0.000000e+00 -5.964240e-02) (   3.778370e+00   0.000000e+00  4.264700e-02) (   7.556740e+00   0.000000e+00 -4.787582e-02) (   1.133511e+01   0.000000e+00  4.546017e-02) (   1.511348e+01   0.000000e+00 -4.690856e-02) 
17.4	(   7.556740e-01   0.000000e+00 -5.501978e-02) (   3.778370e+00   0.000000e+00  3.154450e-02) (   7.556740e+00   0.000000e+00 -3.427053e-02) (   1.133511e+01   0.000000e+00  3.373045e-02) (   1.511348e+01   0.000000e+00 -3.341138e-02) 
17.5	(   7.556740e-01   0.000000e+00 -4.667305e-02) (   3.778370e+00   0.000000e+00  1.761927e-02) (   7.556740e+00   0.000000e+00 -1.784958e-02) (   1.133511e+01   0.000000e+00  1.916168e-02) (   1.511348e+01   0.000000e+00 -1.771047e-02) 
17.6	(   7.556740e-01   0.000000e+00 -3.527046e-02) (   3.778370e+00   0.000000e+00  1.430362e-03) (   7.556740e+00   0.000000e+00 -2.322179e-04) (   1.133511e+01   0.000000e+00  2.758020e-03) (   1.511348e+01   0.000000e+00 -1.139476e-03) 
17.7	(   7.556740e-01   0.000000e+00 -2.017831e-02) (   3.778370e+00   0.000000e+00 -1.578427e-02) (   7.556740e+00   0.000000e+00  1.689055e-02) (   1.133511e+01   0.000000e+00 -1.428372e-02) (   1.511348e+01   0.000000e+00  1.503075e-02) 
17.8	(   7.556740e-01   0.000000e+00 -2.306976e-03) (   3.778370e+00   0.000000e+00 -3.216613e-02) (   7.556740e+00   0.000000e+00  3.209166e-02) (   1.133511e+01   0.000000e+00 -3.059795e-02) (   1.511348e+01   0.000000e+00  2.966758e-02) 
17.9	(   7.556740e-01   0.000000e+00  1.540421e-02) (   3.778370e+00   0.000000e+00 -4.597120e-02) (   7.556740e+00   0.000000e+00  4.424620e-02) (   1.133511e+01   0.000000e+00 -4.476533e-02) (   1.511348e+01   0.000000e+00  4.180610e-02) 
18	(   7.556740e-01   0.000000e+00  3.064000e-02) (   3.778370e+00   0.000000e+00 -5.583331e-02) (   7.556740e+00   0.000000e+00  5.262426e-02) (   1.133511e+01   0.000000e+00 -5.541864e-02) (   1.511348e+01   0.000000e+00  5.068954e-02) 
18.1	(   7.556740e-01   0.000000e+00  4.293840e-02) (   3.778370e+00   0.000000e+00 -6.080117e-02) (   7.556740e+00   0.000000e+00  5.685513e-02) (   1.133511e+01   0.000000e+00 -6.143206e-02) (   1.511348e+01   0.000000e+00  5.576212e-02) 
18.2	(   7.556740e-01   0.000000e+00  5.193702e-02) (   3.778370e+00   0.000000e+00 -6.048427e-02) (   7.556740e+00   0.000000e+00  5.681147e-02) (   1.133511e+01   0.000000e+00 -6.213673e-02) (   1.511348e+01   0.000000e+00  5.670597e-02) 
18.3	(   7.556740e-01   0.000000e+00  5.719596e-02) (   3.778370e+00   0.000000e+00 -5.532416e-02) (   7.556740e+00   0.000000e+00  5.256725e-02) (   1.133511e+01   0.000000e+00 -5.744437e-02) (   1.511348e+01   0.000000e+00  5.340913e-02) 
18.4	(   7.556740e-01   0.000000e+00  5.854785e-02) (   3.778370e+00   0.000000e+00 -4.591023e-02) (   7.556740e+00   0.000000e+00  4.441462e-02) (   1.133511e+01   0.000000e+00 -4.787713e-02) (   1.511348e+01   0.000000e+00  4.600526e-02) 
18.5	(   7.556740e-01   0.000000e+00  5.629812e-02) (   3.778370e+00   0.000000e+00 -3.256435e-02) (   7.556740e+00   0.000000e+00  3.288809e-02) (   1.133511e+01   0.000000e+00 -3.441694e-02) (   1.511348e+01   0.000000e+00  3.488381e-02) 
18.6	(   7.556740e-01   0.000000e+00  4.829232e-02) (   3.778370e+00   0.000000e+00 -1.657938e-02) (   7.556740e+00   0.000000e+00  1.850592e-02) (   1.133511e+01   0.000000e+00 -1.839445e-02) (   1.511348e+01   0.000000e+00  2.069049e-02) 
18.7	(   7.556740e-01   0.000000e+00  3.668002e-02) (   3.778370e+00   0.000000e+00  1.181742e-03) (   7.556740e+00   0.000000e+00  2.308891e-03) (   1.133511e+01   0.000000e+00 -1.217488e-03) (   1.511348e+01   0.000000e+00  4.364994e-03) 
18.8	(   7.556740e-01   0.000000e+00  2.126347e-02) (   3.778370e+00   0.000000e+00  1.882150e-02) (   7.556740e+00   0.000000e+00 -1.456654e-02) (   1.133511e+01   0.000000e+00  1.566895e-02) (   1.511348e+01   0.000000e+00 -1.288401e-02) 
18.9	(   7.556740e-01   0.000000e+00  4.363286e-03) (   3.778370e+00   0.000000e+00  3.455926e-02) (   7.556740e+00   0.000000e+00 -3.065776e-02) (   1.133511e+01   0.000000e+00  3.093717e-02) (   1.511348e+01   0.000000e+00 -2.962319e-02) 
19	(   7.556740e-01   0.000000e+00 -1.249848e-02) (   3.778370e+00   0.000000e+00  4.677952e-02) (   7.556740e+00   0.000000e+00 -4.453095e-02) (   1.133511e+01   0.000000e+00  4.345664e-02) (   1.511348e+01   0.000000e+00 -4.431797e-02) 
19.1	(   7.556740e-01   0.000000e+00 -2.893815e-02) (   3.778370e+00   0.000000e+00  5.454538e-02) (   7.556740e+00   0.000000e+00 -5.488602e-02) (   1.133511e+01   0.000000e+00  5.237009e-02) (   1.511348e+01   0.000000e+00 -5.548649e-02) 
19.2	(   7.556740e-01   0.000000e+00 -4.406720e-02) (   3.778370e+00   0.000000e+00  5.779073e-02) (   7.556740e+00   0.000000e+00 -6.070644e-02) (   1.133511e+01   0.000000e+00  5.712234e-02) (   1.511348e+01   0.000000e+00 -6.191178e-02) 
19.3	(   7.556740e-01   0.000000e+00 -5.529678e-02) (   3.778370e+00   0.000000e+00  5.693175e-02) (   7.556740e+00   0.000000e+00 -6.138389e-02) (   1.133511e+01   0.000000e+00  5.746275e-02) (   1.511348e+01   0.000000e+00 -6.288461e-02) 
19.4	(   7.556740e-01   0.000000e+00 -6.097958e-02) (   3.778370e+00   0.000000e+00  5.246077e-02) (   7.556740e+00   0.000000e+00 -5.674759e-02) (   1.133511e+01   0.000000e+00  5.340913e-02) (   1.511348e+01   0.000000e+00 -5.830801e-02) 
19.5	(   7.556740e-01   0.000000e+00 -6.167468e-02) (   3.778370e+00   0.000000e+00  4.457943e-02) (   7.556740e+00   0.000000e+00 -4.710578e-02) (   1.133511e+01   0.000000e+00  4.529322e-02) (   1.511348e+01   0.000000e+00 -4.873362e-02) 
19.6	(   7.556740e-01   0.000000e+00 -5.685192e-02) (   3.778370e+00   0.000000e+00  3.321911e-02) (   7.556740e+00   0.000000e+00 -3.327909e-02) (   1.133511e+01   0.000000e+00  3.368458e-02) (   1.511348e+01   0.000000e+00 -3.520115e-02) 
19.7	(   7.556740e-01   0.000000e+00 -4.658471e-02) (   3.778370e+00   0.000000e+00  1.854757e-02) (   7.556740e+00   0.000000e+00 -1.661150e-02) (   1.133511e+01   0.000000e+00  1.936666e-02) (   1.511348e+01   0.000000e+00 -1.906326e-02) 
19.8	(   7.556740e-01   0.000000e+00 -3.336210e-02) (   3.778370e+00   0.000000e+00  1.674009e-03) (   7.556740e+00   0.000000e+00  1.227659e-03) (   1.133511e+01   0.000000e+00  3.323527e-03) (   1.511348e+01   0.000000e+00 -1.785653e-03) 
19.9	(   7.556740e-01   0.000000e+00 -1.876077e-02) (   3.778370e+00   0.000000e+00 -1.533552e-02) (   7.556740e+00   0.000000e+00  1.854076e-02) (   1.133511e+01   0.000000e+00 -1.333362e-02) (   1.511348e+01   0.000000e+00  1.521125e-02) 
20	(   7.556740e-01   0.000000e+00 -2.898493e-03) (   3.778370e+00   0.000000e+00 -3.073228e-02) (   7.556740e+00   0.000000e+00  3.382834e-02) (   1.133511e+01   0.000000e+00 -2.935155e-02) (   1.511348e+01   0.000000e+00  3.063544e-02) 
20.1	(   7.556740e-01   0.000000e+00  1.370564e-02) (   3.778370e+00   0.000000e+00 -4.401789e-02) (   7.556740e+00   0.000000e+00  4.597223e-02) (   1.133511e+01   0.000000e+00 -4.340811e-02) (   1.511348e+01   0.000000e+00  4.340225e-02) 
20.2	(   7.556740e-01   0.000000e+00  2.947494e-02) (   3.778370e+00   0.000000e+00 -5.466724e-02) (   7.556740e+00   0.000000e+00  5.416020e-02) (   1.133511e+01   0.000000e+00 -5.418837e-02) (   1.511348e+01   0.000000e+00  5.266169e-02) 
20.3	(   7.556740e-01   0.000000e+00  4.368970e-02) (   3.778370e+00   0.000000e+00 -6.076459e-02) (   7.556740e+00   0.000000e+00  5.808775e-02) (   1.133511e+01   0.000000e+00 -6.048664e-02) (   1.511348e+01   0.000000e+00  5.782702e-02) 
20.4	(   7.556740e-01   0.000000e+00  5.393071e-02) (   3.778370e+00   0.000000e+00 -6.100155e-02) (   7.556740e+00   0.000000e+00  5.765756e-02) (   1.133511e+01   0.000000e+00 -6.147306e-02) (   1.511348e+01   0.000000e+00  5.860732e-02) 
20.5	(   7.556740e-01   0.000000e+00  5.821820e-02) (   3.778370e+00   0.000000e+00 -5.592782e-02) (   7.556740e+00   0.000000e+00  5.299331e-02) (   1.133511e+01   0.000000e+00 -5.691646e-02) (   1.511348e+01   0.000000e+00  5.494057e-02) 
20.6	(   7.556740e-01   0.000000e+00  5.795131e-02) (   3.778370e+00   0.000000e+00 -4.660109e-02) (   7.556740e+00   0.000000e+00  4.458136e-02) (   1.133511e+01   0.000000e+00 -4.727540e-02) (   1.511348e+01   0.000000e+00  4.706307e-02) 
20.7	(   7.556740e-01   0.000000e+00  5.388939e-02) (   3.778370e+00   0.000000e+00 -3.408698e-02) (   7.556740e+00   0.000000e+00  3.301472e-02) (   1.133511e+01   0.000000e+00 -3.359697e-02) (   1.511348e+01   0.000000e+00  3.548890e-02) 
20.8	(   7.556740e-01   0.000000e+00  4.561437e-02) (   3.778370e+00   0.000000e+00 -1.887483e-02) (   7.556740e+00   0.000000e+00  1.884438e-02) (   1.133511e+01   0.000000e+00 -1.729933e-02) (   1.511348e+01   0.000000e+00  2.096514e-02) 
20.9	(   7.556740e-01   0.000000e+00  3.453725e-02) (   3.778370e+00   0.000000e+00 -1.127903e-03) (   7.556740e+00   0.000000e+00  2.940668e-03) (   1.133511e+01   0.000000e+00  1.123931e-04) (   1.511348e+01   0.000000e+00  4.525116e-03) 
21	(   7.556740e-01   0.000000e+00  2.044530e-02) (   3.778370e+00   0.000000e+00  1.710611e-02) (   7.556740e+00   0.000000e+00 -1.378850e-02) (   1.133511e+01   0.000000e+00  1.713387e-02) (   1.511348e+01   0.000000e+00 -1.259825e-02) 
21.1	(   7.556740e-01   0.000000e+00  3.367482e-03) (   3.778370e+00   0.000000e+00  3.337061e-02) (   7.556740e+00   0.000000e+00 -3.014669e-02) (   1.133511e+01   0.000000e+00  3.243460e-02) (   1.511348e+01   0.000000e+00 -2.901392e-02) 
21.2	(   7.556740e-01   0.000000e+00 -1.507224e-02) (   3.778370e+00   0.000000e+00  4.592336e-02) (   7.556740e+00   0.000000e+00 -4.459070e-02) (   1.133511e+01   0.000000e+00  4.489484e-02) (   1.511348e+01   0.000000e+00 -4.329322e-02) 
21.3	(   7.556740e-01   0.000000e+00 -3.139187e-02) (   3.778370e+00   0.000000e+00  5.408635e-02) (   7.556740e+00   0.000000e+00 -5.545655e-02) (   1.133511e+01   0.000000e+00  5.372148e-02) (   1.511348e+01   0.000000e+00 -5.412566e-02) 
21.4	(   7.556740e-01   0.000000e+00 -4.426052e-02) (   3.778370e+00   0.000000e+00  5.786913e-02) (   7.556740e+00   0.000000e+00 -6.140960e-02) (   1.133511e+01   0.000000e+00  5.837580e-02) (   1.511348e+01   0.000000e+00 -6.043792e-02) 
21.5	(   7.556740e-01   0.000000e+00 -5.451112e-02) (   3.778370e+00   0.000000e+00  5.747286e-02) (   7.556740e+00   0.000000e+00 -6.188934e-02) (   1.133511e+01   0.000000e+00  5.859738e-02) (   1.511348e+01   0.000000e+00 -6.155043e-02) 
21.6	(   7.556740e-01   0.000000e+00 -6.020747e-02) (   3.778370e+00   0.000000e+00  5.304367e-02) (   7.556740e+00   0.000000e+00 -5.708754e-02) (   1.133511e+01   0.000000e+00  5.437702e-02) (   1.511348e+01   0.000000e+00 -5.729260e-02) 
21.7	(   7.556740e-01   0.000000e+00 -5.940088e-02) (   3.778370e+00   0.000000e+00  4.463440e-02) (   7.556740e+00   0.000000e+00 -4.762298e-02) (   1.133511e+01   0.000000e+00  4.606501e-02) (   1.511348e+01   0.000000e+00 -4.807797e-02) 
21.8	(   7.556740e-01   0.000000e+00 -5.469951e-02) (   3.778370e+00   0.000000e+00  3.252064e-02) (   7.556740e+00   0.000000e+00 -3.420847e-02) (   1.133511e+01   0.000000e+00  3.418248e-02) (   1.511348e+01   0.000000e+00 -3.483150e-02) 
21.9	(   7.556740e-01   0.000000e+00 -4.744775e-02) (   3.778370e+00   0.000000e+00  1.751294e-02) (   7.556740e+00   0.000000e+00 -1.784672e-02) (   1.133511e+01   0.000000e+00  1.950300e-02) (   1.511348e+01   0.000000e+00 -1.886011e-02) 
22	(   7.556740e-01   0.000000e+00 -3.591898e-02) (   3.778370e+00   0.000000e+00  1.005642e-03) (   7.556740e+00   0.000000e+00 -3.952394e-05) (   1.133511e+01   0.000000e+00  3.042642e-03) (   1.511348e+01   0.000000e+00 -1.653565e-03) 
22.1	(   7.556740e-01   0.000000e+00 -2.001988e-02) (   3.778370e+00   0.000000e+00 -1.564538e-02) (   7.556740e+00   0.000000e+00  1.738298e-02) (   1.133511e+01   0.000000e+00 -1.400794e-02) (   1.511348e+01   0.000000e+00  1.530907e-02) 
22.2	(   7.556740e-01   0.000000e+00 -2.111925e-03) (   3.778370e+00   0.000000e+00 -3.161759e-02) (   7.556740e+00   0.000000e+00  3.275945e-02) (   1.133511e+01   0.000000e+00 -3.032499e-02) (   1.511348e+01   0.000000e+00  3.066283e-02) 
22.3	(   7.556740e-01   0.000000e+00  1.549812e-02) (   3.778370e+00   0.000000e+00 -4.577824e-02) (   7.556740e+00   0.000000e+00  4.487971e-02) (   1.133511e+01   0.000000e+00 -4.455008e-02) (   1.511348e+01   0.000000e+00  4.330136e-02) 
22.4	(   7.556740e-01   0.000000e+00  3.083776e-02) (   3.778370e+00   0.000000e+00 -5.617698e-02) (   7.556740e+00   0.000000e+00  5.310318e-02) (   1.133511e+01   0.000000e+00 -5.541290e-02) (   1.511348e+01   0.000000e+00  5.242188e-02) 
22.5	(   7.556740e-01   0.000000e+00  4.277424e-02) (   3.778370e+00   0.000000e+00 -6.145247e-02) (   7.556740e+00   0.000000e+00  5.713648e-02) (   1.133511e+01   0.000000e+00 -6.184777e-02) (   1.511348e+01   0.000000e+00  5.746670e-02) 
22.6	(   7.556740e-01   0.000000e+00  5.166144e-02) (   3.778370e+00   0.000000e+00 -6.121087e-02) (   7.556740e+00   0.000000e+00  5.699031e-02) (   1.133511e+01   0.000000e+00 -6.311689e-02) (   1.511348e+01   0.000000e+00  5.816685e-02) 
22.7	(   7.556740e-01   0.000000e+00  5.749787e-02) (   3.778370e+00   0.000000e+00 -5.508198e-02) (   7.556740e+00   0.000000e+00  5.287067e-02) (   1.133511e+01   0.000000e+00 -5.886157e-02) (   1.511348e+01   0.000000e+00  5.449904e-02) 
22.8	(   7.556740e-01   0.000000e+00  5.848661e-02) (   3.778370e+00   0.000000e+00 -4.452458e-02) (   7.556740e+00   0.000000e+00  4.496879e-02) (   1.133511e+01   0.000000e+00 -4.932738e-02) (   1.511348e+01   0.000000e+00  4.671657e-02) 
22.9	(   7.556740e-01   0.000000e+00  5.564885e-02) (   3.778370e+00   0.000000e+00 -3.154475e-02) (   7.556740e+00   0.000000e+00  3.363076e-02) (   1.133511e+01   0.000000e+00 -3.540757e-02) (   1.511348e+01   0.000000e+00  3.529392e-02) 
23	(   7.556740e-01   0.000000e+00  4.654771e-02) (   3.778370e+00   0.000000e+00 -1.708843e-02) (   7.556740e+00   0.000000e+00  1.929261e-02) (   1.133511e+01   0.000000e+00 -1.863347e-02) (   1.511348e+01   0.000000e+00  2.093180e-02) 
23.1	(   7.556740e-01   0.000000e+00  3.423256e-02) (   3.778370e+00   0.000000e+00 -3.627977e-04) (   7.556740e+00   0.000000e+00  2.953703e-03) (   1.133511e+01   0.000000e+00 -7.514848e-04) (   1.511348e+01   0.000000e+00  4.612173e-03) 
23.2	(   7.556740e-01   0.000000e+00  1.826094e-02) (   3.778370e+00   0.000000e+00  1.697452e-02) (   7.556740e+00   0.000000e+00 -1.428450e-02) (   1.133511e+01   0.000000e+00  1.653267e-02) (   1.511348e+01   0.000000e+00 -1.248733e-02) 
23.3	(   7.556740e-01   0.000000e+00  1.179121e-03) (   3.778370e+00   0.000000e+00  3.269494e-02) (   7.556740e+00   0.000000e+00 -3.083875e-02) (   1.133511e+01   0.000000e+00  3.185552e-02) (   1.511348e+01   0.000000e+00 -2.900943e-02) 
23.4	(   7.556740e-01   0.000000e+00 -1.540444e-02) (   3.778370e+00   0.000000e+00  4.508811e-02) (   7.556740e+00   0.000000e+00 -4.505430e-02) (   1.133511e+01   0.000000e+00  4.419719e-02) (   1.511348e+01   0.000000e+00 -4.351801e-02) 
23.5	(   7.556740e-01   0.000000e+00 -3.148462e-02) (   3.778370e+00   0.000000e+00  5.334497e-02) (   7.556740e+00   0.000000e+00 -5.552326e-02) (   1.133511e+01   0.000000e+00  5.287676e-02) (   1.511348e+01   0.000000e+00 -5.463070e-02) 
23.6	(   7.556740e-01   0.000000e+00 -4.584267e-02) (   3.778370e+00   0.000000e+00  5.731527e-02) (   7.556740e+00   0.000000e+00 -6.126047e-02) (   1.133511e+01   0.000000e+00  5.745362e-02) (   1.511348e+01   0.000000e+00 -6.119279e-02) 
23.7	(   7.556740e-01   0.000000e+00 -5.568201e-02) (   3.778370e+00   0.000000e+00  5.696835e-02) (   7.556740e+00   0.000000e+00 -6.189830e-02) (   1.133511e+01   0.000000e+00  5.773506e-02) (   1.511348e+01   0.000000e+00 -6.247498e-02) 
23.8	(   7.556740e-01   0.000000e+00 -5.999274e-02) (   3.778370e+00   0.000000e+00  5.232865e-02) (   7.556740e+00   0.000000e+00 -5.760430e-02) (   1.133511e+01   0.000000e+00  5.380422e-02) (   1.511348e+01   0.000000e+00 -5.827998e-02) 
23.9	(   7.556740e-01   0.000000e+00 -5.984532e-02) (   3.778370e+00   0.000000e+00  4.354006e-02) (   7.556740e+00   0.000000e+00 -4.879028e-02) (   1.133511e+01   0.000000e+00  4.593119e-02) (   1.511348e+01   0.000000e+00 -4.902280e-02) 
24	(   7.556740e-01   0.000000e+00 -5.485129e-02) (   3.778370e+00   0.000000e+00  3.107804e-02) (   7.556740e+00   0.000000e+00 -3.583677e-02) (   1.133511e+01   0.000000e+00  3.451042e-02) (   1.511348e+01   0.000000e+00 -3.563582e-02) 
24.1	(   7.556740e-01   0.000000e+00 -4.553682e-02) (   3.778370e+00   0.000000e+00  1.593303e-02) (   7.556740e+00   0.000000e+00 -1.943196e-02) (   1.133511e+01   0.000000e+00  2.026020e-02) (   1.511348e+01   0.000000e+00 -1.943670e-02) 
24.2	(   7.556740e-01   0.000000e+00 -3.398085e-02) (   3.778370e+00   0.000000e+00 -7.301738e-04) (   7.556740e+00   0.000000e+00 -1.054078e-03) (   1.133511e+01   0.000000e+00  4.115959e-03) (   1.511348e+01   0.000000e+00 -1.972208e-03) 
24.3	(   7.556740e-01   0.000000e+00 -1.983651e-02) (   3.778370e+00   0.000000e+00 -1.754904e-02) (   7.556740e+00   0.000000e+00  1.721597e-02) (   1.133511e+01   0.000000e+00 -1.277288e-02) (   1.511348e+01   0.000000e+00  1.525096e-02) 
24.4	(   7.556740e-01   0.000000e+00 -3.172025e-03) (   3.778370e+00   0.000000e+00 -3.293199e-02) (   7.556740e+00   0.000000e+00  3.339437e-02) (   1.133511e+01   0.000000e+00 -2.903183e-02) (   1.511348e+01   0.000000e+00  3.079629e-02) 
24.5	(   7.556740e-01   0.000000e+00  1.440927e-02) (   3.778370e+00   0.000000e+00 -4.550795e-02) (   7.556740e+00   0.000000e+00  4.601122e-02) (   1.133511e+01   0.000000e+00 -4.328100e-02) (   1.511348e+01   0.000000e+00  4.349918e-02) 
24.6	(   7.556740e-01   0.000000e+00  3.126043e-02) (   3.778370e+00   0.000000e+00 -5.463514e-02) (   7.556740e+00   0.000000e+00  5.422070e-02) (   1.133511e+01   0.000000e+00 -5.428141e-02) (   1.511348e+01   0.000000e+00  5.256108e-02) 
24.7	(   7.556740e-01   0.000000e+00  4.321167e-02) (   3.778370e+00   0.000000e+00 -6.041384e-02) (   7.556740e+00   0.000000e+00  5.796566e-02) (   1.133511e+01   0.000000e+00 -6.093954e-02) (   1.511348e+01   0.000000e+00  5.738413e-02) 
24.8	(   7.556740e-01   0.000000e+00  5.176681e-02) (   3.778370e+00   0.000000e+00 -6.166748e-02) (   7.556740e+00   0.000000e+00  5.744893e-02) (   1.133511e+01   0.000000e+00 -6.248335e-02) (   1.511348e+01   0.000000e+00  5.781493e-02) 
24.9	(   7.556740e-01   0.000000e+00  5.786014e-02) (   3.778370e+00   0.000000e+00 -5.655089e-02) (   7.556740e+00   0.000000e+00  5.293737e-02) (   1.133511e+01   0.000000e+00 -5.857312e-02) (   1.511348e+01   0.000000e+00  5.384356e-02) 
25	(   7.556740e-01   0.000000e+00  5.888769e-02) (   3.778370e+00   0.000000e+00 -4.596469e-02) (   7.556740e+00   0.000000e+00  4.504037e-02) (   1.133511e+01   0.000000e+00 -4.941802e-02) (   1.511348e+01   0.000000e+00  4.577300e-02) 
25.1	(   7.556740e-01   0.000000e+00  5.719440e-02) (   3.778370e+00   0.000000e+00 -3.159839e-02) (   7.556740e+00   0.000000e+00  3.368198e-02) (   1.133511e+01   0.000000e+00 -3.579775e-02) (   1.511348e+01   0.000000e+00  3.421738e-02) 
25.2	(   7.556740e-01   0.000000e+00  4.886515e-02) (   3.778370e+00   0.000000e+00 -1.542829e-02) (   7.556740e+00   0.000000e+00  1.903127e-02) (   1.133511e+01   0.000000e+00 -1.917810e-02) (   1.511348e+01   0.000000e+00  1.990912e-02) 
25.3	(   7.556740e-01   0.000000e+00  3.807241e-02) (   3.778370e+00   0.000000e+00  1.948135e-03) (   7.556740e+00   0.000000e+00  2.321007e-03) (   1.133511e+01   0.000000e+00 -1.308070e-03) (   1.511348e+01   0.000000e+00  3.780372e-03) 
25.4	(   7.556740e-01   0.000000e+00  2.315702e-02) (   3.778370e+00   0.000000e+00  1.859525e-02) (   7.556740e+00   0.000000e+00 -1.549140e-02) (   1.133511e+01   0.000000e+00  1.598680e-02) (   1.511348e+01   0.000000e+00 -1.309435e-02) 
25.5	(   7.556740e-01   0.000000e+00  5.857661e-03) (   3.778370e+00   0.000000e+00  3.439255e-02) (   7.556740e+00   0.000000e+00 -3.203506e-02) (   1.133511e+01   0.000000e+00  3.124334e-02) (   1.511348e+01   0.000000e+00 -2.943575e-02) 
25.6	(   7.556740e-01   0.000000e+00 -1.185242e-02) (   3.778370e+00   0.000000e+00  4.908308e-02) (   7.556740e+00   0.000000e+00 -4.539436e-02) (   1.133511e+01   0.000000e+00  4.339187e-02) (   1.511348e+01   0.000000e+00 -4.385671e-02) 
25.7	(   7.556740e-01   0.000000e+00 -2.835678e-02) (   3.778370e+00   0.000000e+00  5.747087e-02) (   7.556740e+00   0.000000e+00 -5.472452e-02) (   1.133511e+01   0.000000e+00  5.187195e-02) (   1.511348e+01   0.000000e+00 -5.499435e-02) 
25.8	(   7.556740e-01   0.000000e+00 -4.264718e-02) (   3.778370e+00   0.000000e+00  5.842129e-02) (   7.556740e+00   0.000000e+00 -5.973354e-02) (   1.133511e+01   0.000000e+00  5.633650e-02) (   1.511348e+01   0.000000e+00 -6.158221e-02) 
25.9	(   7.556740e-01   0.000000e+00 -5.346890e-02) (   3.778370e+00   0.000000e+00  5.947279e-02) (   7.556740e+00   0.000000e+00 -6.011761e-02) (   1.133511e+01   0.000000e+00  5.662449e-02) (   1.511348e+01   0.000000e+00 -6.273645e-02) 
26	(   7.556740e-01   0.000000e+00 -5.989470e-02) (   3.778370e+00   0.000000e+00  5.541222e-02) (   7.556740e+00   0.000000e+00 -5.584502e-02) (   1.133511e+01   0.000000e+00  5.285553e-02) (   1.511348e+01   0.000000e+00 -5.822103e-02) 
26.1	(   7.556740e-01   0.000000e+00 -6.177090e-02) (   3.778370e+00   0.000000e+00  4.639255e-02) (   7.556740e+00   0.000000e+00 -4.675665e-02) (   1.133511e+01   0.000000e+00  4.524656e-02) (   1.511348e+01   0.000000e+00 -4.855359e-02) 
26.2	(   7.556740e-01   0.000000e+00 -5.792391e-02) (   3.778370e+00   0.000000e+00  3.303156e-02) (   7.556740e+00   0.000000e+00 -3.318765e-02) (   1.133511e+01   0.000000e+00  3.425492e-02) (   1.511348e+01   0.000000e+00 -3.481448e-02) 
26.3	(   7.556740e-01   0.000000e+00 -4.771276e-02) (   3.778370e+00   0.000000e+00  1.803704e-02) (   7.556740e+00   0.000000e+00 -1.662006e-02) (   1.133511e+01   0.000000e+00  2.048776e-02) (   1.511348e+01   0.000000e+00 -1.841172e-02) 
26.4	(   7.556740e-01   0.000000e+00 -3.388287e-02) (   3.778370e+00   0.000000e+00  2.957564e-03) (   7.556740e+00   0.000000e+00  1.391707e-03) (   1.133511e+01   0.000000e+00  4.577069e-03) (   1.511348e+01   0.000000e+00 -8.522511e-04) 
26.5	(   7.556740e-01   0.000000e+00 -1.750364e-02) (   3.778370e+00   0.000000e+00 -1.307587e-02) (   7.556740e+00   0.000000e+00  1.838807e-02) (   1.133511e+01   0.000000e+00 -1.232355e-02) (   1.511348e+01   0.000000e+00  1.636660e-02) 
26.6	(   7.556740e-01   0.000000e+00 -2.101206e-04) (   3.778370e+00   0.000000e+00 -3.010061e-02) (   7.556740e+00   0.000000e+00  3.357747e-02) (   1.133511e+01   0.000000e+00 -2.867201e-02) (   1.511348e+01   0.000000e+00  3.190086e-02) 
26.7	(   7.556740e-01   0.000000e+00  1.517405e-02) (   3.778370e+00   0.000000e+00 -4.536850e-02) (   7.556740e+00   0.000000e+00  4.676557e-02) (   1.133511e+01   0.000000e+00 -4.301158e-02) (   1.511348e+01   0.000000e+00  4.455879e-02) 
26.8	(   7.556740e-01   0.000000e+00  2.998509e-02) (   3.778370e+00   0.000000e+00 -5.544654e-02) (   7.556740e+00   0.000000e+00  5.527189e-02) (   1.133511e+01   0.000000e+00 -5.385034e-02) (   1.511348e+01   0.000000e+00  5.350088e-02) 
26.9	(   7.556740e-01   0.000000e+00  4.213579e-02) (   3.778370e+00   0.000000e+00 -5.943571e-02) (   7.556740e+00   0.000000e+00  5.838626e-02) (   1.133511e+01   0.000000e+00 -6.004036e-02) (   1.511348e+01   0.000000e+00  5.836751e-02) 
27	(   7.556740e-01   0.000000e+00  5.534797e-02) (   3.778370e+00   0.000000e+00 -5.942250e-02) (   7.556740e+00   0.000000e+00  5.778134e-02) (   1.133511e+01   0.000000e+00 -6.090077e-02) (   1.511348e+01   0.000000e+00  5.871166e-02) 
27.1	(   7.556740e-01   0.000000e+00  6.025421e-02) (   3.778370e+00   0.000000e+00 -5.576577e-02) (   7.556740e+00   0.000000e+00  5.477833e-02) (   1.133511e+01   0.000000e+00 -5.626790e-02) (   1.511348e+01   0.000000e+00  5.469237e-02) 
27.2	(   7.556740e-01   0.000000e+00  6.119866e-02) (   3.778370e+00   0.000000e+00 -4.770172e-02) (   7.556740e+00   0.000000e+00  4.593396e-02) (   1.133511e+01   0.000000e+00 -4.659796e-02) (   1.511348e+01   0.000000e+00  4.664378e-02) 
27.3	(   7.556740e-01   0.000000e+00  5.751615e-02) (   3.778370e+00   0.000000e+00 -3.449059e-02) (   7.556740e+00   0.000000e+00  3.659090e-02) (   1.133511e+01   0.000000e+00 -3.279279e-02) (   1.511348e+01   0.000000e+00  3.497195e-02) 
27.4	(   7.556740e-01   0.000000e+00  4.845500e-02) (   3.778370e+00   0.000000e+00 -1.940841e-02) (   7.556740e+00   0.000000e+00  2.108282e-02) (   1.133511e+01   0.000000e+00 -1.609987e-02) (   1.511348e+01   0.000000e+00  2.078101e-02) 
27.5	(   7.556740e-01   0.000000e+00  3.783598e-02) (   3.778370e+00   0.000000e+00 -1.489891e-03) (   7.556740e+00   0.000000e+00  3.377124e-03) (   1.133511e+01   0.000000e+00  1.926696e-03) (   1.511348e+01   0.000000e+00  4.738150e-03) 
27.6	(   7.556740e-01   0.000000e+00  2.344999e-02) (   3.778370e+00   0.000000e+00  1.749678e-02) (   7.556740e+00   0.000000e+00 -1.381895e-02) (   1.133511e+01   0.000000e+00  1.949351e-02) (   1.511348e+01   0.000000e+00 -1.214106e-02) 
27.7	(   7.556740e-01   0.000000e+00  7.434448e-03) (   3.778370e+00   0.000000e+00  3.389999e-02) (   7.556740e+00   0.000000e+00 -2.887921e-02) (   1.133511e+01   0.000000e+00  3.502497e-02) (   1.511348e+01   0.000000e+00 -2.840555e-02) 
27.8	(   7.556740e-01   0.000000e+00 -1.096576e-02) (   3.778370e+00   0.000000e+00  4.694470e-02) (   7.556740e+00   0.000000e+00 -4.326737e-02) (   1.133511e+01   0.000000e+00  4.739503e-02) (   1.511348e+01   0.000000e+00 -4.277702e-02) 
27.9	(   7.556740e-01   0.000000e+00 -2.831440e-02) (   3.778370e+00   0.000000e+00  5.524184e-02) (   7.556740e+00   0.000000e+00 -5.514803e-02) (   1.133511e+01   0.000000e+00  5.588911e-02) (   1.511348e+01   0.000000e+00 -5.413116e-02) 
28	(   7.556740e-01   0.000000e+00 -4.301222e-02) (   3.778370e+00   0.000000e+00  5.980275e-02) (   7.556740e+00   0.000000e+00 -6.070510e-02) (   1.133511e+01   0.000000e+00  6.029787e-02) (   1.511348e+01   0.000000e+00 -6.119735e-02) 
28.1	(   7.556740e-01   0.000000e+00 -5.397940e-02) (   3.778370e+00   0.000000e+00  6.168983e-02) (   7.556740e+00   0.000000e+00 -6.060626e-02) (   1.133511e+01   0.000000e+00  5.985936e-02) (   1.511348e+01   0.000000e+00 -6.288622e-02) 
28.2	(   7.556740e-01   0.000000e+00 -6.004884e-02) (   3.778370e+00   0.000000e+00  5.596887e-02) (   7.556740e+00   0.000000e+00 -5.453645e-02) (   1.133511e+01   0.000000e+00  5.420482e-02) (   1.511348e+01   0.000000e+00 -5.870376e-02) 
28.3	(   7.556740e-01   0.000000e+00 -6.157119e-02) (   3.778370e+00   0.000000e+00  4.720021e-02) (   7.556740e+00   0.000000e+00 -4.501952e-02) (   1.133511e+01   0.000000e+00  4.733388e-02) (   1.511348e+01   0.000000e+00 -4.891330e-02) 
28.4	(   7.556740e-01   0.000000e+00 -5.818263e-02) (   3.778370e+00   0.000000e+00  3.530228e-02) (   7.556740e+00   0.000000e+00 -3.341464e-02) (   1.133511e+01   0.000000e+00  3.441867e-02) (   1.511348e+01   0.000000e+00 -3.467049e-02) 
28.5	(   7.556740e-01   0.000000e+00 -4.857194e-02) (   3.778370e+00   0.000000e+00  2.143284e-02) (   7.556740e+00   0.000000e+00 -1.864248e-02) (   1.133511e+01   0.000000e+00  1.931304e-02) (   1.511348e+01   0.000000e+00 -1.759110e-02) 
28.6	(   7.556740e-01   0.000000e+00 -3.445123e-02) (   3.778370e+00   0.000000e+00  5.341153e-03) (   7.556740e+00   0.000000e+00  6.349305e-04) (   1.133511e+01   0.000000e+00  3.044993e-03) (   1.511348e+01   0.000000e+00  6.598187e-04) 
28.7	(   7.556740e-01   0.000000e+00 -1.849384e-02) (   3.778370e+00   0.000000e+00 -1.265939e-02) (   7.556740e+00   0.000000e+00  1.874951e-02) (   1.133511e+01   0.000000e+00 -1.490169e-02) (   1.511348e+01   0.000000e+00  1.826421e-02) 
28.8	(   7.556740e-01   0.000000e+00 -1.855902e-03) (   3.778370e+00   0.000000e+00 -2.891317e-02) (   7.556740e+00   0.000000e+00  3.394223e-02) (   1.133511e+01   0.000000e+00 -3.158415e-02) (   1.511348e+01   0.000000e+00  3.397453e-02) 
28.9	(   7.556740e-01   0.000000e+00  1.502540e-02) (   3.778370e+00   0.000000e+00 -4.306467e-02) (   7.556740e+00   0.000000e+00  4.507740e-02) (   1.133511e+01   0.000000e+00 -4.404064e-02) (   1.511348e+01   0.000000e+00  4.700528e-02) 
29	(   7.556740e-01   0.000000e+00  3.042405e-02) (   3.778370e+00   0.000000e+00 -5.460701e-02) (   7.556740e+00   0.000000e+00  5.638789e-02) (   1.133511e+01   0.000000e+00 -5.489953e-02) (   1.511348e+01   0.000000e+00  5.623300e-02) 
29.1	(   7.556740e-01   0.000000e+00  4.284371e-02) (   3.778370e+00   0.000000e+00 -5.695406e-02) (   7.556740e+00   0.000000e+00  6.050798e-02) (   1.133511e+01   0.000000e+00 -6.076392e-02) (   1.511348e+01   0.000000e+00  6.107583e-02) 
29.2	(   7.556740e-01   0.000000e+00  5.351334e-02) (   3.778370e+00   0.000000e+00 -6.001108e-02) (   7.556740e+00   0.000000e+00  5.965102e-02) (   1.133511e+01   0.000000e+00 -6.102650e-02) (   1.511348e+01   0.000000e+00  6.146745e-02) 
29.3	(   7.556740e-01   0.000000e+00  5.605351e-02) (   3.778370e+00   0.000000e+00 -5.693534e-02) (   7.556740e+00   0.000000e+00  5.140220e-02) (   1.133511e+01   0.000000e+00 -5.660521e-02) (   1.511348e+01   0.000000e+00  5.769004e-02) 
29.4	(   7.556740e-01   0.000000e+00  5.863635e-02) (   3.778370e+00   0.000000e+00 -4.538054e-02) (   7.556740e+00   0.000000e+00  4.632909e-02) (   1.133511e+01   0.000000e+00 -4.801080e-02) (   1.511348e+01   0.000000e+00  4.982732e-02) 
29.5	(   7.556740e-01   0.000000e+00  5.142529e-02) (   3.778370e+00   0.000000e+00 -3.285574e-02) (   7.556740e+00   0.000000e+00  3.305070e-02) (   1.133511e+01   0.000000e+00 -3.496717e-02) (   1.511348e+01   0.000000e+00  3.808004e-02) 
29.6	(   7.556740e-01   0.000000e+00  3.989106e-02) (   3.778370e+00   0.000000e+00 -1.783829e-02) (   7.556740e+00   0.000000e+00  1.999138e-02) (   1.133511e+01   0.000000e+00 -1.884374e-02) (   1.511348e+01   0.000000e+00  2.332945e-02) 
29.7	(   7.556740e-01   0.000000e+00  2.607676e-02) (   3.778370e+00   0.000000e+00 -2.642097e-03) (   7.556740e+00   0.000000e+00  4.370524e-03) (   1.133511e+01   0.000000e+00  1.893414e-04) (   1.511348e+01   0.000000e+00  6.237049e-03) 
29.8	(   7.556740e-01   0.000000e+00  1.166495e-02) (   3.778370e+00   0.000000e+00  1.551095e-02) (   7.556740e+00   0.000000e+00 -1.377186e-02) (   1.133511e+01   0.000000e+00  2.059273e-02) (   1.511348e+01   0.000000e+00 -1.133715e-02) 
29.9	(   7.556740e-01   0.000000e+00  9.772415e-04) (   3.778370e+00   0.000000e+00  2.977921e-02) (   7.556740e+00   0.000000e+00 -2.923264e-02) (   1.133511e+01   0.000000e+00  3.557891e-02) (   1.511348e+01   0.000000e+00 -2.860053e-02) 
30	(   7.556740e-01   0.000000e+00 -1.668069e-02) (   3.778370e+00   0.000000e+00  4.291158e-02) (   7.556740e+00   0.000000e+00 -4.359442e-02) (   1.133511e+01   0.000000e+00  4.717980e-02) (   1.511348e+01   0.000000e+00 -4.386220e-02) 
30.1	(   7.556740e-01   0.000000e+00 -3.065349e-02) (   3.778370e+00   0.000000e+00  5.130875e-02) (   7.556740e+00   0.000000e+00 -5.543645e-02) (   1.133511e+01   0.000000e+00  5.505873e-02) (   1.511348e+01   0.000000e+00 -5.583063e-02) 
30.2	(   7.556740e-01   0.000000e+00 -4.288294e-02) (   3.778370e+00   0.000000e+00  5.398653e-02) (   7.556740e+00   0.000000e+00 -6.206061e-02) (   1.133511e+01   0.000000e+00  6.187479e-02) (   1.511348e+01   0.000000e+00 -6.323596e-02) 
30.3	(   7.556740e-01   0.000000e+00 -4.966993e-02) (   3.778370e+00   0.000000e+00  5.349670e-02) (   7.556740e+00   0.000000e+00 -6.132219e-02) (   1.133511e+01   0.000000e+00  6.082769e-02) (   1.511348e+01   0.000000e+00 -6.505566e-02) 
30.4	(   7.556740e-01   0.000000e+00 -5.140091e-02) (   3.778370e+00   0.000000e+00  4.892055e-02) (   7.556740e+00   0.000000e+00 -5.712324e-02) (   1.133511e+01   0.000000e+00  5.482336e-02) (   1.511348e+01   0.000000e+00 -6.134580e-02) 
30.5	(   7.556740e-01   0.000000e+00 -5.610272e-02) (   3.778370e+00   0.000000e+00  4.093456e-02) (   7.556740e+00   0.000000e+00 -5.162498e-02) (   1.133511e+01   0.000000e+00  5.012364e-02) (   1.511348e+01   0.000000e+00 -5.251363e-02) 
30.6	(   7.556740e-01   0.000000e+00 -4.990216e-02) (   3.778370e+00   0.000000e+00  3.566153e-02) (   7.556740e+00   0.000000e+00 -3.853823e-02) (   1.133511e+01   0.000000e+00  3.336330e-02) (   1.511348e+01   0.000000e+00 -3.782912e-02) 
30.7	(   7.556740e-01   0.000000e+00 -4.425066e-02) (   3.778370e+00   0.000000e+00  1.288928e-02) (   7.556740e+00   0.000000e+00 -2.031518e-02) (   1.133511e+01   0.000000e+00  2.268587e-02) (   1.511348e+01   0.000000e+00 -2.024508e-02) 
30.8	(   7.556740e-01   0.000000e+00 -3.767405e-02) (   3.778370e+00   0.000000e+00 -6.389475e-04) (   7.556740e+00   0.000000e+00 -2.233794e-03) (   1.133511e+01   0.000000e+00  3.353403e-03) (   1.511348e+01   0.000000e+00 -1.552171e-03) 
30.9	(   7.556740e-01   0.000000e+00 -2.245284e-02) (   3.778370e+00   0.000000e+00 -1.786669e-02) (   7.556740e+00   0.000000e+00  1.345855e-02) (   1.133511e+01   0.000000e+00 -1.603306e-02) (   1.511348e+01   0.000000e+00  1.560654e-02) 
31	(   7.556740e-01   0.000000e+00 -1.465783e-03) (   3.778370e+00   0.000000e+00 -3.441264e-02) (   7.556740e+00   0.000000e+00  3.206866e-02) (   1.133511e+01   0.000000e+00 -3.028091e-02) (   1.511348e+01   0.000000e+00  3.309784e-02) 
31.1	(   7.556740e-01   0.000000e+00  1.997909e-02) (   3.778370e+00   0.000000e+00 -4.531713e-02) (   7.556740e+00   0.000000e+00  4.543086e-02) (   1.133511e+01   0.000000e+00 -4.615690e-02) (   1.511348e+01   0.000000e+00  4.644549e-02) 
31.2	(   7.556740e-01   0.000000e+00  3.192517e-02) (   3.778370e+00   0.000000e+00 -5.382677e-02) (   7.556740e+00   0.000000e+00  5.225814e-02) (   1.133511e+01   0.000000e+00 -5.801493e-02) (   1.511348e+01   0.000000e+00  5.455270e-02) 
31.3	(   7.556740e-01   0.000000e+00  4.285213e-02) (   3.778370e+00   0.000000e+00 -5.944665e-02) (   7.556740e+00   0.000000e+00  5.773849e-02) (   1.133511e+01   0.000000e+00 -6.406839e-02) (   1.511348e+01   0.000000e+00  5.984659e-02) 
31.4	(   7.556740e-01   0.000000e+00  5.134499e-02) (   3.778370e+00   0.000000e+00 -5.757184e-02) (   7.556740e+00   0.000000e+00  5.877242e-02) (   1.133511e+01   0.000000e+00 -6.615977e-02) (   1.511348e+01   0.000000e+00  6.120165e-02) 
31.5	(   7.556740e-01   0.000000e+00  5.413684e-02) (   3.778370e+00   0.000000e+00 -5.311570e-02) (   7.556740e+00   0.000000e+00  5.058069e-02) (   1.133511e+01   0.000000e+00 -6.188262e-02) (   1.511348e+01   0.000000e+00  5.759038e-02) 
31.6	(   7.556740e-01   0.000000e+00  5.848357e-02) (   3.778370e+00   0.000000e+00 -4.074242e-02) (   7.556740e+00   0.000000e+00  4.786629e-02) (   1.133511e+01   0.000000e+00 -5.283816e-02) (   1.511348e+01   0.000000e+00  4.922037e-02) 
31.7	(   7.556740e-01   0.000000e+00  5.281848e-02) (   3.778370e+00   0.000000e+00 -2.861088e-02) (   7.556740e+00   0.000000e+00  3.618012e-02) (   1.133511e+01   0.000000e+00 -3.763855e-02) (   1.511348e+01   0.000000e+00  3.966378e-02) 
31.8	(   7.556740e-01   0.000000e+00  5.085862e-02) (   3.778370e+00   0.000000e+00 -1.041543e-02) (   7.556740e+00   0.000000e+00  2.060500e-02) (   1.133511e+01   0.000000e+00 -2.378494e-02) (   1.511348e+01   0.000000e+00  2.515738e-02) 
31.9	(   7.556740e-01   0.000000e+00  4.173100e-02) (   3.778370e+00   0.000000e+00  1.007670e-02) (   7.556740e+00   0.000000e+00  3.790099e-04) (   1.133511e+01   0.000000e+00 -6.074375e-03) (   1.511348e+01   0.000000e+00  4.864288e-03) 
32	(   7.556740e-01   0.000000e+00  2.459877e-02) (   3.778370e+00   0.000000e+00  2.657240e-02) (   7.556740e+00   0.000000e+00 -1.643633e-02) (   1.133511e+01   0.000000e+00  1.384804e-02) (   1.511348e+01   0.000000e+00 -9.689993e-03) 
32.1	(   7.556740e-01   0.000000e+00  9.912584e-03) (   3.778370e+00   0.000000e+00  3.968543e-02) (   7.556740e+00   0.000000e+00 -2.902634e-02) (   1.133511e+01   0.000000e+00  3.054628e-02) (   1.511348e+01   0.000000e+00 -2.768130e-02) 
32.2	(   7.556740e-01   0.000000e+00 -1.302301e-02) (   3.778370e+00   0.000000e+00  4.675388e-02) (   7.556740e+00   0.000000e+00 -4.737709e-02) (   1.133511e+01   0.000000e+00  4.249055e-02) (   1.511348e+01   0.000000e+00 -4.689668e-02) 
32.3	(   7.556740e-01   0.000000e+00 -3.125421e-02) (   3.778370e+00   0.000000e+00  5.259963e-02) (   7.556740e+00   0.000000e+00 -5.808266e-02) (   1.133511e+01   0.000000e+00  5.319559e-02) (   1.511348e+01   0.000000e+00 -5.751988e-02) 
32.4	(   7.556740e-01   0.000000e+00 -4.484892e-02) (   3.778370e+00   0.000000e+00  5.850383e-02) (   7.556740e+00   0.000000e+00 -5.704490e-02) (   1.133511e+01   0.000000e+00  5.890061e-02) (   1.511348e+01   0.000000e+00 -6.371818e-02) 
32.5	(   7.556740e-01   0.000000e+00 -5.139614e-02) (   3.778370e+00   0.000000e+00  5.827729e-02) (   7.556740e+00   0.000000e+00 -5.707611e-02) (   1.133511e+01   0.000000e+00  6.137802e-02) (   1.511348e+01   0.000000e+00 -6.766216e-02) 
32.6	(   7.556740e-01   0.000000e+00 -5.528796e-02) (   3.778370e+00   0.000000e+00  5.602771e-02) (   7.556740e+00   0.000000e+00 -4.775762e-02) (   1.133511e+01   0.000000e+00  5.697815e-02) (   1.511348e+01   0.000000e+00 -6.146644e-02) 
32.7	(   7.556740e-01   0.000000e+00 -5.520945e-02) (   3.778370e+00   0.000000e+00  4.815175e-02) (   7.556740e+00   0.000000e+00 -4.204507e-02) (   1.133511e+01   0.000000e+00  4.916407e-02) (   1.511348e+01   0.000000e+00 -5.443226e-02) 
32.8	(   7.556740e-01   0.000000e+00 -5.198529e-02) (   3.778370e+00   0.000000e+00  4.226112e-02) (   7.556740e+00   0.000000e+00 -3.553955e-02) (   1.133511e+01   0.000000e+00  3.950711e-02) (   1.511348e+01   0.000000e+00 -4.476454e-02) 
32.9	(   7.556740e-01   0.000000e+00 -4.555761e-02) (   3.778370e+00   0.000000e+00  1.301233e-02) (   7.556740e+00   0.000000e+00 -1.616900e-02) (   1.133511e+01   0.000000e+00  1.827909e-02) (   1.511348e+01   0.000000e+00 -2.832535e-02) 
33	(   7.556740e-01   0.000000e+00 -2.607464e-02) (   3.778370e+00   0.000000e+00 -4.892499e-04) (   7.556740e+00   0.000000e+00  3.262602e-03) (   1.133511e+01   0.000000e+00  8.979901e-03) (   1.511348e+01   0.000000e+00 -8.247985e-03) 
33.1	(   7.556740e-01   0.000000e+00 -1.527401e-02) (   3.778370e+00   0.000000e+00 -1.582057e-02) (   7.556740e+00   0.000000e+00  2.236415e-02) (   1.133511e+01   0.000000e+00 -8.563847e-03) (   1.511348e+01   0.000000e+00  1.018486e-02) 
33.2	(   7.556740e-01   0.000000e+00 -6.423644e-04) (   3.778370e+00   0.000000e+00 -2.191736e-02) (   7.556740e+00   0.000000e+00  3.615077e-02) (   1.133511e+01   0.000000e+00 -2.534001e-02) (   1.511348e+01   0.000000e+00  2.599053e-02) 
33.3	(   7.556740e-01   0.000000e+00  1.570073e-02) (   3.778370e+00   0.000000e+00 -3.577163e-02) (   7.556740e+00   0.000000e+00  4.980421e-02) (   1.133511e+01   0.000000e+00 -3.604162e-02) (   1.511348e+01   0.000000e+00  4.267055e-02) 
33.4	(   7.556740e-01   0.000000e+00  2.988361e-02) (   3.778370e+00   0.000000e+00 -5.532032e-02) (   7.556740e+00   0.000000e+00  5.949677e-02) (   1.133511e+01   0.000000e+00 -4.784668e-02) (   1.511348e+01   0.000000e+00  5.289227e-02) 
33.5	(   7.556740e-01   0.000000e+00  4.294818e-02) (   3.778370e+00   0.000000e+00 -6.286888e-02) (   7.556740e+00   0.000000e+00  6.145212e-02) (   1.133511e+01   0.000000e+00 -5.537125e-02) (   1.511348e+01   0.000000e+00  5.734010e-02) 
33.6	(   7.556740e-01   0.000000e+00  4.887483e-02) (   3.778370e+00   0.000000e+00 -6.308568e-02) (   7.556740e+00   0.000000e+00  5.920934e-02) (   1.133511e+01   0.000000e+00 -6.034446e-02) (   1.511348e+01   0.000000e+00  6.189582e-02) 
33.7	(   7.556740e-01   0.000000e+00  6.021999e-02) (   3.778370e+00   0.000000e+00 -6.776860e-02) (   7.556740e+00   0.000000e+00  5.233085e-02) (   1.133511e+01   0.000000e+00 -6.210823e-02) (   1.511348e+01   0.000000e+00  5.933731e-02) 
33.8	(   7.556740e-01   0.000000e+00  5.639295e-02) (   3.778370e+00   0.000000e+00 -5.242745e-02) (   7.556740e+00   0.000000e+00  5.080587e-02) (   1.133511e+01   0.000000e+00 -5.095448e-02) (   1.511348e+01   0.000000e+00  5.286213e-02) 
33.9	(   7.556740e-01   0.000000e+00  6.002833e-02) (   3.778370e+00   0.000000e+00 -3.215446e-02) (   7.556740e+00   0.000000e+00  4.009542e-02) (   1.133511e+01   0.000000e+00 -3.793228e-02) (   1.511348e+01   0.000000e+00  4.439191e-02) 
34	(   7.556740e-01   0.000000e+00  4.882794e-02) (   3.778370e+00   0.000000e+00 -1.627362e-02) (   7.556740e+00   0.000000e+00  1.533737e-02) (   1.133511e+01   0.000000e+00 -2.123612e-02) (   1.511348e+01   0.000000e+00  2.729937e-02) 
34.1	(   7.556740e-01   0.000000e+00  3.212429e-02) (   3.778370e+00   0.000000e+00  2.520146e-03) (   7.556740e+00   0.000000e+00 -5.193626e-04) (   1.133511e+01   0.000000e+00  2.627836e-04) (   1.511348e+01   0.000000e+00  1.202636e-02) 
34.2	(   7.556740e-01   0.000000e+00  1.840058e-02) (   3.778370e+00   0.000000e+00  2.023712e-02) (   7.556740e+00   0.000000e+00 -1.408352e-02) (   1.133511e+01   0.000000e+00  1.898557e-02) (   1.511348e+01   0.000000e+00 -4.948693e-03) 
34.3	(   7.556740e-01   0.000000e+00  6.755852e-03) (   3.778370e+00   0.000000e+00  3.902251e-02) (   7.556740e+00   0.000000e+00 -3.135991e-02) (   1.133511e+01   0.000000e+00  3.437449e-02) (   1.511348e+01   0.000000e+00 -1.906263e-02) 
34.4	(   7.556740e-01   0.000000e+00 -1.073797e-02) (   3.778370e+00   0.000000e+00  5.379361e-02) (   7.556740e+00   0.000000e+00 -4.028668e-02) (   1.133511e+01   0.000000e+00  4.103950e-02) (   1.511348e+01   0.000000e+00 -2.844467e-02) 
34.5	(   7.556740e-01   0.000000e+00 -2.678959e-02) (   3.778370e+00   0.000000e+00  5.834602e-02) (   7.556740e+00   0.000000e+00 -5.364356e-02) (   1.133511e+01   0.000000e+00  5.394304e-02) (   1.511348e+01   0.000000e+00 -4.036451e-02) 
34.6	(   7.556740e-01   0.000000e+00 -4.504188e-02) (   3.778370e+00   0.000000e+00  6.912962e-02) (   7.556740e+00   0.000000e+00 -6.345940e-02) (   1.133511e+01   0.000000e+00  5.917107e-02) (   1.511348e+01   0.000000e+00 -4.992937e-02) 
34.7	(   7.556740e-01   0.000000e+00 -5.135212e-02) (   3.778370e+00   0.000000e+00  7.183779e-02) (   7.556740e+00   0.000000e+00 -6.381737e-02) (   1.133511e+01   0.000000e+00  6.674562e-02) (   1.511348e+01   0.000000e+00 -6.291811e-02) 
34.8	(   7.556740e-01   0.000000e+00 -5.757497e-02) (   3.778370e+00   0.000000e+00  5.742314e-02) (   7.556740e+00   0.000000e+00 -6.272929e-02) (   1.133511e+01   0.000000e+00  6.085010e-02) (   1.511348e+01   0.000000e+00 -6.051719e-02) 
34.9	(   7.556740e-01   0.000000e+00 -5.833610e-02) (   3.778370e+00   0.000000e+00  4.436613e-02) (   7.556740e+00   0.000000e+00 -5.132095e-02) (   1.133511e+01   0.000000e+00  4.712199e-02) (   1.511348e+01   0.000000e+00 -5.217275e-02) 
35	(   7.556740e-01   0.000000e+00 -5.458154e-02) (   3.778370e+00   0.000000e+00  3.382830e-02) (   7.556740e+00   0.000000e+00 -3.430843e-02) (   1.133511e+01   0.000000e+00  4.250709e-02) (   1.511348e+01   0.000000e+00 -3.862105e-02) 
