           0.1	   3.999906e+00  -1.000009e+01   3.999986e+00  -1.000001e+01   3.999998e+00  -1.000000e+01   4.000000e+00  -1.000000e+01   4.000000e+00  -1.000000e+01
0.2	   3.999443e+00  -1.000056e+01   3.999920e+00  -1.000008e+01   3.999989e+00  -1.000001e+01   3.999999e+00  -1.000000e+01   4.000000e+00  -1.000000e+01
0.3	   3.998405e+00  -1.000159e+01   3.999773e+00  -1.000023e+01   3.999970e+00  -1.000003e+01   3.999996e+00  -1.000000e+01   3.999999e+00  -1.000000e+01
0.4	   3.996660e+00  -1.000334e+01   3.999526e+00  -1.000047e+01   3.999935e+00  -1.000006e+01   3.999991e+00  -1.000001e+01   3.999999e+00  -1.000000e+01
0.5	   3.994149e+00  -1.000585e+01   3.999164e+00  -1.000084e+01   3.999883e+00  -1.000012e+01   3.999983e+00  -1.000002e+01   3.999998e+00  -1.000000e+01
0.6	   3.990898e+00  -1.000910e+01   3.998679e+00  -1.000132e+01   3.999810e+00  -1.000019e+01   3.999972e+00  -1.000003e+01   3.999996e+00  -1.000000e+01
0.7	   3.987034e+00  -1.001297e+01   3.998066e+00  -1.000193e+01   3.999712e+00  -1.000029e+01   3.999957e+00  -1.000004e+01   3.999994e+00  -1.000001e+01
0.8	   3.982796e+00  -1.001720e+01   3.997324e+00  -1.000268e+01   3.999585e+00  -1.000041e+01   3.999935e+00  -1.000006e+01   3.999990e+00  -1.000001e+01
0.9	   3.978566e+00  -1.002143e+01   3.996463e+00  -1.000354e+01   3.999427e+00  -1.000057e+01   3.999907e+00  -1.000009e+01   3.999985e+00  -1.000001e+01
1	   3.974887e+00  -1.002511e+01   3.995501e+00  -1.000450e+01   3.999233e+00  -1.000077e+01   3.999871e+00  -1.000013e+01   3.999979e+00  -1.000002e+01
1.1	   3.972398e+00  -1.002760e+01   3.994463e+00  -1.000554e+01   3.999003e+00  -1.000100e+01   3.999825e+00  -1.000018e+01   3.999970e+00  -1.000003e+01
1.2	   3.971687e+00  -1.002831e+01   3.993378e+00  -1.000662e+01   3.998732e+00  -1.000127e+01   3.999767e+00  -1.000023e+01   3.999959e+00  -1.000004e+01
1.3	   3.973516e+00  -1.002648e+01   3.992301e+00  -1.000770e+01   3.998423e+00  -1.000158e+01   3.999696e+00  -1.000030e+01   3.999944e+00  -1.000006e+01
1.4	   3.978575e+00  -1.002143e+01   3.991310e+00  -1.000869e+01   3.998077e+00  -1.000192e+01   3.999611e+00  -1.000039e+01   3.999926e+00  -1.000007e+01
1.5	   3.987279e+00  -1.001272e+01   3.990494e+00  -1.000951e+01   3.997702e+00  -1.000230e+01   3.999509e+00  -1.000049e+01   3.999903e+00  -1.000010e+01
1.6	   3.999666e+00  -1.000033e+01   3.989946e+00  -1.001005e+01   3.997306e+00  -1.000269e+01   3.999391e+00  -1.000061e+01   3.999875e+00  -1.000012e+01
1.7	   4.014725e+00  -9.985275e+00   3.989684e+00  -1.001032e+01   3.996887e+00  -1.000311e+01   3.999254e+00  -1.000075e+01   3.999841e+00  -1.000016e+01
1.8	   4.032092e+00  -9.967908e+00   3.989907e+00  -1.001009e+01   3.996472e+00  -1.000353e+01   3.999098e+00  -1.000090e+01   3.999799e+00  -1.000020e+01
1.9	   4.050242e+00  -9.949758e+00   3.990695e+00  -1.000930e+01   3.996072e+00  -1.000393e+01   3.998924e+00  -1.000108e+01   3.999750e+00  -1.000025e+01
2	   4.067207e+00  -9.932793e+00   3.992094e+00  -1.000791e+01   3.995702e+00  -1.000430e+01   3.998732e+00  -1.000127e+01   3.999692e+00  -1.000031e+01
2.1	   4.081636e+00  -9.918364e+00   3.994187e+00  -1.000581e+01   3.995385e+00  -1.000462e+01   3.998522e+00  -1.000148e+01   3.999624e+00  -1.000038e+01
2.2	   4.092126e+00  -9.907874e+00   3.997035e+00  -1.000296e+01   3.995143e+00  -1.000486e+01   3.998299e+00  -1.000170e+01   3.999546e+00  -1.000045e+01
2.3	   4.096375e+00  -9.903625e+00   4.000587e+00  -9.999413e+00   3.994995e+00  -1.000501e+01   3.998063e+00  -1.000194e+01   3.999456e+00  -1.000054e+01
2.4	   4.092726e+00  -9.907274e+00   4.004743e+00  -9.995257e+00   3.994954e+00  -1.000505e+01   3.997818e+00  -1.000218e+01   3.999355e+00  -1.000065e+01
2.5	   4.081242e+00  -9.918758e+00   4.009634e+00  -9.990366e+00   3.995075e+00  -1.000493e+01   3.997574e+00  -1.000243e+01   3.999241e+00  -1.000076e+01
2.6	   4.061955e+00  -9.938045e+00   4.015130e+00  -9.984870e+00   3.995386e+00  -1.000461e+01   3.997336e+00  -1.000266e+01   3.999116e+00  -1.000088e+01
2.7	   4.037401e+00  -9.962599e+00   4.021064e+00  -9.978936e+00   3.995913e+00  -1.000409e+01   3.997115e+00  -1.000288e+01   3.998980e+00  -1.000102e+01
2.8	   4.010055e+00  -9.989945e+00   4.027273e+00  -9.972727e+00   3.996692e+00  -1.000331e+01   3.996922e+00  -1.000308e+01   3.998834e+00  -1.000117e+01
2.9	   3.980816e+00  -1.001918e+01   4.033414e+00  -9.966586e+00   3.997739e+00  -1.000226e+01   3.996769e+00  -1.000323e+01   3.998679e+00  -1.000132e+01
3	   3.952352e+00  -1.004765e+01   4.039161e+00  -9.960839e+00   3.999075e+00  -1.000092e+01   3.996668e+00  -1.000333e+01   3.998517e+00  -1.000148e+01
3.1	   3.927081e+00  -1.007292e+01   4.044146e+00  -9.955854e+00   4.000717e+00  -9.999283e+00   3.996635e+00  -1.000336e+01   3.998353e+00  -1.000165e+01
3.2	   3.905585e+00  -1.009442e+01   4.047777e+00  -9.952223e+00   4.002645e+00  -9.997355e+00   3.996685e+00  -1.000331e+01   3.998188e+00  -1.000181e+01
3.3	   3.888010e+00  -1.011199e+01   4.049449e+00  -9.950551e+00   4.004829e+00  -9.995171e+00   3.996834e+00  -1.000317e+01   3.998028e+00  -1.000197e+01
3.4	   3.875730e+00  -1.012427e+01   4.048755e+00  -9.951245e+00   4.007251e+00  -9.992749e+00   3.997097e+00  -1.000290e+01   3.997878e+00  -1.000212e+01
3.5	   3.869373e+00  -1.013063e+01   4.045135e+00  -9.954865e+00   4.009855e+00  -9.990145e+00   3.997491e+00  -1.000251e+01   3.997744e+00  -1.000226e+01
3.6	   3.870715e+00  -1.012929e+01   4.038487e+00  -9.961513e+00   4.012610e+00  -9.987390e+00   3.998030e+00  -1.000197e+01   3.997635e+00  -1.000237e+01
3.7	   3.878524e+00  -1.012148e+01   4.028443e+00  -9.971557e+00   4.015393e+00  -9.984607e+00   3.998722e+00  -1.000128e+01   3.997556e+00  -1.000244e+01
3.8	   3.892715e+00  -1.010728e+01   4.015140e+00  -9.984860e+00   4.018092e+00  -9.981908e+00   3.999574e+00  -1.000043e+01   3.997517e+00  -1.000248e+01
3.9	   3.914826e+00  -1.008517e+01   3.999234e+00  -1.000077e+01   4.020611e+00  -9.979389e+00   4.000592e+00  -9.999408e+00   3.997526e+00  -1.000247e+01
4	   3.944174e+00  -1.005583e+01   3.981478e+00  -1.001852e+01   4.022813e+00  -9.977187e+00   4.001774e+00  -9.998226e+00   3.997594e+00  -1.000241e+01
4.1	   3.979680e+00  -1.002032e+01   3.962980e+00  -1.003702e+01   4.024557e+00  -9.975443e+00   4.003112e+00  -9.996888e+00   3.997732e+00  -1.000227e+01
4.2	   4.020676e+00  -9.979324e+00   3.944999e+00  -1.005500e+01   4.025702e+00  -9.974298e+00   4.004590e+00  -9.995410e+00   3.997948e+00  -1.000205e+01
4.3	   4.065306e+00  -9.934694e+00   3.928839e+00  -1.007116e+01   4.026119e+00  -9.973881e+00   4.006187e+00  -9.993813e+00   3.998252e+00  -1.000175e+01
4.4	   4.111294e+00  -9.888706e+00   3.915754e+00  -1.008425e+01   4.025672e+00  -9.974328e+00   4.007873e+00  -9.992127e+00   3.998653e+00  -1.000135e+01
4.5	   4.154741e+00  -9.845259e+00   3.906927e+00  -1.009307e+01   4.024236e+00  -9.975764e+00   4.009616e+00  -9.990384e+00   3.999155e+00  -1.000084e+01
4.6	   4.192038e+00  -9.807962e+00   3.903111e+00  -1.009689e+01   4.021738e+00  -9.978262e+00   4.011361e+00  -9.988639e+00   3.999765e+00  -1.000023e+01
4.7	   4.218351e+00  -9.781649e+00   3.905108e+00  -1.009489e+01   4.018151e+00  -9.981849e+00   4.013054e+00  -9.986946e+00   4.000485e+00  -9.999515e+00
4.8	   4.234537e+00  -9.765463e+00   3.913588e+00  -1.008641e+01   4.013486e+00  -9.986514e+00   4.014633e+00  -9.985367e+00   4.001315e+00  -9.998685e+00
4.9	   4.232257e+00  -9.767743e+00   3.928747e+00  -1.007125e+01   4.007824e+00  -9.992176e+00   4.016030e+00  -9.983970e+00   4.002251e+00  -9.997749e+00
5	   4.198325e+00  -9.801675e+00   3.950336e+00  -1.004966e+01   4.001290e+00  -9.998710e+00   4.017177e+00  -9.982823e+00   4.003285e+00  -9.996715e+00
5.1	   4.167309e+00  -9.832691e+00   3.977870e+00  -1.002213e+01   3.994097e+00  -1.000590e+01   4.018006e+00  -9.981994e+00   4.004406e+00  -9.995594e+00
5.2	   4.098838e+00  -9.901162e+00   4.010491e+00  -9.989509e+00   3.986523e+00  -1.001348e+01   4.018449e+00  -9.981551e+00   4.005598e+00  -9.994402e+00
5.3	   4.066822e+00  -9.933178e+00   4.046740e+00  -9.953260e+00   3.978922e+00  -1.002108e+01   4.018451e+00  -9.981549e+00   4.006843e+00  -9.993157e+00
5.4	   4.013033e+00  -9.986967e+00   4.084449e+00  -9.915551e+00   3.971729e+00  -1.002827e+01   4.017951e+00  -9.982049e+00   4.008116e+00  -9.991884e+00
5.5	   3.953791e+00  -1.004621e+01   4.121041e+00  -9.878959e+00   3.965370e+00  -1.003463e+01   4.016914e+00  -9.983086e+00   4.009384e+00  -9.990616e+00
5.6	   3.903450e+00  -1.009655e+01   4.152942e+00  -9.847058e+00   3.960271e+00  -1.003973e+01   4.015320e+00  -9.984680e+00   4.010614e+00  -9.989386e+00
5.7	   3.860484e+00  -1.013952e+01   4.177121e+00  -9.822879e+00   3.956822e+00  -1.004318e+01   4.013165e+00  -9.986835e+00   4.011765e+00  -9.988235e+00
5.8	   3.821466e+00  -1.017853e+01   4.190150e+00  -9.809850e+00   3.955454e+00  -1.004455e+01   4.010473e+00  -9.989527e+00   4.012799e+00  -9.987201e+00
5.9	   3.790311e+00  -1.020969e+01   4.190407e+00  -9.809593e+00   3.956531e+00  -1.004347e+01   4.007300e+00  -9.992700e+00   4.013676e+00  -9.986324e+00
6	   3.783184e+00  -1.021682e+01   4.177033e+00  -9.822967e+00   3.960381e+00  -1.003962e+01   4.003719e+00  -9.996281e+00   4.014355e+00  -9.985645e+00
6.1	   3.770607e+00  -1.022939e+01   4.151306e+00  -9.848694e+00   3.967206e+00  -1.003279e+01   3.999842e+00  -1.000016e+01   4.014798e+00  -9.985202e+00
6.2	   3.799080e+00  -1.020092e+01   4.115692e+00  -9.884308e+00   3.977117e+00  -1.002288e+01   3.995808e+00  -1.000419e+01   4.014970e+00  -9.985030e+00
6.3	   3.825747e+00  -1.017425e+01   4.072577e+00  -9.927423e+00   3.989996e+00  -1.001000e+01   3.991770e+00  -1.000823e+01   4.014840e+00  -9.985160e+00
6.4	   3.857530e+00  -1.014247e+01   4.025782e+00  -9.974218e+00   4.005636e+00  -9.994364e+00   3.987916e+00  -1.001208e+01   4.014381e+00  -9.985619e+00
6.5	   3.878840e+00  -1.012116e+01   3.978404e+00  -1.002160e+01   4.023582e+00  -9.976418e+00   3.984451e+00  -1.001555e+01   4.013582e+00  -9.986418e+00
6.6	   3.931830e+00  -1.006817e+01   3.933045e+00  -1.006695e+01   4.043239e+00  -9.956761e+00   3.981577e+00  -1.001842e+01   4.012437e+00  -9.987563e+00
6.7	   4.000347e+00  -9.999653e+00   3.892060e+00  -1.010794e+01   4.063665e+00  -9.936335e+00   3.979494e+00  -1.002051e+01   4.010957e+00  -9.989043e+00
6.8	   4.055614e+00  -9.944386e+00   3.857254e+00  -1.014275e+01   4.083684e+00  -9.916316e+00   3.978406e+00  -1.002159e+01   4.009165e+00  -9.990835e+00
6.9	   4.112861e+00  -9.887139e+00   3.830270e+00  -1.016973e+01   4.102034e+00  -9.897966e+00   3.978486e+00  -1.002151e+01   4.007100e+00  -9.992900e+00
7	   4.169368e+00  -9.830632e+00   3.811659e+00  -1.018834e+01   4.117170e+00  -9.882830e+00   3.979900e+00  -1.002010e+01   4.004815e+00  -9.995185e+00
7.1	   4.220936e+00  -9.779064e+00   3.802685e+00  -1.019731e+01   4.127368e+00  -9.872632e+00   3.982769e+00  -1.001723e+01   4.002380e+00  -9.997620e+00
7.2	   4.255994e+00  -9.744006e+00   3.803271e+00  -1.019673e+01   4.131119e+00  -9.868881e+00   3.987143e+00  -1.001286e+01   3.999877e+00  -1.000012e+01
7.3	   4.262709e+00  -9.737291e+00   3.814525e+00  -1.018547e+01   4.127098e+00  -9.872902e+00   3.993020e+00  -1.000698e+01   3.997404e+00  -1.000260e+01
7.4	   4.278282e+00  -9.721718e+00   3.835472e+00  -1.016453e+01   4.114555e+00  -9.885445e+00   4.000339e+00  -9.999661e+00   3.995067e+00  -1.000493e+01
7.5	   4.249029e+00  -9.750971e+00   3.866435e+00  -1.013357e+01   4.093664e+00  -9.906336e+00   4.008956e+00  -9.991044e+00   3.992985e+00  -1.000702e+01
7.6	   4.210454e+00  -9.789546e+00   3.907670e+00  -1.009233e+01   4.065485e+00  -9.934515e+00   4.018649e+00  -9.981351e+00   3.991272e+00  -1.000873e+01
7.7	   4.145616e+00  -9.854384e+00   3.956561e+00  -1.004344e+01   4.031844e+00  -9.968156e+00   4.029125e+00  -9.970875e+00   3.990041e+00  -1.000996e+01
7.8	   4.117526e+00  -9.882474e+00   4.013900e+00  -9.986100e+00   3.995258e+00  -1.000474e+01   4.039981e+00  -9.960019e+00   3.989401e+00  -1.001060e+01
7.9	   4.041897e+00  -9.958103e+00   4.075470e+00  -9.924530e+00   3.958131e+00  -1.004187e+01   4.050706e+00  -9.949294e+00   3.989446e+00  -1.001055e+01
8	   3.971095e+00  -1.002891e+01   4.137533e+00  -9.862467e+00   3.922853e+00  -1.007715e+01   4.060717e+00  -9.939283e+00   3.990284e+00  -1.000972e+01
8.1	   3.909899e+00  -1.009010e+01   4.195466e+00  -9.804534e+00   3.891592e+00  -1.010841e+01   4.069386e+00  -9.930614e+00   3.991972e+00  -1.000803e+01
8.2	   3.865376e+00  -1.013462e+01   4.242256e+00  -9.757744e+00   3.865863e+00  -1.013414e+01   4.076080e+00  -9.923920e+00   3.994548e+00  -1.000545e+01
8.3	   3.835784e+00  -1.016422e+01   4.270880e+00  -9.729120e+00   3.847288e+00  -1.015271e+01   4.080172e+00  -9.919828e+00   3.998017e+00  -1.000198e+01
8.4	   3.796053e+00  -1.020395e+01   4.275614e+00  -9.724386e+00   3.836641e+00  -1.016336e+01   4.081134e+00  -9.918866e+00   4.002345e+00  -9.997655e+00
8.5	   3.775184e+00  -1.022482e+01   4.260755e+00  -9.739245e+00   3.834539e+00  -1.016546e+01   4.078439e+00  -9.921561e+00   4.007459e+00  -9.992541e+00
8.6	   3.767273e+00  -1.023273e+01   4.218649e+00  -9.781351e+00   3.841667e+00  -1.015833e+01   4.071816e+00  -9.928184e+00   4.013238e+00  -9.986762e+00
8.7	   3.773318e+00  -1.022668e+01   4.182817e+00  -9.817183e+00   3.858299e+00  -1.014170e+01   4.061242e+00  -9.938758e+00   4.019518e+00  -9.980482e+00
8.8	   3.795296e+00  -1.020470e+01   4.106259e+00  -9.893741e+00   3.884321e+00  -1.011568e+01   4.046955e+00  -9.953045e+00   4.026110e+00  -9.973890e+00
8.9	   3.830669e+00  -1.016933e+01   4.071566e+00  -9.928434e+00   3.919076e+00  -1.008092e+01   4.029452e+00  -9.970548e+00   4.032753e+00  -9.967247e+00
9	   3.852161e+00  -1.014784e+01   4.010915e+00  -9.989085e+00   3.961758e+00  -1.003824e+01   4.009549e+00  -9.990451e+00   4.039151e+00  -9.960849e+00
9.1	   3.889973e+00  -1.011003e+01   3.951600e+00  -1.004840e+01   4.010972e+00  -9.989028e+00   3.988159e+00  -1.001184e+01   4.044980e+00  -9.955020e+00
9.2	   3.943190e+00  -1.005681e+01   3.906225e+00  -1.009378e+01   4.064058e+00  -9.935942e+00   3.966380e+00  -1.003362e+01   4.049911e+00  -9.950089e+00
9.3	   3.990631e+00  -1.000937e+01   3.861860e+00  -1.013814e+01   4.117800e+00  -9.882200e+00   3.945431e+00  -1.005457e+01   4.053620e+00  -9.946380e+00
9.4	   4.063681e+00  -9.936319e+00   3.806459e+00  -1.019354e+01   4.167923e+00  -9.832077e+00   3.926436e+00  -1.007356e+01   4.055792e+00  -9.944208e+00
9.5	   4.130527e+00  -9.869473e+00   3.766960e+00  -1.023304e+01   4.209892e+00  -9.790108e+00   3.910534e+00  -1.008947e+01   4.056169e+00  -9.943831e+00
9.6	   4.180341e+00  -9.819659e+00   3.763574e+00  -1.023643e+01   4.239182e+00  -9.760818e+00   3.898692e+00  -1.010131e+01   4.054493e+00  -9.945507e+00
9.7	   4.230212e+00  -9.769788e+00   3.769646e+00  -1.023035e+01   4.251883e+00  -9.748117e+00   3.891689e+00  -1.010831e+01   4.050637e+00  -9.949363e+00
9.8	   4.258158e+00  -9.741842e+00   3.777498e+00  -1.022250e+01   4.246213e+00  -9.753787e+00   3.890172e+00  -1.010983e+01   4.044581e+00  -9.955419e+00
9.9	   4.274825e+00  -9.725175e+00   3.799460e+00  -1.020054e+01   4.219591e+00  -9.780409e+00   3.894736e+00  -1.010526e+01   4.036424e+00  -9.963576e+00
10	   4.271833e+00  -9.728167e+00   3.828568e+00  -1.017143e+01   4.178568e+00  -9.821432e+00   3.905659e+00  -1.009434e+01   4.026392e+00  -9.973608e+00
10.1	   4.249413e+00  -9.750587e+00   3.876061e+00  -1.012394e+01   4.131173e+00  -9.868827e+00   3.923005e+00  -1.007699e+01   4.014821e+00  -9.985179e+00
10.2	   4.201743e+00  -9.798257e+00   3.933417e+00  -1.006658e+01   4.069010e+00  -9.930990e+00   3.946560e+00  -1.005344e+01   4.002147e+00  -9.997853e+00
10.3	   4.148689e+00  -9.851311e+00   3.991568e+00  -1.000843e+01   4.010052e+00  -9.989948e+00   3.975789e+00  -1.002421e+01   3.988887e+00  -1.001111e+01
10.4	   4.087866e+00  -9.912134e+00   4.044121e+00  -9.955879e+00   3.953760e+00  -1.004624e+01   4.009937e+00  -9.990063e+00   3.975643e+00  -1.002436e+01
10.5	   4.026530e+00  -9.973470e+00   4.103768e+00  -9.896232e+00   3.900190e+00  -1.009981e+01   4.047652e+00  -9.952348e+00   3.963129e+00  -1.003687e+01
10.6	   3.968596e+00  -1.003140e+01   4.154278e+00  -9.845722e+00   3.855813e+00  -1.014419e+01   4.087069e+00  -9.912931e+00   3.951915e+00  -1.004808e+01
10.7	   3.916434e+00  -1.008357e+01   4.198081e+00  -9.801919e+00   3.826428e+00  -1.017357e+01   4.125996e+00  -9.874004e+00   3.942604e+00  -1.005740e+01
10.8	   3.870037e+00  -1.012996e+01   4.246665e+00  -9.753335e+00   3.799036e+00  -1.020096e+01   4.161042e+00  -9.838958e+00   3.935761e+00  -1.006424e+01
10.9	   3.830240e+00  -1.016976e+01   4.271019e+00  -9.728981e+00   3.760728e+00  -1.023927e+01   4.189492e+00  -9.810508e+00   3.931882e+00  -1.006812e+01
11	   3.802893e+00  -1.019711e+01   4.255913e+00  -9.744087e+00   3.765517e+00  -1.023448e+01   4.207018e+00  -9.792982e+00   3.931331e+00  -1.006867e+01
11.1	   3.785735e+00  -1.021427e+01   4.271585e+00  -9.728415e+00   3.796905e+00  -1.020310e+01   4.210931e+00  -9.789069e+00   3.934499e+00  -1.006550e+01
11.2	   3.775348e+00  -1.022465e+01   4.199195e+00  -9.800805e+00   3.820563e+00  -1.017944e+01   4.199059e+00  -9.800941e+00   3.941563e+00  -1.005844e+01
11.3	   3.779804e+00  -1.022020e+01   4.160809e+00  -9.839191e+00   3.818272e+00  -1.018173e+01   4.172431e+00  -9.827569e+00   3.952546e+00  -1.004745e+01
11.4	   3.795181e+00  -1.020482e+01   4.100096e+00  -9.899904e+00   3.876481e+00  -1.012352e+01   4.131106e+00  -9.868894e+00   3.967323e+00  -1.003268e+01
11.5	   3.820451e+00  -1.017955e+01   4.036529e+00  -9.963471e+00   3.920536e+00  -1.007946e+01   4.081551e+00  -9.918449e+00   3.985633e+00  -1.001437e+01
11.6	   3.858379e+00  -1.014162e+01   3.986657e+00  -1.001334e+01   3.988432e+00  -1.001157e+01   4.027030e+00  -9.972970e+00   4.006944e+00  -9.993056e+00
11.7	   3.896945e+00  -1.010306e+01   3.933709e+00  -1.006629e+01   4.039355e+00  -9.960645e+00   3.972765e+00  -1.002723e+01   4.030488e+00  -9.969512e+00
11.8	   3.950141e+00  -1.004986e+01   3.885586e+00  -1.011441e+01   4.106854e+00  -9.893146e+00   3.921931e+00  -1.007807e+01   4.055372e+00  -9.944628e+00
11.9	   4.013033e+00  -9.986967e+00   3.839209e+00  -1.016079e+01   4.173383e+00  -9.826617e+00   3.877166e+00  -1.012283e+01   4.080215e+00  -9.919785e+00
12	   4.077206e+00  -9.922794e+00   3.810055e+00  -1.018995e+01   4.224674e+00  -9.775326e+00   3.840043e+00  -1.015996e+01   4.103614e+00  -9.896386e+00
12.1	   4.138350e+00  -9.861650e+00   3.789660e+00  -1.021034e+01   4.259813e+00  -9.740187e+00   3.811049e+00  -1.018895e+01   4.123940e+00  -9.876060e+00
12.2	   4.191583e+00  -9.808417e+00   3.780160e+00  -1.021984e+01   4.276585e+00  -9.723415e+00   3.792311e+00  -1.020769e+01   4.139304e+00  -9.860696e+00
12.3	   4.234193e+00  -9.765807e+00   3.788491e+00  -1.021151e+01   4.283513e+00  -9.716487e+00   3.786707e+00  -1.021329e+01   4.148088e+00  -9.851912e+00
12.4	   4.262953e+00  -9.737047e+00   3.793227e+00  -1.020677e+01   4.235918e+00  -9.764082e+00   3.791713e+00  -1.020829e+01   4.149040e+00  -9.850960e+00
12.5	   4.278109e+00  -9.721891e+00   3.813728e+00  -1.018627e+01   4.193617e+00  -9.806383e+00   3.806100e+00  -1.019390e+01   4.141095e+00  -9.858905e+00
12.6	   4.272163e+00  -9.727837e+00   3.846562e+00  -1.015344e+01   4.170254e+00  -9.829746e+00   3.833509e+00  -1.016649e+01   4.124194e+00  -9.875806e+00
12.7	   4.237109e+00  -9.762891e+00   3.888386e+00  -1.011161e+01   4.080070e+00  -9.919930e+00   3.869947e+00  -1.013005e+01   4.098835e+00  -9.901165e+00
12.8	   4.191912e+00  -9.808088e+00   3.938630e+00  -1.006137e+01   4.035994e+00  -9.964006e+00   3.917054e+00  -1.008295e+01   4.066546e+00  -9.933454e+00
12.9	   4.137692e+00  -9.862308e+00   3.995093e+00  -1.000491e+01   3.989257e+00  -1.001074e+01   3.973515e+00  -1.002648e+01   4.029605e+00  -9.970395e+00
13	   4.076182e+00  -9.923818e+00   4.057715e+00  -9.942285e+00   3.922622e+00  -1.007738e+01   4.031777e+00  -9.968223e+00   3.990630e+00  -1.000937e+01
13.1	   4.014920e+00  -9.985080e+00   4.115713e+00  -9.884287e+00   3.868282e+00  -1.013172e+01   4.095835e+00  -9.904165e+00   3.951974e+00  -1.004803e+01
13.2	   3.958129e+00  -1.004187e+01   4.166860e+00  -9.833140e+00   3.833126e+00  -1.016687e+01   4.155939e+00  -9.844061e+00   3.915866e+00  -1.008413e+01
13.3	   3.907264e+00  -1.009274e+01   4.212324e+00  -9.787676e+00   3.814745e+00  -1.018525e+01   4.211391e+00  -9.788609e+00   3.884165e+00  -1.011584e+01
13.4	   3.862921e+00  -1.013708e+01   4.257612e+00  -9.742388e+00   3.793852e+00  -1.020615e+01   4.249955e+00  -9.750045e+00   3.858544e+00  -1.014146e+01
13.5	   3.825690e+00  -1.017431e+01   4.262006e+00  -9.737994e+00   3.781812e+00  -1.021819e+01   4.273284e+00  -9.726716e+00   3.840189e+00  -1.015981e+01
13.6	   3.798512e+00  -1.020149e+01   4.251677e+00  -9.748323e+00   3.787120e+00  -1.021288e+01   4.270954e+00  -9.729046e+00   3.829872e+00  -1.017013e+01
13.7	   3.782288e+00  -1.021771e+01   4.235020e+00  -9.764980e+00   3.798300e+00  -1.020170e+01   4.247547e+00  -9.752453e+00   3.828304e+00  -1.017170e+01
13.8	   3.776407e+00  -1.022359e+01   4.208339e+00  -9.791661e+00   3.818747e+00  -1.018125e+01   4.232403e+00  -9.767597e+00   3.835972e+00  -1.016403e+01
13.9	   3.782262e+00  -1.021774e+01   4.124106e+00  -9.875894e+00   3.852785e+00  -1.014722e+01   4.159571e+00  -9.840429e+00   3.853269e+00  -1.014673e+01
14	   3.798177e+00  -1.020182e+01   4.088331e+00  -9.911669e+00   3.899713e+00  -1.010029e+01   4.100865e+00  -9.899135e+00   3.880144e+00  -1.011986e+01
14.1	   3.824524e+00  -1.017548e+01   4.010622e+00  -9.989378e+00   3.952273e+00  -1.004773e+01   4.040381e+00  -9.959619e+00   3.916148e+00  -1.008385e+01
14.2	   3.861981e+00  -1.013802e+01   3.994177e+00  -1.000582e+01   4.004267e+00  -9.995733e+00   3.972219e+00  -1.002778e+01   3.959820e+00  -1.004018e+01
14.3	   3.909641e+00  -1.009036e+01   3.939289e+00  -1.006071e+01   4.055218e+00  -9.944782e+00   3.924100e+00  -1.007590e+01   4.010373e+00  -9.989627e+00
14.4	   3.965410e+00  -1.003459e+01   3.869022e+00  -1.013098e+01   4.106940e+00  -9.893060e+00   3.871920e+00  -1.012808e+01   4.065785e+00  -9.934215e+00
14.5	   4.025744e+00  -9.974256e+00   3.822971e+00  -1.017703e+01   4.167144e+00  -9.832856e+00   3.823978e+00  -1.017602e+01   4.122380e+00  -9.877620e+00
14.6	   4.087193e+00  -9.912807e+00   3.799350e+00  -1.020065e+01   4.217868e+00  -9.782132e+00   3.796595e+00  -1.020341e+01   4.176291e+00  -9.823709e+00
14.7	   4.145883e+00  -9.854117e+00   3.782634e+00  -1.021737e+01   4.262266e+00  -9.737734e+00   3.779680e+00  -1.022032e+01   4.222141e+00  -9.777859e+00
14.8	   4.197688e+00  -9.802312e+00   3.780284e+00  -1.021972e+01   4.295708e+00  -9.704292e+00   3.775035e+00  -1.022496e+01   4.254991e+00  -9.745009e+00
14.9	   4.237757e+00  -9.762243e+00   3.784507e+00  -1.021549e+01   4.290655e+00  -9.709345e+00   3.768771e+00  -1.023123e+01   4.269052e+00  -9.730948e+00
15	   4.264049e+00  -9.735951e+00   3.790611e+00  -1.020939e+01   4.213527e+00  -9.786473e+00   3.790340e+00  -1.020966e+01   4.260406e+00  -9.739594e+00
15.1	   4.277374e+00  -9.722626e+00   3.818573e+00  -1.018143e+01   4.214011e+00  -9.785989e+00   3.811511e+00  -1.018849e+01   4.227528e+00  -9.772472e+00
15.2	   4.261174e+00  -9.738826e+00   3.858037e+00  -1.014196e+01   4.139524e+00  -9.860476e+00   3.849547e+00  -1.015045e+01   4.174689e+00  -9.825311e+00
15.3	   4.228824e+00  -9.771176e+00   3.900997e+00  -1.009900e+01   4.109886e+00  -9.890114e+00   3.897038e+00  -1.010296e+01   4.121776e+00  -9.878224e+00
15.4	   4.179284e+00  -9.820716e+00   3.946214e+00  -1.005379e+01   4.009138e+00  -9.990862e+00   3.952322e+00  -1.004768e+01   4.055009e+00  -9.944991e+00
15.5	   4.126360e+00  -9.873640e+00   3.999031e+00  -1.000097e+01   3.967473e+00  -1.003253e+01   4.012330e+00  -9.987670e+00   3.986859e+00  -1.001314e+01
15.6	   4.065826e+00  -9.934174e+00   4.060440e+00  -9.939560e+00   3.899084e+00  -1.010092e+01   4.075536e+00  -9.924464e+00   3.925771e+00  -1.007423e+01
15.7	   4.005711e+00  -9.994289e+00   4.123663e+00  -9.876337e+00   3.854472e+00  -1.014553e+01   4.135748e+00  -9.864252e+00   3.875199e+00  -1.012480e+01
15.8	   3.948874e+00  -1.005113e+01   4.177211e+00  -9.822789e+00   3.833370e+00  -1.016663e+01   4.190253e+00  -9.809747e+00   3.839485e+00  -1.016051e+01
15.9	   3.898831e+00  -1.010117e+01   4.219922e+00  -9.780078e+00   3.806528e+00  -1.019347e+01   4.239920e+00  -9.760080e+00   3.816062e+00  -1.018394e+01
16	   3.854940e+00  -1.014506e+01   4.253304e+00  -9.746696e+00   3.790533e+00  -1.020947e+01   4.289989e+00  -9.710011e+00   3.778518e+00  -1.022148e+01
16.1	   3.821451e+00  -1.017855e+01   4.267064e+00  -9.732936e+00   3.789460e+00  -1.021054e+01   4.270172e+00  -9.729828e+00   3.759788e+00  -1.024021e+01
16.2	   3.796026e+00  -1.020397e+01   4.274452e+00  -9.725548e+00   3.789506e+00  -1.021049e+01   4.237466e+00  -9.762534e+00   3.762593e+00  -1.023741e+01
16.3	   3.781837e+00  -1.021816e+01   4.252988e+00  -9.747012e+00   3.802252e+00  -1.019775e+01   4.230293e+00  -9.769707e+00   3.809339e+00  -1.019066e+01
16.4	   3.775604e+00  -1.022440e+01   4.179353e+00  -9.820647e+00   3.828204e+00  -1.017180e+01   4.205633e+00  -9.794367e+00   3.829198e+00  -1.017080e+01
16.5	   3.783382e+00  -1.021662e+01   4.137964e+00  -9.862036e+00   3.865988e+00  -1.013401e+01   4.114175e+00  -9.885825e+00   3.853262e+00  -1.014674e+01
16.6	   3.805681e+00  -1.019432e+01   4.077069e+00  -9.922931e+00   3.909382e+00  -1.009062e+01   4.077991e+00  -9.922009e+00   3.899788e+00  -1.010021e+01
16.7	   3.833308e+00  -1.016669e+01   4.035425e+00  -9.964575e+00   3.958432e+00  -1.004157e+01   4.004182e+00  -9.995818e+00   3.942955e+00  -1.005705e+01
16.8	   3.875550e+00  -1.012445e+01   3.957975e+00  -1.004202e+01   4.015348e+00  -9.984652e+00   3.985988e+00  -1.001401e+01   4.003570e+00  -9.996430e+00
16.9	   3.924280e+00  -1.007572e+01   3.909796e+00  -1.009020e+01   4.073167e+00  -9.926833e+00   3.916347e+00  -1.008365e+01   4.076084e+00  -9.923916e+00
17	   3.981319e+00  -1.001868e+01   3.865668e+00  -1.013433e+01   4.129907e+00  -9.870093e+00   3.862884e+00  -1.013712e+01   4.134947e+00  -9.865053e+00
17.1	   4.041066e+00  -9.958934e+00   3.831860e+00  -1.016814e+01   4.185585e+00  -9.814415e+00   3.836022e+00  -1.016398e+01   4.194629e+00  -9.805371e+00
17.2	   4.100949e+00  -9.899051e+00   3.805741e+00  -1.019426e+01   4.213943e+00  -9.786057e+00   3.808465e+00  -1.019153e+01   4.240783e+00  -9.759217e+00
17.3	   4.157131e+00  -9.842869e+00   3.787328e+00  -1.021267e+01   4.253137e+00  -9.746863e+00   3.791900e+00  -1.020810e+01   4.275839e+00  -9.724161e+00
17.4	   4.206125e+00  -9.793875e+00   3.783309e+00  -1.021669e+01   4.274410e+00  -9.725590e+00   3.774773e+00  -1.022523e+01   4.299903e+00  -9.700097e+00
17.5	   4.243541e+00  -9.756459e+00   3.783867e+00  -1.021613e+01   4.255150e+00  -9.744850e+00   3.788904e+00  -1.021110e+01   4.294564e+00  -9.705436e+00
17.6	   4.267037e+00  -9.732963e+00   3.806828e+00  -1.019317e+01   4.213425e+00  -9.786575e+00   3.803480e+00  -1.019652e+01   4.230144e+00  -9.769856e+00
17.7	   4.265655e+00  -9.734345e+00   3.829660e+00  -1.017034e+01   4.170152e+00  -9.829848e+00   3.821377e+00  -1.017862e+01   4.210010e+00  -9.789990e+00
17.8	   4.253629e+00  -9.746371e+00   3.862234e+00  -1.013777e+01   4.147674e+00  -9.852326e+00   3.853168e+00  -1.014683e+01   4.165115e+00  -9.834885e+00
17.9	   4.223961e+00  -9.776039e+00   3.908880e+00  -1.009112e+01   4.070900e+00  -9.929100e+00   3.892393e+00  -1.010761e+01   4.079987e+00  -9.920013e+00
18	   4.180651e+00  -9.819349e+00   3.960465e+00  -1.003953e+01   4.015139e+00  -9.984861e+00   3.959107e+00  -1.004089e+01   4.007506e+00  -9.992494e+00
18.1	   4.109742e+00  -9.890258e+00   4.017809e+00  -9.982191e+00   3.957879e+00  -1.004212e+01   4.018012e+00  -9.981988e+00   3.947550e+00  -1.005245e+01
18.2	   4.058511e+00  -9.941489e+00   4.076982e+00  -9.923018e+00   3.906764e+00  -1.009324e+01   4.066947e+00  -9.933053e+00   3.902117e+00  -1.009788e+01
18.3	   3.990329e+00  -1.000967e+01   4.134957e+00  -9.865043e+00   3.861206e+00  -1.013879e+01   4.128574e+00  -9.871426e+00   3.811216e+00  -1.018878e+01
18.4	   3.940248e+00  -1.005975e+01   4.188291e+00  -9.811709e+00   3.826514e+00  -1.017349e+01   4.214200e+00  -9.785800e+00   3.791191e+00  -1.020881e+01
18.5	   3.892542e+00  -1.010746e+01   4.232764e+00  -9.767236e+00   3.802158e+00  -1.019784e+01   4.241332e+00  -9.758668e+00   3.762826e+00  -1.023717e+01
18.6	   3.846366e+00  -1.015363e+01   4.265023e+00  -9.734977e+00   3.788390e+00  -1.021161e+01   4.307274e+00  -9.692726e+00   3.769236e+00  -1.023076e+01
18.7	   3.814532e+00  -1.018547e+01   4.275506e+00  -9.724494e+00   3.785964e+00  -1.021404e+01   4.259423e+00  -9.740577e+00   3.766997e+00  -1.023300e+01
18.8	   3.791488e+00  -1.020851e+01   4.261362e+00  -9.738638e+00   3.792005e+00  -1.020800e+01   4.302356e+00  -9.697644e+00   3.769942e+00  -1.023006e+01
18.9	   3.784355e+00  -1.021564e+01   4.239340e+00  -9.760660e+00   3.808057e+00  -1.019194e+01   4.220144e+00  -9.779856e+00   3.822394e+00  -1.017761e+01
19	   3.778228e+00  -1.022177e+01   4.196787e+00  -9.803213e+00   3.833360e+00  -1.016664e+01   4.170248e+00  -9.829752e+00   3.830009e+00  -1.016999e+01
19.1	   3.790656e+00  -1.020934e+01   4.135975e+00  -9.864025e+00   3.868009e+00  -1.013199e+01   4.097889e+00  -9.902111e+00   3.868628e+00  -1.013137e+01
19.2	   3.806735e+00  -1.019327e+01   4.071343e+00  -9.928657e+00   3.912529e+00  -1.008747e+01   4.064482e+00  -9.935518e+00   3.922877e+00  -1.007712e+01
19.3	   3.841977e+00  -1.015802e+01   4.009588e+00  -9.990412e+00   3.965829e+00  -1.003417e+01   3.975019e+00  -1.002498e+01   3.994239e+00  -1.000576e+01
19.4	   3.883053e+00  -1.011695e+01   3.952092e+00  -1.004791e+01   4.024198e+00  -9.975802e+00   3.934341e+00  -1.006566e+01   4.036851e+00  -9.963149e+00
19.5	   3.935611e+00  -1.006439e+01   3.900849e+00  -1.009915e+01   4.082627e+00  -9.917373e+00   3.902335e+00  -1.009766e+01   4.093315e+00  -9.906685e+00
19.6	   3.991783e+00  -1.000822e+01   3.856675e+00  -1.014333e+01   4.138062e+00  -9.861938e+00   3.861211e+00  -1.013879e+01   4.149727e+00  -9.850273e+00
19.7	   4.053295e+00  -9.946705e+00   3.820727e+00  -1.017927e+01   4.190754e+00  -9.809246e+00   3.831651e+00  -1.016835e+01   4.196748e+00  -9.803252e+00
19.8	   4.114661e+00  -9.885339e+00   3.795570e+00  -1.020443e+01   4.230380e+00  -9.769620e+00   3.804010e+00  -1.019599e+01   4.240659e+00  -9.759341e+00
19.9	   4.169243e+00  -9.830757e+00   3.781993e+00  -1.021801e+01   4.247660e+00  -9.752340e+00   3.796889e+00  -1.020311e+01   4.270548e+00  -9.729452e+00
20	   4.214713e+00  -9.785287e+00   3.779335e+00  -1.022066e+01   4.260974e+00  -9.739026e+00   3.796211e+00  -1.020379e+01   4.284329e+00  -9.715671e+00
20.1	   4.255108e+00  -9.744892e+00   3.785972e+00  -1.021403e+01   4.284666e+00  -9.715334e+00   3.800001e+00  -1.020000e+01   4.289889e+00  -9.710111e+00
20.2	   4.256552e+00  -9.743448e+00   3.804344e+00  -1.019566e+01   4.222289e+00  -9.777711e+00   3.811541e+00  -1.018846e+01   4.283593e+00  -9.716407e+00
20.3	   4.290397e+00  -9.709603e+00   3.836609e+00  -1.016339e+01   4.211465e+00  -9.788535e+00   3.835440e+00  -1.016456e+01   4.173756e+00  -9.826244e+00
20.4	   4.244232e+00  -9.755768e+00   3.876329e+00  -1.012367e+01   4.149031e+00  -9.850969e+00   3.870845e+00  -1.012915e+01   4.131496e+00  -9.868504e+00
20.5	   4.207904e+00  -9.792096e+00   3.921779e+00  -1.007822e+01   4.084112e+00  -9.915888e+00   3.914390e+00  -1.008561e+01   4.061151e+00  -9.938849e+00
20.6	   4.160268e+00  -9.839732e+00   3.975156e+00  -1.002484e+01   4.026306e+00  -9.973694e+00   3.964521e+00  -1.003548e+01   4.050920e+00  -9.949080e+00
20.7	   4.097944e+00  -9.902056e+00   4.033259e+00  -9.966741e+00   3.968760e+00  -1.003124e+01   4.021712e+00  -9.978288e+00   3.949307e+00  -1.005069e+01
20.8	   4.039227e+00  -9.960773e+00   4.091969e+00  -9.908031e+00   3.915074e+00  -1.008493e+01   4.083575e+00  -9.916425e+00   3.911688e+00  -1.008831e+01
20.9	   3.981390e+00  -1.001861e+01   4.148212e+00  -9.851788e+00   3.868546e+00  -1.013145e+01   4.146716e+00  -9.853284e+00   3.854699e+00  -1.014530e+01
21	   3.928627e+00  -1.007137e+01   4.199606e+00  -9.800394e+00   3.830819e+00  -1.016918e+01   4.200823e+00  -9.799177e+00   3.830057e+00  -1.016994e+01
21.1	   3.881913e+00  -1.011809e+01   4.242132e+00  -9.757868e+00   3.802890e+00  -1.019711e+01   4.250561e+00  -9.749439e+00   3.789587e+00  -1.021041e+01
21.2	   3.840489e+00  -1.015951e+01   4.269517e+00  -9.730483e+00   3.784213e+00  -1.021579e+01   4.276046e+00  -9.723954e+00   3.757087e+00  -1.024291e+01
21.3	   3.808445e+00  -1.019155e+01   4.270353e+00  -9.729647e+00   3.777365e+00  -1.022264e+01   4.271283e+00  -9.728717e+00   3.774108e+00  -1.022589e+01
21.4	   3.789132e+00  -1.021087e+01   4.263213e+00  -9.736787e+00   3.787296e+00  -1.021270e+01   4.245048e+00  -9.754952e+00   3.750216e+00  -1.024978e+01
21.5	   3.778210e+00  -1.022179e+01   4.222346e+00  -9.777654e+00   3.788482e+00  -1.021152e+01   4.225770e+00  -9.774230e+00   3.793763e+00  -1.020624e+01
21.6	   3.780116e+00  -1.021988e+01   4.175048e+00  -9.824952e+00   3.830008e+00  -1.016999e+01   4.166459e+00  -9.833541e+00   3.812602e+00  -1.018740e+01
21.7	   3.793195e+00  -1.020681e+01   4.117692e+00  -9.882308e+00   3.868219e+00  -1.013178e+01   4.120159e+00  -9.879841e+00   3.906298e+00  -1.009370e+01
21.8	   3.817372e+00  -1.018263e+01   4.053017e+00  -9.946983e+00   3.910281e+00  -1.008972e+01   4.055170e+00  -9.944830e+00   3.950677e+00  -1.004932e+01
21.9	   3.850943e+00  -1.014906e+01   3.997045e+00  -1.000295e+01   3.966304e+00  -1.003370e+01   4.009667e+00  -9.990333e+00   4.008583e+00  -9.991417e+00
22	   3.894538e+00  -1.010546e+01   3.941687e+00  -1.005831e+01   4.029012e+00  -9.970988e+00   3.957265e+00  -1.004273e+01   4.011135e+00  -9.988865e+00
22.1	   3.947129e+00  -1.005287e+01   3.893104e+00  -1.010690e+01   4.093775e+00  -9.906225e+00   3.915394e+00  -1.008461e+01   4.087742e+00  -9.912258e+00
22.2	   4.005738e+00  -9.994262e+00   3.850795e+00  -1.014920e+01   4.151089e+00  -9.848911e+00   3.876782e+00  -1.012322e+01   4.188765e+00  -9.811235e+00
22.3	   4.067492e+00  -9.932508e+00   3.815831e+00  -1.018417e+01   4.209916e+00  -9.790084e+00   3.839819e+00  -1.016018e+01   4.271892e+00  -9.728108e+00
22.4	   4.128561e+00  -9.871439e+00   3.792973e+00  -1.020703e+01   4.238828e+00  -9.761172e+00   3.814571e+00  -1.018543e+01   4.263857e+00  -9.736143e+00
22.5	   4.183348e+00  -9.816652e+00   3.782648e+00  -1.021735e+01   4.273984e+00  -9.726016e+00   3.805023e+00  -1.019498e+01   4.246979e+00  -9.753021e+00
22.6	   4.228360e+00  -9.771640e+00   3.783150e+00  -1.021685e+01   4.275884e+00  -9.724116e+00   3.796976e+00  -1.020302e+01   4.207760e+00  -9.792240e+00
22.7	   4.260084e+00  -9.739916e+00   3.794083e+00  -1.020592e+01   4.249948e+00  -9.750052e+00   3.797931e+00  -1.020207e+01   4.212425e+00  -9.787575e+00
22.8	   4.273261e+00  -9.726739e+00   3.815953e+00  -1.018405e+01   4.234081e+00  -9.765919e+00   3.817088e+00  -1.018291e+01   4.185753e+00  -9.814247e+00
22.9	   4.285873e+00  -9.714127e+00   3.847624e+00  -1.015238e+01   4.173195e+00  -9.826805e+00   3.839599e+00  -1.016040e+01   4.153270e+00  -9.846730e+00
23	   4.241523e+00  -9.758477e+00   3.887091e+00  -1.011291e+01   4.118554e+00  -9.881446e+00   3.869498e+00  -1.013050e+01   4.111441e+00  -9.888559e+00
23.1	   4.200743e+00  -9.799257e+00   3.932191e+00  -1.006781e+01   4.058115e+00  -9.941885e+00   3.911339e+00  -1.008866e+01   4.043465e+00  -9.956535e+00
23.2	   4.147749e+00  -9.852251e+00   3.982937e+00  -1.001706e+01   3.996234e+00  -1.000377e+01   3.961904e+00  -1.003810e+01   4.029944e+00  -9.970056e+00
23.3	   4.085863e+00  -9.914137e+00   4.038381e+00  -9.961619e+00   3.939075e+00  -1.006092e+01   4.016861e+00  -9.983139e+00   3.971741e+00  -1.002826e+01
23.4	   4.025295e+00  -9.974705e+00   4.096797e+00  -9.903203e+00   3.888926e+00  -1.011107e+01   4.073598e+00  -9.926402e+00   3.913816e+00  -1.008618e+01
23.5	   3.967387e+00  -1.003261e+01   4.154559e+00  -9.845441e+00   3.847497e+00  -1.015250e+01   4.130230e+00  -9.869770e+00   3.877906e+00  -1.012209e+01
23.6	   3.914913e+00  -1.008509e+01   4.206704e+00  -9.793296e+00   3.815701e+00  -1.018430e+01   4.183830e+00  -9.816170e+00   3.839948e+00  -1.016005e+01
23.7	   3.870131e+00  -1.012987e+01   4.246056e+00  -9.753944e+00   3.794159e+00  -1.020584e+01   4.229391e+00  -9.770609e+00   3.801210e+00  -1.019879e+01
23.8	   3.833090e+00  -1.016691e+01   4.267778e+00  -9.732222e+00   3.783164e+00  -1.021684e+01   4.260980e+00  -9.739020e+00   3.784299e+00  -1.021570e+01
23.9	   3.805345e+00  -1.019466e+01   4.269807e+00  -9.730193e+00   3.783445e+00  -1.021656e+01   4.271991e+00  -9.728009e+00   3.784347e+00  -1.021565e+01
24	   3.787790e+00  -1.021221e+01   4.251980e+00  -9.748020e+00   3.786692e+00  -1.021331e+01   4.268587e+00  -9.731413e+00   3.785897e+00  -1.021410e+01
24.1	   3.779571e+00  -1.022043e+01   4.202254e+00  -9.797746e+00   3.823259e+00  -1.017674e+01   4.241644e+00  -9.758356e+00   3.807884e+00  -1.019212e+01
24.2	   3.782582e+00  -1.021742e+01   4.151102e+00  -9.848898e+00   3.842225e+00  -1.015777e+01   4.189120e+00  -9.810880e+00   3.845877e+00  -1.015412e+01
24.3	   3.796824e+00  -1.020318e+01   4.110223e+00  -9.889777e+00   3.877762e+00  -1.012224e+01   4.126528e+00  -9.873472e+00   3.889633e+00  -1.011037e+01
24.4	   3.820415e+00  -1.017958e+01   4.047775e+00  -9.952225e+00   3.930385e+00  -1.006961e+01   4.071397e+00  -9.928603e+00   3.936960e+00  -1.006304e+01
24.5	   3.854750e+00  -1.014525e+01   3.995019e+00  -1.000498e+01   3.985301e+00  -1.001470e+01   4.005254e+00  -9.994746e+00   3.986727e+00  -1.001327e+01
24.6	   3.899434e+00  -1.010057e+01   3.934358e+00  -1.006564e+01   4.042668e+00  -9.957332e+00   3.950819e+00  -1.004918e+01   4.038507e+00  -9.961493e+00
24.7	   3.953709e+00  -1.004629e+01   3.889230e+00  -1.011077e+01   4.102050e+00  -9.897950e+00   3.898982e+00  -1.010102e+01   4.091646e+00  -9.908354e+00
24.8	   4.013873e+00  -9.986127e+00   3.848549e+00  -1.015145e+01   4.163408e+00  -9.836592e+00   3.852145e+00  -1.014785e+01   4.143127e+00  -9.856873e+00
24.9	   4.075954e+00  -9.924046e+00   3.817841e+00  -1.018216e+01   4.208809e+00  -9.791191e+00   3.817093e+00  -1.018291e+01   4.192826e+00  -9.807174e+00
25	   4.136199e+00  -9.863801e+00   3.794751e+00  -1.020525e+01   4.256112e+00  -9.743888e+00   3.792297e+00  -1.020770e+01   4.228084e+00  -9.771916e+00
25.1	   4.189524e+00  -9.810476e+00   3.786264e+00  -1.021374e+01   4.267848e+00  -9.732152e+00   3.781004e+00  -1.021900e+01   4.228011e+00  -9.771989e+00
25.2	   4.232475e+00  -9.767525e+00   3.782679e+00  -1.021732e+01   4.282379e+00  -9.717621e+00   3.776045e+00  -1.022395e+01   4.249122e+00  -9.750878e+00
25.3	   4.261135e+00  -9.738865e+00   3.795321e+00  -1.020468e+01   4.251758e+00  -9.748242e+00   3.785150e+00  -1.021485e+01   4.225460e+00  -9.774540e+00
25.4	   4.272594e+00  -9.727406e+00   3.812191e+00  -1.018781e+01   4.224018e+00  -9.775982e+00   3.802092e+00  -1.019791e+01   4.211630e+00  -9.788370e+00
25.5	   4.268781e+00  -9.731219e+00   3.844743e+00  -1.015526e+01   4.169929e+00  -9.830071e+00   3.833263e+00  -1.016674e+01   4.166564e+00  -9.833436e+00
25.6	   4.233302e+00  -9.766698e+00   3.884353e+00  -1.011565e+01   4.114478e+00  -9.885522e+00   3.871006e+00  -1.012899e+01   4.125082e+00  -9.874918e+00
25.7	   4.195089e+00  -9.804911e+00   3.934429e+00  -1.006557e+01   4.051950e+00  -9.948050e+00   3.922658e+00  -1.007734e+01   4.071547e+00  -9.928453e+00
25.8	   4.136906e+00  -9.863094e+00   3.990086e+00  -1.000991e+01   3.989741e+00  -1.001026e+01   3.978763e+00  -1.002124e+01   4.017194e+00  -9.982806e+00
25.9	   4.075176e+00  -9.924824e+00   4.050200e+00  -9.949800e+00   3.931988e+00  -1.006801e+01   4.039675e+00  -9.960325e+00   3.963876e+00  -1.003612e+01
26	   4.014616e+00  -9.985384e+00   4.110559e+00  -9.889441e+00   3.881448e+00  -1.011855e+01   4.102161e+00  -9.897839e+00   3.914067e+00  -1.008593e+01
26.1	   3.958094e+00  -1.004191e+01   4.166965e+00  -9.833035e+00   3.840004e+00  -1.016000e+01   4.162056e+00  -9.837944e+00   3.870472e+00  -1.012953e+01
26.2	   3.907359e+00  -1.009264e+01   4.214094e+00  -9.785906e+00   3.808388e+00  -1.019161e+01   4.213132e+00  -9.786868e+00   3.835142e+00  -1.016486e+01
26.3	   3.863840e+00  -1.013616e+01   4.252952e+00  -9.747048e+00   3.787506e+00  -1.021249e+01   4.252294e+00  -9.747706e+00   3.808411e+00  -1.019159e+01
26.4	   3.828447e+00  -1.017155e+01   4.251560e+00  -9.748440e+00   3.777680e+00  -1.022232e+01   4.265087e+00  -9.734913e+00   3.790913e+00  -1.020909e+01
26.5	   3.802339e+00  -1.019766e+01   4.274926e+00  -9.725074e+00   3.777763e+00  -1.022224e+01   4.263680e+00  -9.736320e+00   3.783228e+00  -1.021677e+01
26.6	   3.786216e+00  -1.021378e+01   4.238240e+00  -9.761760e+00   3.793441e+00  -1.020656e+01   4.243631e+00  -9.756369e+00   3.786150e+00  -1.021385e+01
26.7	   3.779535e+00  -1.022047e+01   4.198230e+00  -9.801770e+00   3.811890e+00  -1.018811e+01   4.207408e+00  -9.792592e+00   3.800956e+00  -1.019904e+01
26.8	   3.784041e+00  -1.021596e+01   4.159985e+00  -9.840015e+00   3.845552e+00  -1.015445e+01   4.164213e+00  -9.835787e+00   3.827761e+00  -1.017224e+01
26.9	   3.799111e+00  -1.020089e+01   4.103897e+00  -9.896103e+00   3.892287e+00  -1.010771e+01   4.108672e+00  -9.891328e+00   3.865845e+00  -1.013415e+01
27	   3.824915e+00  -1.017509e+01   4.045626e+00  -9.954374e+00   3.939473e+00  -1.006053e+01   4.053893e+00  -9.946107e+00   3.913602e+00  -1.008640e+01
27.1	   3.861648e+00  -1.013835e+01   3.987599e+00  -1.001240e+01   3.994024e+00  -1.000598e+01   3.997459e+00  -1.000254e+01   3.969169e+00  -1.003083e+01
27.2	   3.908265e+00  -1.009173e+01   3.933077e+00  -1.006692e+01   4.053073e+00  -9.946927e+00   3.943588e+00  -1.005641e+01   4.029797e+00  -9.970203e+00
27.3	   3.963656e+00  -1.003634e+01   3.884856e+00  -1.011514e+01   4.112652e+00  -9.887348e+00   3.895199e+00  -1.010480e+01   4.092638e+00  -9.907362e+00
27.4	   4.024791e+00  -9.975209e+00   3.844417e+00  -1.015558e+01   4.169194e+00  -9.830806e+00   3.854181e+00  -1.014582e+01   4.153627e+00  -9.846373e+00
27.5	   4.087889e+00  -9.912111e+00   3.812475e+00  -1.018753e+01   4.218345e+00  -9.781655e+00   3.821771e+00  -1.017823e+01   4.207596e+00  -9.792404e+00
27.6	   4.148119e+00  -9.851881e+00   3.790539e+00  -1.020946e+01   4.254434e+00  -9.745566e+00   3.798388e+00  -1.020161e+01   4.248374e+00  -9.751626e+00
27.7	   4.200472e+00  -9.799528e+00   3.779201e+00  -1.022080e+01   4.270699e+00  -9.729301e+00   3.784882e+00  -1.021512e+01   4.270910e+00  -9.729090e+00
27.8	   4.240473e+00  -9.759527e+00   3.779004e+00  -1.022100e+01   4.271444e+00  -9.728556e+00   3.782445e+00  -1.021755e+01   4.266498e+00  -9.733502e+00
27.9	   4.265830e+00  -9.734170e+00   3.790147e+00  -1.020985e+01   4.239288e+00  -9.760712e+00   3.791388e+00  -1.020861e+01   4.262976e+00  -9.737024e+00
28	   4.275485e+00  -9.724515e+00   3.812556e+00  -1.018744e+01   4.211448e+00  -9.788552e+00   3.810599e+00  -1.018940e+01   4.219178e+00  -9.780822e+00
28.1	   4.260888e+00  -9.739112e+00   3.845329e+00  -1.015467e+01   4.150610e+00  -9.849390e+00   3.838379e+00  -1.016162e+01   4.166849e+00  -9.833151e+00
28.2	   4.234786e+00  -9.765214e+00   3.888322e+00  -1.011168e+01   4.095227e+00  -9.904773e+00   3.876908e+00  -1.012309e+01   4.111397e+00  -9.888603e+00
28.3	   4.186410e+00  -9.813590e+00   3.939632e+00  -1.006037e+01   4.036818e+00  -9.963182e+00   3.925418e+00  -1.007458e+01   4.050459e+00  -9.949541e+00
28.4	   4.125482e+00  -9.874518e+00   3.997231e+00  -1.000277e+01   3.978642e+00  -1.002136e+01   3.980312e+00  -1.001969e+01   3.991325e+00  -1.000867e+01
28.5	   4.064918e+00  -9.935082e+00   4.058117e+00  -9.941883e+00   3.925393e+00  -1.007461e+01   4.038844e+00  -9.961156e+00   3.935633e+00  -1.006437e+01
28.6	   4.003306e+00  -9.996694e+00   4.118402e+00  -9.881598e+00   3.878736e+00  -1.012126e+01   4.098029e+00  -9.901971e+00   3.886507e+00  -1.011349e+01
28.7	   3.946212e+00  -1.005379e+01   4.173210e+00  -9.826790e+00   3.840077e+00  -1.015992e+01   4.154051e+00  -9.845949e+00   3.846289e+00  -1.015371e+01
28.8	   3.895900e+00  -1.010410e+01   4.220323e+00  -9.779677e+00   3.810044e+00  -1.018996e+01   4.202707e+00  -9.797293e+00   3.814755e+00  -1.018524e+01
28.9	   3.853134e+00  -1.014687e+01   4.247437e+00  -9.752563e+00   3.789935e+00  -1.021007e+01   4.237323e+00  -9.762677e+00   3.793312e+00  -1.020669e+01
29	   3.818907e+00  -1.018109e+01   4.265235e+00  -9.734765e+00   3.780290e+00  -1.021971e+01   4.264411e+00  -9.735589e+00   3.782303e+00  -1.021770e+01
29.1	   3.795108e+00  -1.020489e+01   4.266346e+00  -9.733654e+00   3.781297e+00  -1.021870e+01   4.257475e+00  -9.742525e+00   3.781658e+00  -1.021834e+01
29.2	   3.781495e+00  -1.021851e+01   4.241835e+00  -9.758165e+00   3.793100e+00  -1.020690e+01   4.255591e+00  -9.744409e+00   3.792016e+00  -1.020798e+01
29.3	   3.778180e+00  -1.022182e+01   4.207075e+00  -9.792925e+00   3.816330e+00  -1.018367e+01   4.219929e+00  -9.780071e+00   3.812952e+00  -1.018705e+01
29.4	   3.786222e+00  -1.021378e+01   4.162691e+00  -9.837309e+00   3.849027e+00  -1.015097e+01   4.171898e+00  -9.828102e+00   3.844006e+00  -1.015599e+01
29.5	   3.804928e+00  -1.019507e+01   4.103920e+00  -9.896080e+00   3.892273e+00  -1.010773e+01   4.125872e+00  -9.874128e+00   3.884660e+00  -1.011534e+01
29.6	   3.834163e+00  -1.016584e+01   4.044138e+00  -9.955862e+00   3.943731e+00  -1.005627e+01   4.064824e+00  -9.935176e+00   3.933502e+00  -1.006650e+01
29.7	   3.874177e+00  -1.012582e+01   3.983999e+00  -1.001600e+01   4.001334e+00  -9.998666e+00   4.004116e+00  -9.995884e+00   3.988638e+00  -1.001136e+01
29.8	   3.923821e+00  -1.007618e+01   3.928104e+00  -1.007190e+01   4.062043e+00  -9.937957e+00   3.946865e+00  -1.005313e+01   4.047320e+00  -9.952680e+00
29.9	   3.980923e+00  -1.001908e+01   3.878792e+00  -1.012121e+01   4.121997e+00  -9.878003e+00   3.894926e+00  -1.010507e+01   4.105902e+00  -9.894098e+00
30	   4.041634e+00  -9.958366e+00   3.837783e+00  -1.016222e+01   4.176551e+00  -9.823449e+00   3.850157e+00  -1.014984e+01   4.159661e+00  -9.840339e+00
30.1	   4.102781e+00  -9.897219e+00   3.806057e+00  -1.019394e+01   4.220975e+00  -9.779025e+00   3.814257e+00  -1.018574e+01   4.203900e+00  -9.796100e+00
30.2	   4.160107e+00  -9.839893e+00   3.785013e+00  -1.021499e+01   4.251771e+00  -9.748229e+00   3.788752e+00  -1.021125e+01   4.234662e+00  -9.765338e+00
30.3	   4.210435e+00  -9.789565e+00   3.775229e+00  -1.022477e+01   4.266348e+00  -9.733652e+00   3.774404e+00  -1.022560e+01   4.250256e+00  -9.749744e+00
30.4	   4.249990e+00  -9.750010e+00   3.776854e+00  -1.022315e+01   4.263591e+00  -9.736409e+00   3.771321e+00  -1.022868e+01   4.250489e+00  -9.749511e+00
30.5	   4.270156e+00  -9.729844e+00   3.789920e+00  -1.021008e+01   4.243599e+00  -9.756401e+00   3.779946e+00  -1.022005e+01   4.230421e+00  -9.769579e+00
30.6	   4.293028e+00  -9.706972e+00   3.814468e+00  -1.018553e+01   4.209905e+00  -9.790095e+00   3.800188e+00  -1.019981e+01   4.218913e+00  -9.781087e+00
30.7	   4.247657e+00  -9.752343e+00   3.849433e+00  -1.015057e+01   4.163670e+00  -9.836330e+00   3.831958e+00  -1.016804e+01   4.167336e+00  -9.832664e+00
30.8	   4.234522e+00  -9.765478e+00   3.894473e+00  -1.010553e+01   4.102946e+00  -9.897054e+00   3.874501e+00  -1.012550e+01   4.119052e+00  -9.880948e+00
30.9	   4.177084e+00  -9.822916e+00   3.947909e+00  -1.005209e+01   4.043296e+00  -9.956704e+00   3.925595e+00  -1.007440e+01   4.064450e+00  -9.935550e+00
31	   4.115775e+00  -9.884225e+00   4.007241e+00  -9.992759e+00   3.983288e+00  -1.001671e+01   3.984386e+00  -1.001561e+01   4.008438e+00  -9.991562e+00
31.1	   4.050098e+00  -9.949902e+00   4.069181e+00  -9.930819e+00   3.926610e+00  -1.007339e+01   4.047100e+00  -9.952900e+00   3.954317e+00  -1.004568e+01
31.2	   3.988280e+00  -1.001172e+01   4.129369e+00  -9.870631e+00   3.876615e+00  -1.012338e+01   4.109404e+00  -9.890596e+00   3.904571e+00  -1.009543e+01
31.3	   3.931731e+00  -1.006827e+01   4.182560e+00  -9.817440e+00   3.835457e+00  -1.016454e+01   4.165645e+00  -9.834355e+00   3.860966e+00  -1.013903e+01
31.4	   3.882788e+00  -1.011721e+01   4.224114e+00  -9.775886e+00   3.803958e+00  -1.019604e+01   4.212582e+00  -9.787418e+00   3.825806e+00  -1.017419e+01
31.5	   3.842021e+00  -1.015798e+01   4.250178e+00  -9.749822e+00   3.783518e+00  -1.021648e+01   4.245373e+00  -9.754627e+00   3.800181e+00  -1.019982e+01
31.6	   3.810361e+00  -1.018964e+01   4.261679e+00  -9.738321e+00   3.774103e+00  -1.022590e+01   4.262217e+00  -9.737783e+00   3.785221e+00  -1.021478e+01
31.7	   3.790047e+00  -1.020995e+01   4.252149e+00  -9.747851e+00   3.777313e+00  -1.022269e+01   4.263482e+00  -9.736518e+00   3.781015e+00  -1.021899e+01
31.8	   3.780351e+00  -1.021965e+01   4.241089e+00  -9.758911e+00   3.790110e+00  -1.020989e+01   4.243273e+00  -9.756727e+00   3.787899e+00  -1.021210e+01
31.9	   3.781173e+00  -1.021883e+01   4.187051e+00  -9.812949e+00   3.820834e+00  -1.017917e+01   4.224678e+00  -9.775322e+00   3.806243e+00  -1.019376e+01
32	   3.793374e+00  -1.020663e+01   4.162186e+00  -9.837814e+00   3.851930e+00  -1.014807e+01   4.163331e+00  -9.836669e+00   3.835521e+00  -1.016448e+01
32.1	   3.814872e+00  -1.018513e+01   4.105884e+00  -9.894116e+00   3.900437e+00  -1.009956e+01   4.121626e+00  -9.878374e+00   3.875071e+00  -1.012493e+01
32.2	   3.845675e+00  -1.015432e+01   4.044313e+00  -9.955687e+00   3.955447e+00  -1.004455e+01   4.070394e+00  -9.929606e+00   3.923380e+00  -1.007662e+01
32.3	   3.885882e+00  -1.011412e+01   3.986457e+00  -1.001354e+01   4.013518e+00  -9.986482e+00   4.012577e+00  -9.987423e+00   3.978710e+00  -1.002129e+01
32.4	   3.934906e+00  -1.006509e+01   3.931730e+00  -1.006827e+01   4.073019e+00  -9.926981e+00   3.956972e+00  -1.004303e+01   4.038089e+00  -9.961911e+00
32.5	   3.991173e+00  -1.000883e+01   3.882842e+00  -1.011716e+01   4.130220e+00  -9.869780e+00   3.906362e+00  -1.009364e+01   4.098192e+00  -9.901808e+00
32.6	   4.051951e+00  -9.948049e+00   3.841808e+00  -1.015819e+01   4.182042e+00  -9.817958e+00   3.863039e+00  -1.013696e+01   4.154633e+00  -9.845367e+00
32.7	   4.113618e+00  -9.886382e+00   3.809754e+00  -1.019025e+01   4.223789e+00  -9.776211e+00   3.828383e+00  -1.017162e+01   4.202819e+00  -9.797181e+00
32.8	   4.170773e+00  -9.829227e+00   3.787869e+00  -1.021213e+01   4.254268e+00  -9.745732e+00   3.802455e+00  -1.019754e+01   4.238088e+00  -9.761912e+00
32.9	   4.219581e+00  -9.780419e+00   3.776850e+00  -1.022315e+01   4.269478e+00  -9.730522e+00   3.787145e+00  -1.021285e+01   4.257469e+00  -9.742531e+00
33	   4.254993e+00  -9.745007e+00   3.776886e+00  -1.022311e+01   4.262187e+00  -9.737813e+00   3.780590e+00  -1.021941e+01   4.260719e+00  -9.739281e+00
33.1	   4.273300e+00  -9.726700e+00   3.788598e+00  -1.021140e+01   4.249233e+00  -9.750767e+00   3.790114e+00  -1.020989e+01   4.243791e+00  -9.756209e+00
33.2	   4.273776e+00  -9.726224e+00   3.812212e+00  -1.018779e+01   4.200029e+00  -9.799971e+00   3.796431e+00  -1.020357e+01   4.223368e+00  -9.776632e+00
33.3	   4.250977e+00  -9.749023e+00   3.847577e+00  -1.015242e+01   4.154139e+00  -9.845861e+00   3.839411e+00  -1.016059e+01   4.171467e+00  -9.828533e+00
33.4	   4.211835e+00  -9.788165e+00   3.894053e+00  -1.010595e+01   4.102317e+00  -9.897683e+00   3.863582e+00  -1.013642e+01   4.114469e+00  -9.885531e+00
33.5	   4.157627e+00  -9.842373e+00   3.950208e+00  -1.004979e+01   4.035482e+00  -9.964518e+00   3.912527e+00  -1.008747e+01   4.065796e+00  -9.934204e+00
33.6	   4.101052e+00  -9.898948e+00   4.013685e+00  -9.986315e+00   3.972982e+00  -1.002702e+01   3.975269e+00  -1.002473e+01   4.007619e+00  -9.992381e+00
33.7	   4.039431e+00  -9.960569e+00   4.080857e+00  -9.919143e+00   3.917304e+00  -1.008270e+01   4.037562e+00  -9.962438e+00   3.951792e+00  -1.004821e+01
33.8	   3.980688e+00  -1.001931e+01   4.146507e+00  -9.853493e+00   3.869985e+00  -1.013002e+01   4.100107e+00  -9.899893e+00   3.901279e+00  -1.009872e+01
33.9	   3.925722e+00  -1.007428e+01   4.204963e+00  -9.795037e+00   3.832150e+00  -1.016785e+01   4.171830e+00  -9.828170e+00   3.858118e+00  -1.014188e+01
34	   3.877966e+00  -1.012203e+01   4.247851e+00  -9.752149e+00   3.804332e+00  -1.019567e+01   4.218974e+00  -9.781026e+00   3.824111e+00  -1.017589e+01
34.1	   3.837451e+00  -1.016255e+01   4.282865e+00  -9.717135e+00   3.787011e+00  -1.021299e+01   4.265896e+00  -9.734104e+00   3.800086e+00  -1.019991e+01
34.2	   3.806629e+00  -1.019337e+01   4.277047e+00  -9.722953e+00   3.779811e+00  -1.022019e+01   4.274031e+00  -9.725969e+00   3.787033e+00  -1.021297e+01
34.3	   3.786704e+00  -1.021330e+01   4.274654e+00  -9.725346e+00   3.785815e+00  -1.021419e+01   4.296036e+00  -9.703964e+00   3.784839e+00  -1.021516e+01
34.4	   3.776983e+00  -1.022302e+01   4.239121e+00  -9.760879e+00   3.797801e+00  -1.020220e+01   4.253402e+00  -9.746598e+00   3.793992e+00  -1.020601e+01
34.5	   3.778537e+00  -1.022146e+01   4.205636e+00  -9.794364e+00   3.829458e+00  -1.017054e+01   4.238261e+00  -9.761739e+00   3.814089e+00  -1.018591e+01
34.6	   3.791769e+00  -1.020823e+01   4.128196e+00  -9.871804e+00   3.866060e+00  -1.013394e+01   4.166064e+00  -9.833936e+00   3.844532e+00  -1.015547e+01
34.7	   3.815080e+00  -1.018492e+01   4.074406e+00  -9.925594e+00   3.908507e+00  -1.009149e+01   4.109712e+00  -9.890288e+00   3.884519e+00  -1.011548e+01
34.8	   3.848837e+00  -1.015116e+01   4.017210e+00  -9.982790e+00   3.961428e+00  -1.003857e+01   4.054772e+00  -9.945228e+00   3.932912e+00  -1.006709e+01
34.9	   3.892882e+00  -1.010712e+01   3.958236e+00  -1.004176e+01   4.018489e+00  -9.981511e+00   3.992793e+00  -1.000721e+01   3.987108e+00  -1.001289e+01
35	   3.946140e+00  -1.005386e+01   3.904524e+00  -1.009548e+01   4.076280e+00  -9.923720e+00   3.932959e+00  -1.006704e+01   4.043563e+00  -9.956437e+00
35.1	   4.005786e+00  -9.994214e+00   3.858223e+00  -1.014178e+01   4.132866e+00  -9.867134e+00   3.881964e+00  -1.011804e+01   4.098848e+00  -9.901152e+00
35.2	   4.068123e+00  -9.931877e+00   3.821503e+00  -1.017850e+01   4.179048e+00  -9.820952e+00   3.845280e+00  -1.015472e+01   4.149478e+00  -9.850522e+00
35.3	   4.129536e+00  -9.870464e+00   3.795141e+00  -1.020486e+01   4.222607e+00  -9.777393e+00   3.808099e+00  -1.019190e+01   4.191165e+00  -9.808835e+00
35.4	   4.184744e+00  -9.815256e+00   3.779711e+00  -1.022029e+01   4.249579e+00  -9.750421e+00   3.788805e+00  -1.021120e+01   4.230696e+00  -9.769304e+00
35.5	   4.231367e+00  -9.768633e+00   3.774909e+00  -1.022509e+01   4.271853e+00  -9.728147e+00   3.778753e+00  -1.022125e+01   4.233163e+00  -9.766837e+00
35.6	   4.265261e+00  -9.734739e+00   3.782368e+00  -1.021763e+01   4.258316e+00  -9.741684e+00   3.777930e+00  -1.022207e+01   4.264140e+00  -9.735860e+00
35.7	   4.281228e+00  -9.718772e+00   3.798299e+00  -1.020170e+01   4.258397e+00  -9.741603e+00   3.795178e+00  -1.020482e+01   4.240306e+00  -9.759694e+00
35.8	   4.273205e+00  -9.726795e+00   3.829251e+00  -1.017075e+01   4.203251e+00  -9.796749e+00   3.810521e+00  -1.018948e+01   4.219965e+00  -9.780035e+00
35.9	   4.265827e+00  -9.734173e+00   3.869476e+00  -1.013052e+01   4.163777e+00  -9.836223e+00   3.859483e+00  -1.014052e+01   4.203375e+00  -9.796625e+00
36	   4.211862e+00  -9.788138e+00   3.917829e+00  -1.008217e+01   4.106831e+00  -9.893169e+00   3.894497e+00  -1.010550e+01   4.128706e+00  -9.871294e+00
36.1	   4.150568e+00  -9.849432e+00   3.975118e+00  -1.002488e+01   4.037646e+00  -9.962354e+00   3.942337e+00  -1.005766e+01   4.069466e+00  -9.930534e+00
36.2	   4.095439e+00  -9.904561e+00   4.036668e+00  -9.963332e+00   3.971691e+00  -1.002831e+01   4.002257e+00  -9.997743e+00   4.016013e+00  -9.983987e+00
36.3	   4.029711e+00  -9.970289e+00   4.099011e+00  -9.900989e+00   3.910677e+00  -1.008932e+01   4.064652e+00  -9.935348e+00   3.959146e+00  -1.004085e+01
36.4	   3.967863e+00  -1.003214e+01   4.157229e+00  -9.842771e+00   3.857086e+00  -1.014291e+01   4.127114e+00  -9.872886e+00   3.907119e+00  -1.009288e+01
36.5	   3.912667e+00  -1.008733e+01   4.206860e+00  -9.793140e+00   3.820602e+00  -1.017940e+01   4.176711e+00  -9.823289e+00   3.864537e+00  -1.013546e+01
36.6	   3.865189e+00  -1.013481e+01   4.252957e+00  -9.747043e+00   3.784698e+00  -1.021530e+01   4.223137e+00  -9.776863e+00   3.821749e+00  -1.017825e+01
36.7	   3.825658e+00  -1.017434e+01   4.254062e+00  -9.745938e+00   3.775072e+00  -1.022493e+01   4.250317e+00  -9.749683e+00   3.793026e+00  -1.020697e+01
36.8	   3.796937e+00  -1.020306e+01   4.290065e+00  -9.709935e+00   3.762990e+00  -1.023701e+01   4.262161e+00  -9.737839e+00   3.787433e+00  -1.021257e+01
36.9	   3.779184e+00  -1.022082e+01   4.240441e+00  -9.759559e+00   3.768854e+00  -1.023115e+01   4.258583e+00  -9.741417e+00   3.757180e+00  -1.024282e+01
37	   3.772911e+00  -1.022709e+01   4.238858e+00  -9.761142e+00   3.805702e+00  -1.019430e+01   4.231463e+00  -9.768537e+00   3.802115e+00  -1.019788e+01
37.1	   3.777032e+00  -1.022297e+01   4.158376e+00  -9.841624e+00   3.806177e+00  -1.019382e+01   4.201999e+00  -9.798001e+00   3.798419e+00  -1.020158e+01
37.2	   3.795288e+00  -1.020471e+01   4.115220e+00  -9.884780e+00   3.867807e+00  -1.013219e+01   4.130112e+00  -9.869888e+00   3.821921e+00  -1.017808e+01
37.3	   3.818391e+00  -1.018161e+01   4.072116e+00  -9.927884e+00   3.929793e+00  -1.007021e+01   4.083367e+00  -9.916633e+00   3.885868e+00  -1.011413e+01
37.4	   3.856023e+00  -1.014398e+01   4.011605e+00  -9.988395e+00   3.984141e+00  -1.001586e+01   4.032953e+00  -9.967047e+00   3.941249e+00  -1.005875e+01
37.5	   3.902497e+00  -1.009750e+01   3.950995e+00  -1.004901e+01   4.042794e+00  -9.957206e+00   3.975147e+00  -1.002485e+01   3.996220e+00  -1.000378e+01
37.6	   3.955629e+00  -1.004437e+01   3.892300e+00  -1.010770e+01   4.097601e+00  -9.902399e+00   3.916846e+00  -1.008315e+01   4.056680e+00  -9.943320e+00
37.7	   4.015880e+00  -9.984120e+00   3.839209e+00  -1.016079e+01   4.158684e+00  -9.841316e+00   3.871043e+00  -1.012896e+01   4.109685e+00  -9.890315e+00
37.8	   4.078984e+00  -9.921016e+00   3.829318e+00  -1.017068e+01   4.213785e+00  -9.786215e+00   3.854126e+00  -1.014587e+01   4.180113e+00  -9.819887e+00
37.9	   4.140757e+00  -9.859243e+00   3.807523e+00  -1.019248e+01   4.248184e+00  -9.751816e+00   3.813038e+00  -1.018696e+01   4.221152e+00  -9.778848e+00
38	   4.195749e+00  -9.804251e+00   3.760884e+00  -1.023912e+01   4.261755e+00  -9.738245e+00   3.787848e+00  -1.021215e+01   4.269906e+00  -9.730094e+00
38.1	   4.240095e+00  -9.759905e+00   3.804903e+00  -1.019510e+01   4.290580e+00  -9.709420e+00   3.808013e+00  -1.019199e+01   4.251457e+00  -9.748543e+00
38.2	   4.269982e+00  -9.730018e+00   3.792293e+00  -1.020771e+01   4.244923e+00  -9.755077e+00   3.770873e+00  -1.022913e+01   4.290122e+00  -9.709878e+00
38.3	   4.281141e+00  -9.718859e+00   3.793274e+00  -1.020673e+01   4.235619e+00  -9.764381e+00   3.818035e+00  -1.018196e+01   4.224908e+00  -9.775092e+00
38.4	   4.289270e+00  -9.710730e+00   3.847873e+00  -1.015213e+01   4.160793e+00  -9.839207e+00   3.835792e+00  -1.016421e+01   4.226790e+00  -9.773210e+00
38.5	   4.227539e+00  -9.772461e+00   3.895426e+00  -1.010457e+01   4.115525e+00  -9.884475e+00   3.848091e+00  -1.015191e+01   4.139066e+00  -9.860934e+00
38.6	   4.214477e+00  -9.785523e+00   3.936333e+00  -1.006367e+01   4.061946e+00  -9.938054e+00   3.897833e+00  -1.010217e+01   4.075084e+00  -9.924916e+00
38.7	   4.139952e+00  -9.860048e+00   3.988449e+00  -1.001155e+01   3.997667e+00  -1.000233e+01   3.954279e+00  -1.004572e+01   4.027530e+00  -9.972470e+00
38.8	   4.065740e+00  -9.934260e+00   4.050073e+00  -9.949927e+00   3.936380e+00  -1.006362e+01   4.007847e+00  -9.992153e+00   3.970313e+00  -1.002969e+01
38.9	   4.008904e+00  -9.991096e+00   4.102192e+00  -9.897808e+00   3.879642e+00  -1.012036e+01   4.060812e+00  -9.939188e+00   3.910759e+00  -1.008924e+01
39	   3.954528e+00  -1.004547e+01   4.146999e+00  -9.853001e+00   3.840666e+00  -1.015933e+01   4.130308e+00  -9.869692e+00   3.864204e+00  -1.013580e+01
39.1	   3.904008e+00  -1.009599e+01   4.232511e+00  -9.767489e+00   3.818123e+00  -1.018188e+01   4.187891e+00  -9.812109e+00   3.845906e+00  -1.015409e+01
39.2	   3.859298e+00  -1.014070e+01   4.234153e+00  -9.765847e+00   3.778763e+00  -1.022124e+01   4.227026e+00  -9.772974e+00   3.815240e+00  -1.018476e+01
39.3	   3.823144e+00  -1.017686e+01   4.289600e+00  -9.710400e+00   3.791791e+00  -1.020821e+01   4.266667e+00  -9.733333e+00   3.778403e+00  -1.022160e+01
39.4	   3.796969e+00  -1.020303e+01   4.279109e+00  -9.720891e+00   3.772046e+00  -1.022795e+01   4.290946e+00  -9.709054e+00   3.800920e+00  -1.019908e+01
39.5	   3.782155e+00  -1.021785e+01   4.267006e+00  -9.732994e+00   3.794823e+00  -1.020518e+01   4.270242e+00  -9.729758e+00   3.790990e+00  -1.020901e+01
39.6	   3.775982e+00  -1.022402e+01   4.232811e+00  -9.767189e+00   3.820528e+00  -1.017947e+01   4.274553e+00  -9.725447e+00   3.797819e+00  -1.020218e+01
39.7	   3.781040e+00  -1.021896e+01   4.205205e+00  -9.794795e+00   3.841574e+00  -1.015843e+01   4.209630e+00  -9.790370e+00   3.840560e+00  -1.015944e+01
39.8	   3.797643e+00  -1.020236e+01   4.115321e+00  -9.884679e+00   3.886580e+00  -1.011342e+01   4.161300e+00  -9.838700e+00   3.873320e+00  -1.012668e+01
39.9	   3.824602e+00  -1.017540e+01   4.048151e+00  -9.951849e+00   3.938566e+00  -1.006143e+01   4.112005e+00  -9.887995e+00   3.904461e+00  -1.009554e+01
40	   3.860170e+00  -1.013983e+01   3.988290e+00  -1.001171e+01   3.991399e+00  -1.000860e+01   4.038145e+00  -9.961855e+00   3.947632e+00  -1.005237e+01
40.1	   3.907606e+00  -1.009239e+01   3.929968e+00  -1.007003e+01   4.044311e+00  -9.955689e+00   3.964702e+00  -1.003530e+01   3.999252e+00  -1.000075e+01
40.2	   3.962735e+00  -1.003727e+01   3.882564e+00  -1.011744e+01   4.093836e+00  -9.906164e+00   3.894134e+00  -1.010587e+01   4.054820e+00  -9.945180e+00
40.3	   4.022148e+00  -9.977852e+00   3.839648e+00  -1.016035e+01   4.147300e+00  -9.852700e+00   3.829090e+00  -1.017091e+01   4.116102e+00  -9.883898e+00
40.4	   4.083071e+00  -9.916929e+00   3.795382e+00  -1.020462e+01   4.199281e+00  -9.800719e+00   3.811893e+00  -1.018811e+01   4.162358e+00  -9.837642e+00
40.5	   4.142658e+00  -9.857342e+00   3.790042e+00  -1.020996e+01   4.214804e+00  -9.785196e+00   3.763515e+00  -1.023649e+01   4.169367e+00  -9.830633e+00
40.6	   4.199904e+00  -9.800096e+00   3.764316e+00  -1.023568e+01   4.263429e+00  -9.736571e+00   3.761954e+00  -1.023805e+01   4.224695e+00  -9.775305e+00
40.7	   4.233299e+00  -9.766701e+00   3.773127e+00  -1.022687e+01   4.246081e+00  -9.753919e+00   3.757522e+00  -1.024248e+01   4.252514e+00  -9.747486e+00
40.8	   4.288477e+00  -9.711523e+00   3.792582e+00  -1.020742e+01   4.261264e+00  -9.738736e+00   3.766954e+00  -1.023305e+01   4.222104e+00  -9.777896e+00
40.9	   4.269693e+00  -9.730307e+00   3.802050e+00  -1.019795e+01   4.221305e+00  -9.778695e+00   3.800234e+00  -1.019977e+01   4.255658e+00  -9.744342e+00
41	   4.306506e+00  -9.693494e+00   3.845402e+00  -1.015460e+01   4.184129e+00  -9.815871e+00   3.822946e+00  -1.017705e+01   4.214038e+00  -9.785962e+00
41.1	   4.254620e+00  -9.745380e+00   3.894946e+00  -1.010505e+01   4.152706e+00  -9.847294e+00   3.863873e+00  -1.013613e+01   4.154617e+00  -9.845383e+00
41.2	   4.215184e+00  -9.784816e+00   3.944535e+00  -1.005547e+01   4.091757e+00  -9.908243e+00   3.916956e+00  -1.008304e+01   4.130967e+00  -9.869033e+00
41.3	   4.187969e+00  -9.812031e+00   3.997453e+00  -1.000255e+01   4.028766e+00  -9.971234e+00   3.972611e+00  -1.002739e+01   4.091680e+00  -9.908320e+00
41.4	   4.110220e+00  -9.889780e+00   4.052467e+00  -9.947533e+00   3.971742e+00  -1.002826e+01   4.030714e+00  -9.969286e+00   4.031793e+00  -9.968207e+00
41.5	   4.030696e+00  -9.969304e+00   4.101091e+00  -9.898909e+00   3.917437e+00  -1.008256e+01   4.092837e+00  -9.907163e+00   3.968636e+00  -1.003136e+01
41.6	   3.957601e+00  -1.004240e+01   4.145784e+00  -9.854216e+00   3.864556e+00  -1.013544e+01   4.146680e+00  -9.853320e+00   3.906325e+00  -1.009368e+01
41.7	   3.896452e+00  -1.010355e+01   4.217825e+00  -9.782175e+00   3.832687e+00  -1.016731e+01   4.175233e+00  -9.824767e+00   3.855281e+00  -1.014472e+01
41.8	   3.845069e+00  -1.015493e+01   4.227131e+00  -9.772869e+00   3.804889e+00  -1.019511e+01   4.233327e+00  -9.766673e+00   3.836655e+00  -1.016334e+01
41.9	   3.802260e+00  -1.019774e+01   4.254336e+00  -9.745664e+00   3.780462e+00  -1.021954e+01   4.244830e+00  -9.755170e+00   3.794088e+00  -1.020591e+01
42	   3.775383e+00  -1.022462e+01   4.278724e+00  -9.721276e+00   3.784469e+00  -1.021553e+01   4.252338e+00  -9.747662e+00   3.776007e+00  -1.022399e+01
42.1	   3.762286e+00  -1.023771e+01   4.234545e+00  -9.765455e+00   3.775471e+00  -1.022453e+01   4.270029e+00  -9.729971e+00   3.782610e+00  -1.021739e+01
42.2	   3.763013e+00  -1.023699e+01   4.252603e+00  -9.747397e+00   3.803757e+00  -1.019624e+01   4.219632e+00  -9.780368e+00   3.764273e+00  -1.023573e+01
42.3	   3.778540e+00  -1.022146e+01   4.200701e+00  -9.799299e+00   3.812062e+00  -1.018794e+01   4.204620e+00  -9.795380e+00   3.809703e+00  -1.019030e+01
42.4	   3.800551e+00  -1.019945e+01   4.125452e+00  -9.874548e+00   3.858884e+00  -1.014112e+01   4.183029e+00  -9.816971e+00   3.821332e+00  -1.017867e+01
42.5	   3.833868e+00  -1.016613e+01   4.075224e+00  -9.924776e+00   3.904276e+00  -1.009572e+01   4.126726e+00  -9.873274e+00   3.853737e+00  -1.014626e+01
42.6	   3.872373e+00  -1.012763e+01   4.023269e+00  -9.976731e+00   3.955044e+00  -1.004496e+01   4.066479e+00  -9.933521e+00   3.913036e+00  -1.008696e+01
42.7	   3.920079e+00  -1.007992e+01   3.963649e+00  -1.003635e+01   4.014136e+00  -9.985864e+00   4.012375e+00  -9.987625e+00   3.974425e+00  -1.002558e+01
42.8	   3.975093e+00  -1.002491e+01   3.911967e+00  -1.008803e+01   4.076436e+00  -9.923564e+00   3.961475e+00  -1.003852e+01   4.036101e+00  -9.963899e+00
42.9	   4.034759e+00  -9.965241e+00   3.878335e+00  -1.012167e+01   4.134624e+00  -9.865376e+00   3.904964e+00  -1.009504e+01   4.094586e+00  -9.905414e+00
43	   4.096231e+00  -9.903769e+00   3.828496e+00  -1.017150e+01   4.197134e+00  -9.802866e+00   3.850717e+00  -1.014928e+01   4.166032e+00  -9.833968e+00
43.1	   4.155844e+00  -9.844156e+00   3.789409e+00  -1.021059e+01   4.233875e+00  -9.766125e+00   3.842800e+00  -1.015720e+01   4.227411e+00  -9.772589e+00
43.2	   4.209799e+00  -9.790201e+00   3.788392e+00  -1.021161e+01   4.271011e+00  -9.728989e+00   3.803196e+00  -1.019680e+01   4.266998e+00  -9.733002e+00
43.3	   4.251118e+00  -9.748882e+00   3.754672e+00  -1.024533e+01   4.277534e+00  -9.722466e+00   3.785784e+00  -1.021422e+01   4.285581e+00  -9.714419e+00
43.4	   4.285433e+00  -9.714567e+00   3.787056e+00  -1.021294e+01   4.267322e+00  -9.732678e+00   3.798722e+00  -1.020128e+01   4.309378e+00  -9.690622e+00
43.5	   4.281498e+00  -9.718502e+00   3.777669e+00  -1.022233e+01   4.236983e+00  -9.763017e+00   3.775515e+00  -1.022449e+01   4.266856e+00  -9.733144e+00
43.6	   4.297099e+00  -9.702901e+00   3.824283e+00  -1.017572e+01   4.195578e+00  -9.804422e+00   3.817380e+00  -1.018262e+01   4.242574e+00  -9.757426e+00
43.7	   4.232827e+00  -9.767173e+00   3.861638e+00  -1.013836e+01   4.133124e+00  -9.866876e+00   3.839434e+00  -1.016057e+01   4.204780e+00  -9.795220e+00
43.8	   4.200494e+00  -9.799506e+00   3.905148e+00  -1.009485e+01   4.070962e+00  -9.929038e+00   3.866805e+00  -1.013320e+01   4.129948e+00  -9.870052e+00
43.9	   4.145072e+00  -9.854928e+00   3.964437e+00  -1.003556e+01   4.011145e+00  -9.988855e+00   3.913651e+00  -1.008635e+01   4.061651e+00  -9.938349e+00
44	   4.072796e+00  -9.927204e+00   4.031825e+00  -9.968175e+00   3.956474e+00  -1.004353e+01   3.968926e+00  -1.003107e+01   4.001288e+00  -9.998712e+00
44.1	   4.004498e+00  -9.995502e+00   4.104476e+00  -9.895524e+00   3.905090e+00  -1.009491e+01   4.028162e+00  -9.971838e+00   3.940036e+00  -1.005996e+01
44.2	   3.940951e+00  -1.005905e+01   4.158979e+00  -9.841021e+00   3.861942e+00  -1.013806e+01   4.093899e+00  -9.906101e+00   3.869746e+00  -1.013025e+01
44.3	   3.886078e+00  -1.011392e+01   4.227764e+00  -9.772236e+00   3.828139e+00  -1.017186e+01   4.148361e+00  -9.851639e+00   3.853747e+00  -1.014625e+01
44.4	   3.840056e+00  -1.015994e+01   4.235562e+00  -9.764438e+00   3.807468e+00  -1.019253e+01   4.192250e+00  -9.807750e+00   3.796553e+00  -1.020345e+01
44.5	   3.802739e+00  -1.019726e+01   4.293579e+00  -9.706421e+00   3.797251e+00  -1.020275e+01   4.236411e+00  -9.763589e+00   3.800788e+00  -1.019921e+01
44.6	   3.781402e+00  -1.021860e+01   4.241823e+00  -9.758177e+00   3.786412e+00  -1.021359e+01   4.249711e+00  -9.750289e+00   3.772515e+00  -1.022748e+01
44.7	   3.757978e+00  -1.024202e+01   4.260999e+00  -9.739001e+00   3.810395e+00  -1.018961e+01   4.254576e+00  -9.745424e+00   3.785803e+00  -1.021420e+01
44.8	   3.773998e+00  -1.022600e+01   4.180659e+00  -9.819341e+00   3.806854e+00  -1.019315e+01   4.232688e+00  -9.767312e+00   3.807669e+00  -1.019233e+01
44.9	   3.768127e+00  -1.023187e+01   4.161003e+00  -9.838997e+00   3.845054e+00  -1.015495e+01   4.223785e+00  -9.776215e+00   3.807736e+00  -1.019226e+01
45	   3.804094e+00  -1.019591e+01   4.112983e+00  -9.887017e+00   3.888945e+00  -1.011106e+01   4.149459e+00  -9.850541e+00   3.856670e+00  -1.014333e+01
45.1	   3.833406e+00  -1.016659e+01   4.046266e+00  -9.953734e+00   3.924197e+00  -1.007580e+01   4.113713e+00  -9.886287e+00   3.914865e+00  -1.008514e+01
45.2	   3.859945e+00  -1.014005e+01   3.989095e+00  -1.001090e+01   3.966370e+00  -1.003363e+01   4.066227e+00  -9.933773e+00   3.961585e+00  -1.003841e+01
45.3	   3.919204e+00  -1.008080e+01   3.937774e+00  -1.006223e+01   4.016803e+00  -9.983197e+00   4.012015e+00  -9.987985e+00   4.006320e+00  -9.993680e+00
45.4	   3.981327e+00  -1.001867e+01   3.892519e+00  -1.010748e+01   4.071015e+00  -9.928985e+00   3.960415e+00  -1.003959e+01   4.052496e+00  -9.947504e+00
45.5	   4.040753e+00  -9.959247e+00   3.854027e+00  -1.014597e+01   4.116200e+00  -9.883800e+00   3.913297e+00  -1.008670e+01   4.092120e+00  -9.907880e+00
45.6	   4.099824e+00  -9.900176e+00   3.823220e+00  -1.017678e+01   4.157847e+00  -9.842153e+00   3.872389e+00  -1.012761e+01   4.118511e+00  -9.881489e+00
45.7	   4.161779e+00  -9.838221e+00   3.801807e+00  -1.019819e+01   4.215915e+00  -9.784085e+00   3.839412e+00  -1.016059e+01   4.164313e+00  -9.835687e+00
45.8	   4.211589e+00  -9.788411e+00   3.787234e+00  -1.021277e+01   4.233299e+00  -9.766701e+00   3.814911e+00  -1.018509e+01   4.216756e+00  -9.783244e+00
45.9	   4.254324e+00  -9.745676e+00   3.795262e+00  -1.020474e+01   4.266062e+00  -9.733938e+00   3.798696e+00  -1.020130e+01   4.208094e+00  -9.791906e+00
46	   4.267660e+00  -9.732340e+00   3.778833e+00  -1.022117e+01   4.259988e+00  -9.740012e+00   3.795982e+00  -1.020402e+01   4.256477e+00  -9.743523e+00
46.1	   4.293649e+00  -9.706351e+00   3.825837e+00  -1.017416e+01   4.242094e+00  -9.757906e+00   3.789433e+00  -1.021057e+01   4.225420e+00  -9.774580e+00
46.2	   4.248169e+00  -9.751831e+00   3.847597e+00  -1.015240e+01   4.190617e+00  -9.809383e+00   3.823131e+00  -1.017687e+01   4.232731e+00  -9.767269e+00
46.3	   4.235867e+00  -9.764133e+00   3.865049e+00  -1.013495e+01   4.166159e+00  -9.833841e+00   3.842623e+00  -1.015738e+01   4.188841e+00  -9.811159e+00
46.4	   4.170943e+00  -9.829057e+00   3.923199e+00  -1.007680e+01   4.094202e+00  -9.905798e+00   3.861854e+00  -1.013815e+01   4.127939e+00  -9.872061e+00
46.5	   4.112974e+00  -9.887026e+00   3.984659e+00  -1.001534e+01   4.022809e+00  -9.977191e+00   3.914989e+00  -1.008501e+01   4.090152e+00  -9.909848e+00
46.6	   4.051612e+00  -9.948388e+00   4.039910e+00  -9.960090e+00   3.959384e+00  -1.004062e+01   3.973802e+00  -1.002620e+01   4.036676e+00  -9.963324e+00
46.7	   3.990116e+00  -1.000988e+01   4.089081e+00  -9.910919e+00   3.902854e+00  -1.009715e+01   4.027978e+00  -9.972022e+00   3.976021e+00  -1.002398e+01
46.8	   3.933063e+00  -1.006694e+01   4.165938e+00  -9.834062e+00   3.855276e+00  -1.014472e+01   4.079714e+00  -9.920286e+00   3.917494e+00  -1.008251e+01
46.9	   3.883233e+00  -1.011677e+01   4.231186e+00  -9.768814e+00   3.818114e+00  -1.018189e+01   4.153300e+00  -9.846700e+00   3.870952e+00  -1.012905e+01
47	   3.840297e+00  -1.015970e+01   4.237404e+00  -9.762596e+00   3.788370e+00  -1.021163e+01   4.211894e+00  -9.788106e+00   3.845079e+00  -1.015492e+01
47.1	   3.806464e+00  -1.019354e+01   4.304359e+00  -9.695641e+00   3.780590e+00  -1.021941e+01   4.219270e+00  -9.780730e+00   3.798884e+00  -1.020112e+01
47.2	   3.783990e+00  -1.021601e+01   4.265663e+00  -9.734337e+00   3.758327e+00  -1.024167e+01   4.284835e+00  -9.715165e+00   3.799013e+00  -1.020099e+01
47.3	   3.772338e+00  -1.022766e+01   4.294749e+00  -9.705251e+00   3.791788e+00  -1.020821e+01   4.244277e+00  -9.755723e+00   3.779213e+00  -1.022079e+01
47.4	   3.772416e+00  -1.022758e+01   4.230338e+00  -9.769662e+00   3.780345e+00  -1.021965e+01   4.271990e+00  -9.728010e+00   3.786590e+00  -1.021341e+01
47.5	   3.784762e+00  -1.021524e+01   4.168338e+00  -9.831662e+00   3.837830e+00  -1.016217e+01   4.219173e+00  -9.780827e+00   3.816434e+00  -1.018357e+01
47.6	   3.806926e+00  -1.019307e+01   4.124322e+00  -9.875678e+00   3.871187e+00  -1.012881e+01   4.153389e+00  -9.846611e+00   3.818933e+00  -1.018107e+01
47.7	   3.839326e+00  -1.016067e+01   4.061498e+00  -9.938502e+00   3.913432e+00  -1.008657e+01   4.118225e+00  -9.881775e+00   3.864271e+00  -1.013573e+01
47.8	   3.883450e+00  -1.011655e+01   3.986771e+00  -1.001323e+01   3.972383e+00  -1.002762e+01   4.063963e+00  -9.936037e+00   3.923592e+00  -1.007641e+01
47.9	   3.933489e+00  -1.006651e+01   3.913398e+00  -1.008660e+01   4.038195e+00  -9.961805e+00   3.996447e+00  -1.000355e+01   3.975468e+00  -1.002453e+01
48	   3.991340e+00  -1.000866e+01   3.883636e+00  -1.011636e+01   4.109434e+00  -9.890566e+00   3.928611e+00  -1.007139e+01   4.027109e+00  -9.972891e+00
48.1	   4.053640e+00  -9.946360e+00   3.835236e+00  -1.016476e+01   4.155798e+00  -9.844202e+00   3.874793e+00  -1.012521e+01   4.073561e+00  -9.926439e+00
48.2	   4.115774e+00  -9.884226e+00   3.777417e+00  -1.022258e+01   4.215873e+00  -9.784127e+00   3.855543e+00  -1.014446e+01   4.125934e+00  -9.874066e+00
48.3	   4.171112e+00  -9.828888e+00   3.795845e+00  -1.020415e+01   4.228287e+00  -9.771713e+00   3.795534e+00  -1.020447e+01   4.195339e+00  -9.804661e+00
48.4	   4.222625e+00  -9.777375e+00   3.735627e+00  -1.026437e+01   4.267456e+00  -9.732544e+00   3.788026e+00  -1.021197e+01   4.196374e+00  -9.803626e+00
48.5	   4.252455e+00  -9.747545e+00   3.794759e+00  -1.020524e+01   4.235194e+00  -9.764806e+00   3.783789e+00  -1.021621e+01   4.253820e+00  -9.746180e+00
48.6	   4.278269e+00  -9.721731e+00   3.753207e+00  -1.024679e+01   4.240211e+00  -9.759789e+00   3.759456e+00  -1.024054e+01   4.222993e+00  -9.777007e+00
48.7	   4.277152e+00  -9.722848e+00   3.824868e+00  -1.017513e+01   4.187447e+00  -9.812553e+00   3.809751e+00  -1.019025e+01   4.244374e+00  -9.755626e+00
48.8	   4.254462e+00  -9.745538e+00   3.866520e+00  -1.013348e+01   4.142306e+00  -9.857694e+00   3.800385e+00  -1.019961e+01   4.179053e+00  -9.820947e+00
48.9	   4.214187e+00  -9.785813e+00   3.879652e+00  -1.012035e+01   4.101304e+00  -9.898696e+00   3.843871e+00  -1.015613e+01   4.164662e+00  -9.835338e+00
49	   4.162228e+00  -9.837772e+00   3.918610e+00  -1.008139e+01   4.048794e+00  -9.951206e+00   3.914325e+00  -1.008567e+01   4.125945e+00  -9.874055e+00
49.1	   4.100653e+00  -9.899347e+00   3.980151e+00  -1.001985e+01   3.996489e+00  -1.000351e+01   3.967389e+00  -1.003261e+01   4.064793e+00  -9.935207e+00
49.2	   4.039024e+00  -9.960976e+00   4.052995e+00  -9.947005e+00   3.946993e+00  -1.005301e+01   4.017875e+00  -9.982125e+00   4.009674e+00  -9.990326e+00
49.3	   3.978707e+00  -1.002129e+01   4.138378e+00  -9.861622e+00   3.901925e+00  -1.009807e+01   4.073769e+00  -9.926231e+00   3.958599e+00  -1.004140e+01
49.4	   3.922013e+00  -1.007799e+01   4.189610e+00  -9.810390e+00   3.862890e+00  -1.013711e+01   4.122143e+00  -9.877857e+00   3.911206e+00  -1.008879e+01
49.5	   3.872276e+00  -1.012772e+01   4.206755e+00  -9.793245e+00   3.831573e+00  -1.016843e+01   4.146446e+00  -9.853554e+00   3.869301e+00  -1.013070e+01
49.6	   3.829368e+00  -1.017063e+01   4.275979e+00  -9.724021e+00   3.808524e+00  -1.019148e+01   4.198196e+00  -9.801804e+00   3.836381e+00  -1.016362e+01
49.7	   3.797134e+00  -1.020287e+01   4.253483e+00  -9.746517e+00   3.794793e+00  -1.020521e+01   4.255490e+00  -9.744510e+00   3.812428e+00  -1.018757e+01
49.8	   3.776543e+00  -1.022346e+01   4.293802e+00  -9.706198e+00   3.790419e+00  -1.020958e+01   4.234272e+00  -9.765728e+00   3.796399e+00  -1.020360e+01
49.9	   3.767433e+00  -1.023257e+01   4.240711e+00  -9.759289e+00   3.797247e+00  -1.020275e+01   4.284538e+00  -9.715462e+00   3.798564e+00  -1.020144e+01
50	   3.770694e+00  -1.022931e+01   4.218751e+00  -9.781249e+00   3.813504e+00  -1.018650e+01   4.223874e+00  -9.776126e+00   3.791052e+00  -1.020895e+01
50.1	   3.785917e+00  -1.021408e+01   4.193935e+00  -9.806065e+00   3.835439e+00  -1.016456e+01   4.231239e+00  -9.768761e+00   3.821495e+00  -1.017850e+01
50.2	   3.811652e+00  -1.018835e+01   4.125303e+00  -9.874697e+00   3.877640e+00  -1.012236e+01   4.179629e+00  -9.820371e+00   3.850837e+00  -1.014916e+01
50.3	   3.848593e+00  -1.015141e+01   4.058011e+00  -9.941989e+00   3.922461e+00  -1.007754e+01   4.093088e+00  -9.906912e+00   3.868104e+00  -1.013190e+01
50.4	   3.894534e+00  -1.010547e+01   4.000934e+00  -9.999066e+00   3.970094e+00  -1.002991e+01   4.031277e+00  -9.968723e+00   3.916601e+00  -1.008340e+01
50.5	   3.948691e+00  -1.005131e+01   3.948939e+00  -1.005106e+01   4.026941e+00  -9.973059e+00   3.974575e+00  -1.002543e+01   3.975020e+00  -1.002498e+01
50.6	   4.008260e+00  -9.991740e+00   3.882313e+00  -1.011769e+01   4.089137e+00  -9.910863e+00   3.922764e+00  -1.007724e+01   4.030871e+00  -9.969129e+00
50.7	   4.069616e+00  -9.930384e+00   3.819780e+00  -1.018022e+01   4.147209e+00  -9.852791e+00   3.893513e+00  -1.010649e+01   4.084083e+00  -9.915917e+00
50.8	   4.129086e+00  -9.870914e+00   3.831688e+00  -1.016831e+01   4.202202e+00  -9.797798e+00   3.855116e+00  -1.014488e+01   4.144813e+00  -9.855187e+00
50.9	   4.182334e+00  -9.817666e+00   3.759940e+00  -1.024006e+01   4.249135e+00  -9.750865e+00   3.782640e+00  -1.021736e+01   4.207500e+00  -9.792500e+00
51	   4.226892e+00  -9.773108e+00   3.780325e+00  -1.021968e+01   4.280716e+00  -9.719284e+00   3.804463e+00  -1.019554e+01   4.227134e+00  -9.772866e+00
51.1	   4.260026e+00  -9.739974e+00   3.768922e+00  -1.023108e+01   4.260201e+00  -9.739799e+00   3.774245e+00  -1.022576e+01   4.274202e+00  -9.725798e+00
51.2	   4.276899e+00  -9.723101e+00   3.760075e+00  -1.023992e+01   4.270828e+00  -9.729172e+00   3.759474e+00  -1.024053e+01   4.263172e+00  -9.736828e+00
51.3	   4.274738e+00  -9.725262e+00   3.821919e+00  -1.017808e+01   4.197272e+00  -9.802728e+00   3.812314e+00  -1.018769e+01   4.257610e+00  -9.742390e+00
51.4	   4.237608e+00  -9.762392e+00   3.823737e+00  -1.017626e+01   4.166893e+00  -9.833107e+00   3.793959e+00  -1.020604e+01   4.212875e+00  -9.787125e+00
51.5	   4.202303e+00  -9.797697e+00   3.849729e+00  -1.015027e+01   4.110156e+00  -9.889844e+00   3.831463e+00  -1.016854e+01   4.186941e+00  -9.813059e+00
51.6	   4.140283e+00  -9.859717e+00   3.920530e+00  -1.007947e+01   4.041517e+00  -9.958483e+00   3.906768e+00  -1.009323e+01   4.106520e+00  -9.893480e+00
