           0.1	   3.999974e+00  -2.625267e-05   3.999997e+00  -3.455679e-06   4.000000e+00  -3.807353e-07   4.000000e+00  -4.240304e-08   4.000000e+00  -4.731525e-09
0.2	   3.999828e+00  -1.717162e-04   3.999978e+00  -2.212895e-05   3.999998e+00  -2.464201e-06   4.000000e+00  -2.780260e-07   4.000000e+00  -3.142632e-08
0.3	   3.999500e+00  -4.998207e-04   3.999936e+00  -6.366594e-05   3.999993e+00  -7.200591e-06   3.999999e+00  -8.264666e-07   4.000000e+00  -9.499709e-08
0.4	   3.998943e+00  -1.057382e-03   3.999866e+00  -1.343881e-04   3.999984e+00  -1.551371e-05   3.999998e+00  -1.819019e-06   4.000000e+00  -2.134057e-07
0.5	   3.998122e+00  -1.877786e-03   3.999760e+00  -2.403531e-04   3.999972e+00  -2.845525e-05   3.999997e+00  -3.420955e-06   4.000000e+00  -4.108775e-07
0.6	   3.997036e+00  -2.964098e-03   3.999614e+00  -3.855499e-04   3.999953e+00  -4.703923e-05   3.999994e+00  -5.819420e-06   3.999999e+00  -7.175432e-07
0.7	   3.995713e+00  -4.286696e-03   3.999428e+00  -5.723406e-04   3.999928e+00  -7.231556e-05   3.999991e+00  -9.237487e-06   3.999999e+00  -1.172090e-06
0.8	   3.994220e+00  -5.779936e-03   3.999198e+00  -8.015761e-04   3.999895e+00  -1.053803e-04   3.999986e+00  -1.393905e-05   3.999998e+00  -1.823298e-06
0.9	   3.992665e+00  -7.334678e-03   3.998928e+00  -1.072297e-03   3.999853e+00  -1.473767e-04   3.999980e+00  -2.023801e-05   3.999997e+00  -2.732874e-06
1	   3.991205e+00  -8.794926e-03   3.998619e+00  -1.381335e-03   3.999801e+00  -1.994311e-04   3.999972e+00  -2.849649e-05   3.999996e+00  -3.976935e-06
1.1	   3.990039e+00  -9.960748e-03   3.998277e+00  -1.723384e-03   3.999737e+00  -2.626483e-04   3.999961e+00  -3.913158e-05   3.999994e+00  -5.648969e-06
1.2	   3.989409e+00  -1.059097e-02   3.997912e+00  -2.088242e-03   3.999662e+00  -3.377295e-04   3.999947e+00  -5.257094e-05   3.999992e+00  -7.855972e-06
1.3	   3.989523e+00  -1.047689e-02   3.997536e+00  -2.464117e-03   3.999575e+00  -4.253837e-04   3.999931e+00  -6.931763e-05   3.999989e+00  -1.073034e-05
1.4	   3.990629e+00  -9.370782e-03   3.997163e+00  -2.837014e-03   3.999474e+00  -5.260403e-04   3.999910e+00  -8.989723e-05   3.999986e+00  -1.442320e-05
1.5	   3.992893e+00  -7.106576e-03   3.996813e+00  -3.186743e-03   3.999360e+00  -6.395166e-04   3.999885e+00  -1.148497e-04   3.999981e+00  -1.911074e-05
1.6	   3.996394e+00  -3.606418e-03   3.996514e+00  -3.486042e-03   3.999235e+00  -7.646102e-04   3.999855e+00  -1.446412e-04   3.999975e+00  -2.498092e-05
1.7	   4.001036e+00   1.035709e-03   3.996293e+00  -3.707476e-03   3.999100e+00  -8.999781e-04   3.999820e+00  -1.797937e-04   3.999968e+00  -3.225766e-05
1.8	   4.006559e+00   6.558790e-03   3.996178e+00  -3.821878e-03   3.998957e+00  -1.043376e-03   3.999779e+00  -2.207347e-04   3.999959e+00  -4.117647e-05
1.9	   4.012516e+00   1.251617e-02   3.996195e+00  -3.805285e-03   3.998807e+00  -1.192554e-03   3.999732e+00  -2.679413e-04   3.999948e+00  -5.201397e-05
2	   4.018413e+00   1.841287e-02   3.996372e+00  -3.628365e-03   3.998656e+00  -1.344282e-03   3.999678e+00  -3.217441e-04   3.999935e+00  -6.505291e-05
2.1	   4.023775e+00   2.377452e-02   3.996740e+00  -3.259784e-03   3.998506e+00  -1.493658e-03   3.999618e+00  -3.822959e-04   3.999919e+00  -8.059475e-05
2.2	   4.028194e+00   2.819419e-02   3.997328e+00  -2.672347e-03   3.998365e+00  -1.634836e-03   3.999550e+00  -4.495344e-04   3.999901e+00  -9.893489e-05
2.3	   4.031328e+00   3.132827e-02   3.998159e+00  -1.840672e-03   3.998239e+00  -1.760559e-03   3.999477e+00  -5.231908e-04   3.999880e+00  -1.203842e-04
2.4	   4.032810e+00   3.281008e-02   3.999246e+00  -7.535096e-04   3.998137e+00  -1.863203e-03   3.999397e+00  -6.027456e-04   3.999855e+00  -1.452296e-04
2.5	   4.032313e+00   3.231280e-02   4.000593e+00   5.927367e-04   3.998066e+00  -1.934334e-03   3.999313e+00  -6.873849e-04   3.999826e+00  -1.737567e-04
2.6	   4.029571e+00   2.957113e-02   4.002187e+00   2.187382e-03   3.998035e+00  -1.965308e-03   3.999224e+00  -7.759009e-04   3.999794e+00  -2.061906e-04
2.7	   4.024638e+00   2.463804e-02   4.004007e+00   4.006583e-03   3.998054e+00  -1.946368e-03   3.999133e+00  -8.666830e-04   3.999757e+00  -2.427266e-04
2.8	   4.017781e+00   1.778074e-02   4.006015e+00   6.014995e-03   3.998135e+00  -1.865055e-03   3.999042e+00  -9.575731e-04   3.999717e+00  -2.834517e-04
2.9	   4.009319e+00   9.319406e-03   4.008146e+00   8.146006e-03   3.998288e+00  -1.711808e-03   3.998954e+00  -1.046073e-03   3.999672e+00  -3.284016e-04
3	   3.999736e+00  -2.636889e-04   4.010321e+00   1.032148e-02   3.998522e+00  -1.477714e-03   3.998871e+00  -1.129173e-03   3.999623e+00  -3.774685e-04
3.1	   3.989624e+00  -1.037588e-02   4.012432e+00   1.243183e-02   3.998846e+00  -1.153905e-03   3.998797e+00  -1.203196e-03   3.999570e+00  -4.304211e-04
3.2	   3.979637e+00  -2.036291e-02   4.014359e+00   1.435877e-02   3.999267e+00  -7.333123e-04   3.998736e+00  -1.263986e-03   3.999513e+00  -4.868369e-04
3.3	   3.970297e+00  -2.970281e-02   4.015945e+00   1.594515e-02   3.999787e+00  -2.126897e-04   3.998693e+00  -1.307270e-03   3.999454e+00  -5.461489e-04
3.4	   3.961993e+00  -3.800735e-02   4.017022e+00   1.702221e-02   4.000406e+00   4.062192e-04   3.998671e+00  -1.328786e-03   3.999392e+00  -6.075798e-04
3.5	   3.955294e+00  -4.470585e-02   4.017445e+00   1.744541e-02   4.001121e+00   1.120815e-03   3.998676e+00  -1.323604e-03   3.999330e+00  -6.701004e-04
3.6	   3.950718e+00  -4.928170e-02   4.017079e+00   1.707915e-02   4.001924e+00   1.923703e-03   3.998714e+00  -1.285596e-03   3.999268e+00  -7.324259e-04
3.7	   3.948551e+00  -5.144887e-02   4.015760e+00   1.576008e-02   4.002800e+00   2.800371e-03   3.998790e+00  -1.209636e-03   3.999207e+00  -7.930279e-04
3.8	   3.949003e+00  -5.099704e-02   4.013409e+00   1.340876e-02   4.003732e+00   3.731780e-03   3.998909e+00  -1.090904e-03   3.999150e+00  -8.501033e-04
3.9	   3.952190e+00  -4.780979e-02   4.009976e+00   9.975960e-03   4.004692e+00   4.691917e-03   3.999075e+00  -9.249374e-04   3.999098e+00  -9.015289e-04
4	   3.958105e+00  -4.189542e-02   4.005506e+00   5.505854e-03   4.005654e+00   5.653647e-03   3.999292e+00  -7.080812e-04   3.999055e+00  -9.449370e-04
4.1	   3.966740e+00  -3.325960e-02   4.000131e+00   1.310755e-04   4.006580e+00   6.580105e-03   3.999563e+00  -4.373049e-04   3.999022e+00  -9.777751e-04
4.2	   3.977810e+00  -2.219022e-02   3.994043e+00  -5.957057e-03   4.007427e+00   7.427421e-03   3.999889e+00  -1.112134e-04   3.999003e+00  -9.973838e-04
4.3	   3.990955e+00  -9.045096e-03   3.987523e+00  -1.247742e-02   4.008148e+00   8.148290e-03   4.000270e+00   2.700733e-04   3.998999e+00  -1.000983e-03
4.4	   4.005588e+00   5.588165e-03   3.980935e+00  -1.906530e-02   4.008694e+00   8.694235e-03   4.000705e+00   7.045247e-04   3.999015e+00  -9.851162e-04
4.5	   4.021019e+00   2.101923e-02   3.974710e+00  -2.528952e-02   4.009019e+00   9.019460e-03   4.001188e+00   1.188158e-03   3.999054e+00  -9.464374e-04
4.6	   4.036506e+00   3.650610e-02   3.969291e+00  -3.070929e-02   4.009082e+00   9.082207e-03   4.001715e+00   1.714770e-03   3.999118e+00  -8.818289e-04
4.7	   4.050834e+00   5.083390e-02   3.965090e+00  -3.491021e-02   4.008830e+00   8.830255e-03   4.002275e+00   2.275147e-03   3.999212e+00  -7.884118e-04
4.8	   4.062958e+00   6.295834e-02   3.962484e+00  -3.751598e-02   4.008226e+00   8.226233e-03   4.002858e+00   2.857525e-03   3.999336e+00  -6.636112e-04
4.9	   4.072321e+00   7.232094e-02   3.961795e+00  -3.820535e-02   4.007246e+00   7.245755e-03   4.003448e+00   3.447778e-03   3.999495e+00  -5.052548e-04
5	   4.078199e+00   7.819909e-02   3.963320e+00  -3.668042e-02   4.005877e+00   5.877002e-03   4.004031e+00   4.031008e-03   3.999688e+00  -3.117383e-04
5.1	   4.079657e+00   7.965738e-02   3.967206e+00  -3.279388e-02   4.004123e+00   4.122679e-03   4.004586e+00   4.585811e-03   3.999918e+00  -8.223752e-05
5.2	   4.075682e+00   7.568226e-02   3.973426e+00  -2.657390e-02   4.002003e+00   2.003382e-03   4.005090e+00   5.090126e-03   4.000183e+00   1.832120e-04
5.3	   4.066525e+00   6.652517e-02   3.981857e+00  -1.814278e-02   3.999563e+00  -4.365902e-04   4.005520e+00   5.520278e-03   4.000484e+00   4.835198e-04
5.4	   4.053399e+00   5.339854e-02   3.992191e+00  -7.809039e-03   3.996871e+00  -3.129300e-03   4.005853e+00   5.853111e-03   4.000816e+00   8.164817e-04
5.5	   4.037300e+00   3.729995e-02   4.003943e+00   3.943456e-03   3.994013e+00  -5.987404e-03   4.006066e+00   6.065888e-03   4.001179e+00   1.178557e-03
5.6	   4.018999e+00   1.899892e-02   4.016473e+00   1.647305e-02   3.991099e+00  -8.900724e-03   4.006137e+00   6.137267e-03   4.001565e+00   1.564791e-03
5.7	   3.999527e+00  -4.730171e-04   4.029117e+00   2.911660e-02   3.988264e+00  -1.173641e-02   4.006046e+00   6.046009e-03   4.001969e+00   1.968835e-03
5.8	   3.979890e+00  -2.011034e-02   4.040996e+00   4.099619e-02   3.985656e+00  -1.434364e-02   4.005772e+00   5.772258e-03   4.002383e+00   2.382799e-03
5.9	   3.961380e+00  -3.861972e-02   4.051218e+00   5.121833e-02   3.983434e+00  -1.656594e-02   4.005304e+00   5.303786e-03   4.002798e+00   2.797624e-03
6	   3.945133e+00  -5.486678e-02   4.059035e+00   5.903504e-02   3.981745e+00  -1.825486e-02   4.004633e+00   4.633292e-03   4.003203e+00   3.203342e-03
6.1	   3.931943e+00  -6.805679e-02   4.063859e+00   6.385924e-02   3.980736e+00  -1.926419e-02   4.003760e+00   3.760244e-03   4.003587e+00   3.586859e-03
6.2	   3.922012e+00  -7.798807e-02   4.065306e+00   6.530593e-02   3.980531e+00  -1.946896e-02   4.002692e+00   2.691696e-03   4.003935e+00   3.934712e-03
6.3	   3.915814e+00  -8.418614e-02   4.063051e+00   6.305101e-02   3.981270e+00  -1.873008e-02   4.001443e+00   1.443328e-03   4.004233e+00   4.232775e-03
6.4	   3.913881e+00  -8.611895e-02   4.057093e+00   5.709331e-02   3.983045e+00  -1.695536e-02   4.000040e+00   4.036574e-05   4.004467e+00   4.467395e-03
6.5	   3.916640e+00  -8.336016e-02   4.047749e+00   4.774870e-02   3.985900e+00  -1.409967e-02   3.998518e+00  -1.481989e-03   4.004625e+00   4.625348e-03
6.6	   3.924121e+00  -7.587906e-02   4.035508e+00   3.550845e-02   3.989837e+00  -1.016296e-02   3.996921e+00  -3.078915e-03   4.004694e+00   4.693864e-03
6.7	   3.935483e+00  -6.451672e-02   4.021006e+00   2.100573e-02   3.994795e+00  -5.204827e-03   3.995303e+00  -4.696938e-03   4.004662e+00   4.662196e-03
6.8	   3.950394e+00  -4.960598e-02   4.005058e+00   5.057795e-03   4.000653e+00   6.530609e-04   3.993726e+00  -6.274146e-03   4.004517e+00   4.517316e-03
6.9	   3.968250e+00  -3.174969e-02   3.988498e+00  -1.150243e-02   4.007222e+00   7.221512e-03   3.992258e+00  -7.741917e-03   4.004252e+00   4.252447e-03
7	   3.988015e+00  -1.198503e-02   3.972232e+00  -2.776800e-02   4.014239e+00   1.423896e-02   3.990974e+00  -9.025819e-03   4.003863e+00   3.862908e-03
7.1	   4.008563e+00   8.563047e-03   3.957109e+00  -4.289093e-02   4.021397e+00   2.139736e-02   3.989949e+00  -1.005111e-02   4.003348e+00   3.347688e-03
7.2	   4.029120e+00   2.911983e-02   3.943955e+00  -5.604547e-02   4.028322e+00   2.832227e-02   3.989253e+00  -1.074700e-02   4.002710e+00   2.709936e-03
7.3	   4.048333e+00   4.833349e-02   3.933451e+00  -6.654932e-02   4.034566e+00   3.456632e-02   3.988952e+00  -1.104778e-02   4.001957e+00   1.957397e-03
7.4	   4.064680e+00   6.467956e-02   3.925993e+00  -7.400697e-02   4.039669e+00   3.966865e-02   3.989098e+00  -1.090219e-02   4.001103e+00   1.102782e-03
7.5	   4.077877e+00   7.787678e-02   3.922148e+00  -7.785176e-02   4.043208e+00   4.320845e-02   3.989758e+00  -1.024195e-02   4.000164e+00   1.640358e-04
7.6	   4.087404e+00   8.740361e-02   3.922297e+00  -7.770326e-02   4.044810e+00   4.480969e-02   3.990963e+00  -9.037271e-03   3.999164e+00  -8.357221e-04
7.7	   4.092304e+00   9.230448e-02   3.926695e+00  -7.330478e-02   4.044180e+00   4.417958e-02   3.992725e+00  -7.274865e-03   3.998132e+00  -1.868342e-03
7.8	   4.091861e+00   9.186149e-02   3.934944e+00  -6.505555e-02   4.041041e+00   4.104132e-02   3.995036e+00  -4.963650e-03   3.997099e+00  -2.901023e-03
7.9	   4.085578e+00   8.557763e-02   3.946801e+00  -5.319860e-02   4.035376e+00   3.537620e-02   3.997862e+00  -2.138415e-03   3.996103e+00  -3.897058e-03
8	   4.073865e+00   7.386538e-02   3.961895e+00  -3.810501e-02   4.027326e+00   2.732614e-02   4.001138e+00   1.138359e-03   3.995184e+00  -4.816395e-03
8.1	   4.058215e+00   5.821455e-02   3.979632e+00  -2.036780e-02   4.017223e+00   1.722328e-02   4.004776e+00   4.775801e-03   3.994384e+00  -5.616004e-03
8.2	   4.039656e+00   3.965561e-02   3.999218e+00  -7.822519e-04   4.005550e+00   5.550030e-03   4.008653e+00   8.652782e-03   3.993746e+00  -6.254164e-03
8.3	   4.019638e+00   1.963765e-02   4.019591e+00   1.959074e-02   3.992892e+00  -7.107525e-03   4.012621e+00   1.262132e-02   3.993309e+00  -6.691252e-03
8.4	   3.999388e+00  -6.116039e-04   4.039721e+00   3.972077e-02   3.979944e+00  -2.005575e-02   4.016518e+00   1.651845e-02   3.993108e+00  -6.891704e-03
8.5	   3.979461e+00  -2.053921e-02   4.058201e+00   5.820123e-02   3.967492e+00  -3.250764e-02   4.020151e+00   2.015125e-02   3.993177e+00  -6.822811e-03
8.6	   3.960639e+00  -3.936053e-02   4.073929e+00   7.392888e-02   3.956221e+00  -4.377877e-02   4.023306e+00   2.330597e-02   3.993552e+00  -6.447674e-03
8.7	   3.944030e+00  -5.597046e-02   4.086028e+00   8.602811e-02   3.946815e+00  -5.318486e-02   4.025780e+00   2.577988e-02   3.994252e+00  -5.748485e-03
8.8	   3.930640e+00  -6.936021e-02   4.093024e+00   9.302391e-02   3.939839e+00  -6.016133e-02   4.027387e+00   2.738682e-02   3.995283e+00  -4.717186e-03
8.9	   3.920821e+00  -7.917855e-02   4.094007e+00   9.400717e-02   3.935780e+00  -6.421992e-02   4.027960e+00   2.796003e-02   3.996644e+00  -3.355855e-03
9	   3.915054e+00  -8.494648e-02   4.088665e+00   8.866544e-02   3.934913e+00  -6.508689e-02   4.027355e+00   2.735492e-02   3.998318e+00  -1.682122e-03
9.1	   3.913670e+00  -8.633036e-02   4.077712e+00   7.771175e-02   3.937518e+00  -6.248207e-02   4.025447e+00   2.544688e-02   4.000274e+00   2.737460e-04
9.2	   3.916885e+00  -8.311523e-02   4.062725e+00   6.272547e-02   3.943626e+00  -5.637402e-02   4.022221e+00   2.222062e-02   4.002465e+00   2.464771e-03
9.3	   3.924437e+00  -7.556258e-02   4.044626e+00   4.462584e-02   3.953098e+00  -4.690155e-02   4.017706e+00   1.770565e-02   4.004830e+00   4.829584e-03
9.4	   3.935412e+00  -6.458817e-02   4.024320e+00   2.431958e-02   3.965593e+00  -3.440734e-02   4.012013e+00   1.201266e-02   4.007292e+00   7.291772e-03
9.5	   3.949593e+00  -5.040707e-02   4.003174e+00   3.173823e-03   3.980615e+00  -1.938522e-02   4.005321e+00   5.320627e-03   4.009762e+00   9.761983e-03
9.6	   3.966738e+00  -3.326163e-02   3.982398e+00  -1.760214e-02   3.997479e+00  -2.521420e-03   3.997884e+00  -2.116385e-03   4.012141e+00   1.214062e-02
9.7	   3.986054e+00  -1.394645e-02   3.963149e+00  -3.685102e-02   4.015280e+00   1.528045e-02   3.990014e+00  -9.986447e-03   4.014325e+00   1.432483e-02
9.8	   4.006432e+00   6.432467e-03   3.946212e+00  -5.378783e-02   4.033080e+00   3.308039e-02   3.982074e+00  -1.792636e-02   4.016195e+00   1.619547e-02
9.9	   4.026986e+00   2.698620e-02   3.932381e+00  -6.761927e-02   4.049711e+00   4.971141e-02   3.974492e+00  -2.550834e-02   4.017638e+00   1.763768e-02
10	   4.046447e+00   4.644661e-02   3.921902e+00  -7.809763e-02   4.064017e+00   6.401742e-02   3.967636e+00  -3.236411e-02   4.018553e+00   1.855259e-02
10.1	   4.063260e+00   6.325975e-02   3.915346e+00  -8.465431e-02   4.075274e+00   7.527447e-02   3.961899e+00  -3.810140e-02   4.018853e+00   1.885307e-02
10.2	   4.076902e+00   7.690215e-02   3.913197e+00  -8.680260e-02   4.082558e+00   8.255802e-02   3.957633e+00  -4.236665e-02   4.018461e+00   1.846104e-02
10.3	   4.086753e+00   8.675327e-02   3.915650e+00  -8.434998e-02   4.084975e+00   8.497478e-02   3.955158e+00  -4.484183e-02   4.017312e+00   1.731151e-02
10.4	   4.091959e+00   9.195872e-02   3.922572e+00  -7.742839e-02   4.082124e+00   8.212352e-02   3.954699e+00  -4.530088e-02   4.015390e+00   1.538997e-02
10.5	   4.092041e+00   9.204104e-02   3.933294e+00  -6.670632e-02   4.074164e+00   7.416448e-02   3.956483e+00  -4.351725e-02   4.012706e+00   1.270589e-02
10.6	   4.086420e+00   8.641973e-02   3.947271e+00  -5.272872e-02   4.062222e+00   6.222159e-02   3.960595e+00  -3.940537e-02   4.009309e+00   9.309187e-03
10.7	   4.075225e+00   7.522500e-02   3.964128e+00  -3.587206e-02   4.046835e+00   4.683539e-02   3.967010e+00  -3.299034e-02   4.005284e+00   5.284110e-03
10.8	   4.059932e+00   5.993239e-02   3.983134e+00  -1.686634e-02   4.028838e+00   2.883764e-02   3.975592e+00  -2.440828e-02   4.000755e+00   7.548966e-04
10.9	   4.041591e+00   4.159130e-02   4.003360e+00   3.359766e-03   4.009330e+00   9.329594e-03   3.986103e+00  -1.389662e-02   3.995878e+00  -4.122184e-03
11	   4.021603e+00   2.160350e-02   4.023728e+00   2.372821e-02   3.989416e+00  -1.058371e-02   3.998142e+00  -1.858258e-03   3.990840e+00  -9.160146e-03
11.1	   4.001315e+00   1.315345e-03   4.043197e+00   4.319673e-02   3.970176e+00  -2.982447e-02   4.011188e+00   1.118784e-02   3.985851e+00  -1.414851e-02
11.2	   3.981359e+00  -1.864122e-02   4.060548e+00   6.054776e-02   3.952572e+00  -4.742821e-02   4.024622e+00   2.462226e-02   3.981147e+00  -1.885344e-02
11.3	   3.962465e+00  -3.753458e-02   4.074992e+00   7.499190e-02   3.937485e+00  -6.251456e-02   4.037723e+00   3.772329e-02   3.976963e+00  -2.303690e-02
11.4	   3.945616e+00  -5.438351e-02   4.085824e+00   8.582430e-02   3.925491e+00  -7.450913e-02   4.049626e+00   4.962607e-02   3.973509e+00  -2.649128e-02
11.5	   3.931863e+00  -6.813663e-02   4.091878e+00   9.187766e-02   3.917038e+00  -8.296163e-02   4.059481e+00   5.948053e-02   3.970989e+00  -2.901053e-02
11.6	   3.921627e+00  -7.837253e-02   4.092503e+00   9.250303e-02   3.912927e+00  -8.707266e-02   4.066585e+00   6.658485e-02   3.969584e+00  -3.041598e-02
11.7	   3.915426e+00  -8.457425e-02   4.087365e+00   8.736518e-02   3.913550e+00  -8.645011e-02   4.070323e+00   7.032287e-02   3.969431e+00  -3.056864e-02
11.8	   3.913581e+00  -8.641896e-02   4.076964e+00   7.696416e-02   3.919029e+00  -8.097073e-02   4.070153e+00   7.015296e-02   3.970668e+00  -2.933160e-02
11.9	   3.916332e+00  -8.366760e-02   4.062563e+00   6.256288e-02   3.928960e+00  -7.103987e-02   4.065741e+00   6.574150e-02   3.973353e+00  -2.664717e-02
12	   3.923502e+00  -7.649795e-02   4.044941e+00   4.494061e-02   3.942523e+00  -5.747680e-02   4.057325e+00   5.732529e-02   3.977486e+00  -2.251365e-02
12.1	   3.934218e+00  -6.578200e-02   4.024995e+00   2.499514e-02   3.959587e+00  -4.041313e-02   4.045276e+00   4.527565e-02   3.983003e+00  -1.699734e-02
12.2	   3.948064e+00  -5.193572e-02   4.004137e+00   4.137311e-03   3.979340e+00  -2.066003e-02   4.030294e+00   3.029404e-02   3.989759e+00  -1.024054e-02
12.3	   3.964950e+00  -3.504977e-02   3.983632e+00  -1.636755e-02   4.000833e+00   8.333278e-04   4.013300e+00   1.329952e-02   3.997550e+00  -2.449879e-03
12.4	   3.984100e+00  -1.590038e-02   3.964633e+00  -3.536689e-02   4.022808e+00   2.280817e-02   3.995345e+00  -4.655424e-03   4.006085e+00   6.084733e-03
12.5	   4.004419e+00   4.418975e-03   3.947916e+00  -5.208399e-02   4.043994e+00   4.399403e-02   3.977439e+00  -2.256090e-02   4.015006e+00   1.500566e-02
12.6	   4.024959e+00   2.495907e-02   3.934212e+00  -6.578784e-02   4.062877e+00   6.287712e-02   3.960638e+00  -3.936163e-02   4.023927e+00   2.392661e-02
12.7	   4.044568e+00   4.456830e-02   3.923770e+00  -7.622978e-02   4.078606e+00   7.860579e-02   3.945843e+00  -5.415733e-02   4.032381e+00   3.238058e-02
12.8	   4.061711e+00   6.171087e-02   3.917005e+00  -8.299451e-02   4.090118e+00   9.011756e-02   3.933832e+00  -6.616783e-02   4.039856e+00   3.985601e-02
12.9	   4.075693e+00   7.569294e-02   3.914438e+00  -8.556203e-02   4.096020e+00   9.602001e-02   3.925045e+00  -7.495486e-02   4.045863e+00   4.586344e-02
13	   4.085977e+00   8.597704e-02   3.916222e+00  -8.377823e-02   4.095710e+00   9.570955e-02   3.920072e+00  -7.992758e-02   4.049978e+00   4.997798e-02
13.1	   4.091639e+00   9.163873e-02   3.922348e+00  -7.765218e-02   4.089116e+00   8.911596e-02   3.919385e+00  -8.061525e-02   4.051828e+00   5.182795e-02
13.2	   4.092250e+00   9.224996e-02   3.932273e+00  -6.772663e-02   4.077237e+00   7.723677e-02   3.923228e+00  -7.677215e-02   4.051171e+00   5.117086e-02
13.3	   4.087204e+00   8.720358e-02   3.945510e+00  -5.449044e-02   4.061697e+00   6.169710e-02   3.931289e+00  -6.871059e-02   4.047774e+00   4.777384e-02
13.4	   4.076566e+00   7.656606e-02   3.961756e+00  -3.824410e-02   4.043335e+00   4.333498e-02   3.943075e+00  -5.692518e-02   4.041701e+00   4.170087e-02
13.5	   4.061659e+00   6.165897e-02   3.980371e+00  -1.962935e-02   4.023042e+00   2.304204e-02   3.958324e+00  -4.167631e-02   4.033151e+00   3.315143e-02
13.6	   4.043561e+00   4.356083e-02   4.000528e+00   5.280974e-04   4.002133e+00   2.132557e-03   3.976322e+00  -2.367801e-02   4.022508e+00   2.250815e-02
13.7	   4.023610e+00   2.360957e-02   4.021135e+00   2.113503e-02   3.981667e+00  -1.833297e-02   3.996255e+00  -3.745035e-03   4.010295e+00   1.029530e-02
13.8	   4.003272e+00   3.271838e-03   4.041116e+00   4.111567e-02   3.962718e+00  -3.728158e-02   4.017006e+00   1.700555e-02   3.997115e+00  -2.884676e-03
13.9	   3.983271e+00  -1.672937e-02   4.059108e+00   5.910836e-02   3.946116e+00  -5.388388e-02   4.037462e+00   3.746240e-02   3.983622e+00  -1.637789e-02
14	   3.964261e+00  -3.573940e-02   4.074151e+00   7.415071e-02   3.932574e+00  -6.742582e-02   4.056242e+00   5.624212e-02   3.970596e+00  -2.940366e-02
14.1	   3.947190e+00  -5.280990e-02   4.085499e+00   8.549918e-02   3.922327e+00  -7.767289e-02   4.072250e+00   7.225028e-02   3.958699e+00  -4.130067e-02
14.2	   3.933102e+00  -6.689796e-02   4.091975e+00   9.197450e-02   3.915933e+00  -8.406689e-02   4.084798e+00   8.479834e-02   3.948567e+00  -5.143250e-02
14.3	   3.922478e+00  -7.752239e-02   4.092919e+00   9.291946e-02   3.913878e+00  -8.612233e-02   4.092487e+00   9.248663e-02   3.940768e+00  -5.923177e-02
14.4	   3.915827e+00  -8.417313e-02   4.088087e+00   8.808733e-02   3.916287e+00  -8.371284e-02   4.094415e+00   9.441541e-02   3.935771e+00  -6.422891e-02
14.5	   3.913568e+00  -8.643175e-02   4.077961e+00   7.796088e-02   3.923007e+00  -7.699327e-02   4.090185e+00   9.018486e-02   3.933899e+00  -6.610125e-02
14.6	   3.915870e+00  -8.412961e-02   4.063810e+00   6.380960e-02   3.933375e+00  -6.662519e-02   4.080288e+00   8.028776e-02   3.935376e+00  -6.462434e-02
14.7	   3.922643e+00  -7.735675e-02   4.046474e+00   4.647438e-02   3.946969e+00  -5.303101e-02   4.066043e+00   6.604256e-02   3.940362e+00  -5.963843e-02
14.8	   3.933062e+00  -6.693768e-02   4.026798e+00   2.679811e-02   3.963430e+00  -3.656963e-02   4.048549e+00   4.854870e-02   3.948753e+00  -5.124679e-02
14.9	   3.946589e+00  -5.341104e-02   4.006116e+00   6.115791e-03   3.982075e+00  -1.792527e-02   4.028519e+00   2.851925e-02   3.960309e+00  -3.969109e-02
15	   3.963161e+00  -3.683903e-02   3.985656e+00  -1.434402e-02   4.002087e+00   2.087334e-03   4.007202e+00   7.202010e-03   3.974590e+00  -2.541002e-02
15.1	   3.982092e+00  -1.790809e-02   3.966554e+00  -3.344593e-02   4.022453e+00   2.245276e-02   3.985826e+00  -1.417394e-02   3.991057e+00  -8.943277e-03
15.2	   4.002353e+00   2.352560e-03   3.949613e+00  -5.038749e-02   4.042135e+00   4.213499e-02   3.965575e+00  -3.442528e-02   4.008888e+00   8.888213e-03
15.3	   4.022928e+00   2.292818e-02   3.935573e+00  -6.442688e-02   4.059849e+00   5.984900e-02   3.947413e+00  -5.258685e-02   4.027175e+00   2.717510e-02
15.4	   4.042702e+00   4.270226e-02   3.924750e+00  -7.524955e-02   4.074737e+00   7.473677e-02   3.932203e+00  -6.779708e-02   4.044870e+00   4.487039e-02
15.5	   4.060128e+00   6.012751e-02   3.917527e+00  -8.247284e-02   4.085993e+00   8.599297e-02   3.920283e+00  -7.971671e-02   4.060714e+00   6.071366e-02
15.6	   4.074422e+00   7.442197e-02   3.914442e+00  -8.555773e-02   4.092338e+00   9.233842e-02   3.912375e+00  -8.762472e-02   4.073803e+00   7.380321e-02
15.7	   4.085112e+00   8.511185e-02   3.915735e+00  -8.426466e-02   4.093028e+00   9.302767e-02   3.909211e+00  -9.078943e-02   4.083222e+00   8.322243e-02
15.8	   4.091259e+00   9.125911e-02   3.921441e+00  -7.855877e-02   4.087816e+00   8.781565e-02   3.911026e+00  -8.897405e-02   4.087746e+00   8.774610e-02
15.9	   4.092389e+00   9.238916e-02   3.931084e+00  -6.891617e-02   4.077342e+00   7.734153e-02   3.917834e+00  -8.216591e-02   4.086666e+00   8.666577e-02
16	   4.087924e+00   8.792386e-02   3.944072e+00  -5.592824e-02   4.063012e+00   6.301230e-02   3.929041e+00  -7.095879e-02   4.079771e+00   7.977113e-02
16.1	   4.077817e+00   7.781661e-02   3.960168e+00  -3.983202e-02   4.045624e+00   4.562417e-02   3.943706e+00  -5.629445e-02   4.067960e+00   6.796023e-02
16.2	   4.063306e+00   6.330599e-02   3.978661e+00  -2.133866e-02   4.025995e+00   2.599484e-02   3.961669e+00  -3.833101e-02   4.052346e+00   5.234645e-02
16.3	   4.045485e+00   4.548478e-02   3.998696e+00  -1.304283e-03   4.005375e+00   5.374504e-03   3.982091e+00  -1.790856e-02   4.033626e+00   3.362573e-02
16.4	   4.025631e+00   2.563079e-02   4.019177e+00   1.917652e-02   3.984887e+00  -1.511310e-02   4.003920e+00   3.920018e-03   4.012999e+00   1.299909e-02
16.5	   4.005258e+00   5.257804e-03   4.039112e+00   3.911231e-02   3.965672e+00  -3.432776e-02   4.025882e+00   2.588151e-02   3.991844e+00  -8.156151e-03
16.6	   3.985214e+00  -1.478568e-02   4.057293e+00   5.729290e-02   3.948584e+00  -5.141585e-02   4.046678e+00   4.667776e-02   3.971367e+00  -2.863277e-02
16.7	   3.966105e+00  -3.389465e-02   4.072708e+00   7.270782e-02   3.934426e+00  -6.557365e-02   4.064841e+00   6.484055e-02   3.952676e+00  -4.732373e-02
16.8	   3.948812e+00  -5.118799e-02   4.084633e+00   8.463338e-02   3.923519e+00  -7.648128e-02   4.079704e+00   7.970407e-02   3.936705e+00  -6.329472e-02
16.9	   3.934393e+00  -6.560740e-02   4.091704e+00   9.170434e-02   3.916397e+00  -8.360299e-02   4.090160e+00   9.015999e-02   3.924023e+00  -7.597678e-02
17	   3.923395e+00  -7.660520e-02   4.093158e+00   9.315770e-02   3.913616e+00  -8.638429e-02   4.095072e+00   9.507185e-02   3.915101e+00  -8.489921e-02
17.1	   3.916314e+00  -8.368608e-02   4.088750e+00   8.874958e-02   3.915360e+00  -8.463997e-02   4.093990e+00   9.399044e-02   3.910756e+00  -8.924444e-02
17.2	   3.913581e+00  -8.641888e-02   4.079059e+00   7.905937e-02   3.921577e+00  -7.842284e-02   4.087024e+00   8.702406e-02   3.911331e+00  -8.866950e-02
17.3	   3.915425e+00  -8.457498e-02   4.065288e+00   6.528809e-02   3.931663e+00  -6.833748e-02   4.075191e+00   7.519150e-02   3.916951e+00  -8.304901e-02
17.4	   3.921795e+00  -7.820478e-02   4.048312e+00   4.831213e-02   3.945017e+00  -5.498289e-02   4.060099e+00   6.009885e-02   3.927115e+00  -7.288520e-02
17.5	   3.931927e+00  -6.807299e-02   4.028841e+00   2.884068e-02   3.961372e+00  -3.862789e-02   4.042346e+00   4.234563e-02   3.940878e+00  -5.912207e-02
17.6	   3.945119e+00  -5.488055e-02   4.008165e+00   8.164734e-03   3.979995e+00  -2.000499e-02   4.022801e+00   2.280128e-02   3.958076e+00  -4.192449e-02
17.7	   3.961412e+00  -3.858806e-02   3.987604e+00  -1.239613e-02   4.000057e+00   5.685110e-05   4.002630e+00   2.629565e-03   3.977935e+00  -2.206519e-02
17.8	   3.980129e+00  -1.987136e-02   3.968313e+00  -3.168735e-02   4.020512e+00   2.051210e-02   3.982799e+00  -1.720146e-02   3.999496e+00  -5.040607e-04
17.9	   4.000300e+00   2.995810e-04   3.951137e+00  -4.886310e-02   4.040359e+00   4.035861e-02   3.964325e+00  -3.567502e-02   4.021524e+00   2.152434e-02
18	   4.020865e+00   2.086502e-02   3.936799e+00  -6.320144e-02   4.058366e+00   5.836582e-02   3.947935e+00  -5.206541e-02   4.042841e+00   4.284113e-02
18.1	   4.040781e+00   4.078117e-02   3.925691e+00  -7.430906e-02   4.073618e+00   7.361780e-02   3.934354e+00  -6.564587e-02   4.061986e+00   6.198608e-02
18.2	   4.058516e+00   5.851649e-02   3.918107e+00  -8.189317e-02   4.085411e+00   8.541119e-02   3.923898e+00  -7.610177e-02   4.078144e+00   7.814414e-02
18.3	   4.073143e+00   7.314268e-02   3.914633e+00  -8.536732e-02   4.092407e+00   9.240661e-02   3.917078e+00  -8.292176e-02   4.090326e+00   9.032618e-02
18.4	   4.084254e+00   8.425442e-02   3.915483e+00  -8.451709e-02   4.093755e+00   9.375491e-02   3.914428e+00  -8.557179e-02   4.097123e+00   9.712318e-02
18.5	   4.090851e+00   9.085141e-02   3.920754e+00  -7.924600e-02   4.089025e+00   8.902486e-02   3.916167e+00  -8.383329e-02   4.097752e+00   9.775229e-02
18.6	   4.092496e+00   9.249623e-02   3.930039e+00  -6.996125e-02   4.078763e+00   7.876295e-02   3.922300e+00  -7.770006e-02   4.091973e+00   9.197265e-02
18.7	   4.088605e+00   8.860455e-02   3.942681e+00  -5.731931e-02   4.064377e+00   6.437660e-02   3.932268e+00  -6.773224e-02   4.080541e+00   8.054091e-02
18.8	   4.079057e+00   7.905725e-02   3.958480e+00  -4.152033e-02   4.046922e+00   4.692155e-02   3.945556e+00  -5.444416e-02   4.064996e+00   6.499581e-02
18.9	   4.064939e+00   6.493887e-02   3.976763e+00  -2.323716e-02   4.027255e+00   2.725478e-02   3.961889e+00  -3.811134e-02   4.046431e+00   4.643150e-02
19	   4.047420e+00   4.742019e-02   3.996703e+00  -3.297009e-03   4.006681e+00   6.681209e-03   3.980557e+00  -1.944300e-02   4.025601e+00   2.560083e-02
19.1	   4.027694e+00   2.769354e-02   4.017194e+00   1.719419e-02   3.986333e+00  -1.366739e-02   4.000719e+00   7.189753e-04   4.003832e+00   3.832288e-03
19.2	   4.007295e+00   7.294794e-03   4.037236e+00   3.723629e-02   3.967264e+00  -3.273633e-02   4.021312e+00   2.131187e-02   3.982301e+00  -1.769894e-02
19.3	   3.987181e+00  -1.281858e-02   4.055617e+00   5.561658e-02   3.950271e+00  -4.972866e-02   4.041279e+00   4.127893e-02   3.962215e+00  -3.778517e-02
19.4	   3.967943e+00  -3.205692e-02   4.071302e+00   7.130236e-02   3.936060e+00  -6.394007e-02   4.059325e+00   5.932498e-02   3.944463e+00  -5.553726e-02
19.5	   3.950447e+00  -4.955256e-02   4.083626e+00   8.362619e-02   3.924999e+00  -7.500062e-02   4.074538e+00   7.453822e-02   3.929860e+00  -7.013997e-02
19.6	   3.935707e+00  -6.429341e-02   4.091258e+00   9.125806e-02   3.917489e+00  -8.251136e-02   4.086157e+00   8.615695e-02   3.918668e+00  -8.133150e-02
19.7	   3.924351e+00  -7.564883e-02   4.093283e+00   9.328346e-02   3.914148e+00  -8.585154e-02   4.092839e+00   9.283887e-02   3.911677e+00  -8.832293e-02
19.8	   3.916845e+00  -8.315469e-02   4.089430e+00   8.943030e-02   3.915199e+00  -8.480126e-02   4.093810e+00   9.381048e-02   3.909440e+00  -9.055978e-02
19.9	   3.913680e+00  -8.632047e-02   4.080172e+00   8.017175e-02   3.920718e+00  -7.928164e-02   4.088745e+00   8.874500e-02   3.912175e+00  -8.782526e-02
20	   3.915044e+00  -8.495602e-02   4.066726e+00   6.672588e-02   3.930236e+00  -6.976353e-02   4.078283e+00   7.828292e-02   3.919702e+00  -8.029839e-02
20.1	   3.920995e+00  -7.900519e-02   4.050061e+00   5.006075e-02   3.943123e+00  -5.687719e-02   4.063826e+00   6.382562e-02   3.931310e+00  -6.869050e-02
20.2	   3.930822e+00  -6.917836e-02   4.030809e+00   3.080883e-02   3.959188e+00  -4.081177e-02   4.046305e+00   4.630489e-02   3.946239e+00  -5.376078e-02
20.3	   3.943699e+00  -5.630079e-02   4.010194e+00   1.019392e-02   3.977735e+00  -2.226507e-02   4.026542e+00   2.654166e-02   3.964186e+00  -3.581387e-02
20.4	   3.959687e+00  -4.031298e-02   3.989566e+00  -1.043374e-02   3.997926e+00  -2.073642e-03   4.005824e+00   5.824071e-03   3.984279e+00  -1.572076e-02
20.5	   3.978193e+00  -2.180723e-02   3.970095e+00  -2.990504e-02   4.018628e+00   1.862765e-02   3.985282e+00  -1.471818e-02   4.005475e+00   5.475038e-03
20.6	   3.998279e+00  -1.720588e-03   3.952667e+00  -4.733308e-02   4.038768e+00   3.876800e-02   3.966023e+00  -3.397718e-02   4.026598e+00   2.659802e-02
20.7	   4.018837e+00   1.883728e-02   3.938034e+00  -6.196586e-02   4.057040e+00   5.703980e-02   3.948901e+00  -5.109882e-02   4.046444e+00   4.644419e-02
20.8	   4.038872e+00   3.887191e-02   3.926622e+00  -7.337797e-02   4.072500e+00   7.249982e-02   3.934686e+00  -6.531391e-02   4.063727e+00   6.372683e-02
20.9	   4.056854e+00   5.685432e-02   3.918671e+00  -8.132896e-02   4.084516e+00   8.451568e-02   3.923712e+00  -7.628756e-02   4.077795e+00   7.779536e-02
21	   4.071785e+00   7.178464e-02   3.914774e+00  -8.522574e-02   4.091851e+00   9.185138e-02   3.916467e+00  -8.353271e-02   4.087762e+00   8.776236e-02
21.1	   4.083281e+00   8.328142e-02   3.915222e+00  -8.477823e-02   4.093630e+00   9.362965e-02   3.913528e+00  -8.647180e-02   4.092567e+00   9.256659e-02
21.2	   4.090348e+00   9.034778e-02   3.920072e+00  -7.992777e-02   4.089451e+00   8.945114e-02   3.915059e+00  -8.494079e-02   4.091817e+00   9.181690e-02
21.3	   4.092490e+00   9.248976e-02   3.928999e+00  -7.100112e-02   4.079722e+00   7.972159e-02   3.921077e+00  -7.892345e-02   4.085542e+00   8.554227e-02
21.4	   4.089199e+00   8.919938e-02   3.941275e+00  -5.872531e-02   4.065770e+00   6.577005e-02   3.931016e+00  -6.898420e-02   4.074597e+00   7.459698e-02
21.5	   4.080208e+00   8.020763e-02   3.956781e+00  -4.321891e-02   4.048692e+00   4.869186e-02   3.944256e+00  -5.574424e-02   4.060381e+00   6.038066e-02
21.6	   4.066491e+00   6.649129e-02   3.974832e+00  -2.516821e-02   4.029274e+00   2.927426e-02   3.960546e+00  -3.945374e-02   4.043406e+00   4.340584e-02
21.7	   4.049268e+00   4.926825e-02   3.994649e+00  -5.350797e-03   4.008776e+00   8.775908e-03   3.979190e+00  -2.081025e-02   4.024482e+00   2.448225e-02
21.8	   4.029677e+00   2.967656e-02   4.015147e+00   1.514668e-02   3.988360e+00  -1.164028e-02   3.999369e+00  -6.313296e-04   4.004720e+00   4.720373e-03
21.9	   4.009264e+00   9.264144e-03   4.035294e+00   3.529378e-02   3.969098e+00  -3.090184e-02   4.020023e+00   2.002280e-02   3.985051e+00  -1.494885e-02
22	   3.989105e+00  -1.089489e-02   4.053890e+00   5.389042e-02   3.951826e+00  -4.817426e-02   4.040106e+00   4.010563e-02   3.966463e+00  -3.353719e-02
22.1	   3.969766e+00  -3.023441e-02   4.069842e+00   6.984234e-02   3.937281e+00  -6.271873e-02   4.058294e+00   5.829431e-02   3.949748e+00  -5.025203e-02
22.2	   3.952058e+00  -4.794208e-02   4.082555e+00   8.255522e-02   3.925898e+00  -7.410184e-02   4.073663e+00   7.366254e-02   3.935661e+00  -6.433891e-02
22.3	   3.937009e+00  -6.299106e-02   4.090697e+00   9.069714e-02   3.918035e+00  -8.196468e-02   4.085492e+00   8.549242e-02   3.924623e+00  -7.537650e-02
22.4	   3.925303e+00  -7.469692e-02   4.093294e+00   9.329426e-02   3.914306e+00  -8.569449e-02   4.092493e+00   9.249349e-02   3.917108e+00  -8.289231e-02
22.5	   3.917364e+00  -8.263626e-02   4.090010e+00   9.001018e-02   3.914983e+00  -8.501717e-02   4.093839e+00   9.383915e-02   3.913776e+00  -8.622360e-02
22.6	   3.913737e+00  -8.626313e-02   4.081236e+00   8.123575e-02   3.920139e+00  -7.986070e-02   4.089223e+00   8.922297e-02   3.914897e+00  -8.510265e-02
22.7	   3.914657e+00  -8.534287e-02   4.068130e+00   6.812972e-02   3.929365e+00  -7.063461e-02   4.079184e+00   7.918370e-02   3.920579e+00  -7.942073e-02
22.8	   3.920165e+00  -7.983488e-02   4.051793e+00   5.179262e-02   3.941942e+00  -5.805773e-02   4.065076e+00   6.507570e-02   3.930332e+00  -6.966766e-02
22.9	   3.929685e+00  -7.031451e-02   4.032768e+00   3.276846e-02   3.957741e+00  -4.225940e-02   4.047875e+00   4.787529e-02   3.943527e+00  -5.647322e-02
23	   3.942254e+00  -5.774578e-02   4.012232e+00   1.223225e-02   3.976043e+00  -2.395747e-02   4.028338e+00   2.833836e-02   3.959971e+00  -4.002906e-02
23.1	   3.957962e+00  -4.203845e-02   3.991572e+00  -8.427891e-03   3.996059e+00  -3.940515e-03   4.007704e+00   7.703954e-03   3.978947e+00  -2.105264e-02
23.2	   3.976227e+00  -2.377344e-02   3.971957e+00  -2.804299e-02   4.016699e+00   1.669905e-02   3.987142e+00  -1.285764e-02   3.999582e+00  -4.175953e-04
23.3	   3.996206e+00  -3.794135e-03   3.954322e+00  -4.567802e-02   4.036906e+00   3.690552e-02   3.967766e+00  -3.223428e-02   4.020716e+00   2.071579e-02
23.4	   4.016758e+00   1.675790e-02   3.939395e+00  -6.060512e-02   4.055412e+00   5.541169e-02   3.950439e+00  -4.956108e-02   4.041218e+00   4.121829e-02
23.5	   4.036914e+00   3.691435e-02   3.927683e+00  -7.231738e-02   4.071195e+00   7.119546e-02   3.935953e+00  -6.404733e-02   4.059684e+00   5.968427e-02
23.6	   4.055172e+00   5.517176e-02   3.919390e+00  -8.061043e-02   4.083668e+00   8.366799e-02   3.924691e+00  -7.530860e-02   4.075197e+00   7.519670e-02
23.7	   4.070427e+00   7.042711e-02   3.915102e+00  -8.489819e-02   4.091531e+00   9.153134e-02   3.917089e+00  -8.291133e-02   4.086948e+00   8.694836e-02
23.8	   4.082344e+00   8.234363e-02   3.915105e+00  -8.489535e-02   4.093843e+00   9.384302e-02   3.913716e+00  -8.628412e-02   4.093618e+00   9.361840e-02
23.9	   4.089895e+00   8.989487e-02   3.919545e+00  -8.045524e-02   4.090154e+00   9.015420e-02   3.914791e+00  -8.520879e-02   4.094445e+00   9.444511e-02
24	   4.092551e+00   9.255150e-02   3.928106e+00  -7.189368e-02   4.080832e+00   8.083229e-02   3.920333e+00  -7.966716e-02   4.089220e+00   8.922012e-02
24.1	   4.089829e+00   8.982867e-02   3.940037e+00  -5.996262e-02   4.067155e+00   6.715460e-02   3.929852e+00  -7.014814e-02   4.078650e+00   7.864951e-02
24.2	   4.081398e+00   8.139798e-02   3.955232e+00  -4.476841e-02   4.050353e+00   5.035276e-02   3.942642e+00  -5.735756e-02   4.064189e+00   6.418943e-02
24.3	   4.068082e+00   6.808200e-02   3.973061e+00  -2.693902e-02   4.031142e+00   3.114234e-02   3.958565e+00  -4.143530e-02   4.046765e+00   4.676474e-02
24.4	   4.051205e+00   5.120522e-02   3.992747e+00  -7.253117e-03   4.010712e+00   1.071233e-02   3.976930e+00  -2.307024e-02   4.027136e+00   2.713608e-02
24.5	   4.031800e+00   3.179999e-02   4.013214e+00   1.321358e-02   3.990248e+00  -9.752283e-03   3.996972e+00  -3.028160e-03   4.006534e+00   6.533632e-03
24.6	   4.011378e+00   1.137780e-02   4.033429e+00   3.342916e-02   3.970803e+00  -2.919731e-02   4.017656e+00   1.765640e-02   3.986068e+00  -1.393224e-02
24.7	   3.991150e+00  -8.850452e-03   4.052220e+00   5.221952e-02   3.953272e+00  -4.672847e-02   4.037959e+00   3.795904e-02   3.966828e+00  -3.317224e-02
24.8	   3.971704e+00  -2.829556e-02   4.068445e+00   6.844452e-02   3.938397e+00  -6.160348e-02   4.056580e+00   5.658050e-02   3.949649e+00  -5.035086e-02
24.9	   3.953816e+00  -4.618369e-02   4.081501e+00   8.150053e-02   3.926687e+00  -7.331347e-02   4.072464e+00   7.246404e-02   3.935315e+00  -6.468490e-02
25	   3.938452e+00  -6.154849e-02   4.090138e+00   9.013797e-02   3.918454e+00  -8.154556e-02   4.084902e+00   8.490171e-02   3.924195e+00  -7.580541e-02
25.1	   3.926412e+00  -7.358798e-02   4.093284e+00   9.328440e-02   3.914338e+00  -8.566180e-02   4.092477e+00   9.247736e-02   3.916770e+00  -8.323037e-02
25.2	   3.918077e+00  -8.192340e-02   4.090589e+00   9.058897e-02   3.914599e+00  -8.540145e-02   4.094296e+00   9.429609e-02   3.913606e+00  -8.639433e-02
25.3	   3.913997e+00  -8.600305e-02   4.082290e+00   8.228986e-02   3.919377e+00  -8.062310e-02   4.089995e+00   8.999470e-02   3.914929e+00  -8.507088e-02
25.4	   3.914427e+00  -8.557282e-02   4.069504e+00   6.950439e-02   3.928269e+00  -7.173118e-02   4.080158e+00   8.015769e-02   3.920760e+00  -7.923952e-02
25.5	   3.919505e+00  -8.049509e-02   4.053446e+00   5.344630e-02   3.940495e+00  -5.950482e-02   4.066185e+00   6.618509e-02   3.930567e+00  -6.943276e-02
25.6	   3.928680e+00  -7.132041e-02   4.034623e+00   3.462262e-02   3.955968e+00  -4.403166e-02   4.049230e+00   4.923037e-02   3.943685e+00  -5.631497e-02
25.7	   3.940916e+00  -5.908410e-02   4.014164e+00   1.416446e-02   3.974040e+00  -2.596008e-02   4.030006e+00   3.000637e-02   3.959905e+00  -4.009488e-02
25.8	   3.956312e+00  -4.368828e-02   3.993466e+00  -6.534437e-03   3.993943e+00  -6.056799e-03   4.009674e+00   9.674347e-03   3.978491e+00  -2.150877e-02
25.9	   3.974342e+00  -2.565757e-02   3.973692e+00  -2.630774e-02   4.014607e+00   1.460656e-02   3.989357e+00  -1.064348e-02   3.998629e+00  -1.371258e-03
26	   3.994182e+00  -5.817568e-03   3.955813e+00  -4.418734e-02   4.034966e+00   3.496649e-02   3.970069e+00  -2.993070e-02   4.019261e+00   1.926072e-02
26.1	   4.014694e+00   1.469413e-02   3.940593e+00  -5.940726e-02   4.053737e+00   5.373692e-02   3.952662e+00  -4.733777e-02   4.039371e+00   3.937085e-02
26.2	   4.034935e+00   3.493518e-02   3.928560e+00  -7.144015e-02   4.069822e+00   6.982213e-02   3.937887e+00  -6.211280e-02   4.057661e+00   5.766129e-02
26.3	   4.053419e+00   5.341915e-02   3.919916e+00  -8.008385e-02   4.082646e+00   8.264579e-02   3.926252e+00  -7.374789e-02   4.073156e+00   7.315594e-02
26.4	   4.068961e+00   6.896132e-02   3.915220e+00  -8.478048e-02   4.091003e+00   9.100282e-02   3.918096e+00  -8.190356e-02   4.085164e+00   8.516383e-02
26.5	   4.081216e+00   8.121574e-02   3.914802e+00  -8.519778e-02   4.093888e+00   9.388821e-02   3.914101e+00  -8.589923e-02   4.092327e+00   9.232680e-02
26.6	   4.089212e+00   8.921178e-02   3.918808e+00  -8.119180e-02   4.090852e+00   9.085231e-02   3.914544e+00  -8.545556e-02   4.093809e+00   9.380854e-02
26.7	   4.092348e+00   9.234823e-02   3.926999e+00  -7.300139e-02   4.082064e+00   8.206417e-02   3.919565e+00  -8.043481e-02   4.089253e+00   8.925261e-02
26.8	   4.090210e+00   9.020962e-02   3.938622e+00  -6.137797e-02   4.068740e+00   6.873998e-02   3.928739e+00  -7.126072e-02   4.079245e+00   7.924477e-02
26.9	   4.082344e+00   8.234413e-02   3.953534e+00  -4.646579e-02   4.052239e+00   5.223876e-02   3.941274e+00  -5.872643e-02   4.065138e+00   6.513846e-02
27	   4.069449e+00   6.944888e-02   3.971137e+00  -2.886309e-02   4.033238e+00   3.323798e-02   3.957037e+00  -4.296297e-02   4.047966e+00   4.796587e-02
27.1	   4.052904e+00   5.290437e-02   3.990700e+00  -9.299778e-03   4.012901e+00   1.290117e-02   3.975325e+00  -2.467537e-02   4.028481e+00   2.848105e-02
27.2	   4.033675e+00   3.367526e-02   4.011174e+00   1.117393e-02   3.992441e+00  -7.559258e-03   3.995327e+00  -4.672681e-03   4.007914e+00   7.913793e-03
27.3	   4.013279e+00   1.327881e-02   4.031489e+00   3.148931e-02   3.972891e+00  -2.710860e-02   4.015965e+00   1.596540e-02   3.987415e+00  -1.258512e-02
27.4	   3.993013e+00  -6.986769e-03   4.050505e+00   5.050520e-02   3.955157e+00  -4.484257e-02   4.036218e+00   3.621833e-02   3.968062e+00  -3.193772e-02
27.5	   3.973485e+00  -2.651521e-02   4.067029e+00   6.702928e-02   3.940016e+00  -5.998394e-02   4.054835e+00   5.483475e-02   3.950722e+00  -4.927839e-02
27.6	   3.955418e+00  -4.458205e-02   4.080481e+00   8.048075e-02   3.927992e+00  -7.200812e-02   4.070771e+00   7.077113e-02   3.936162e+00  -6.383815e-02
27.7	   3.939789e+00  -6.021130e-02   4.089632e+00   8.963212e-02   3.919375e+00  -8.062549e-02   4.083396e+00   8.339598e-02   3.924801e+00  -7.519882e-02
27.8	   3.927396e+00  -7.260363e-02   4.093364e+00   9.336415e-02   3.914809e+00  -8.519086e-02   4.091398e+00   9.139793e-02   3.917054e+00  -8.294590e-02
27.9	   3.918658e+00  -8.134242e-02   4.091255e+00   9.125459e-02   3.914611e+00  -8.538864e-02   4.093773e+00   9.377251e-02   3.913550e+00  -8.645017e-02
28	   3.914153e+00  -8.584658e-02   4.083485e+00   8.348462e-02   3.918907e+00  -8.109304e-02   4.090114e+00   9.011446e-02   3.914512e+00  -8.548825e-02
28.1	   3.914153e+00  -8.584735e-02   4.071061e+00   7.106064e-02   3.927387e+00  -7.261317e-02   4.080795e+00   8.079548e-02   3.920029e+00  -7.997076e-02
28.2	   3.918798e+00  -8.120167e-02   4.055361e+00   5.536078e-02   3.939253e+00  -6.074682e-02   4.067165e+00   6.716470e-02   3.929605e+00  -7.039522e-02
28.3	   3.927665e+00  -7.233458e-02   4.036780e+00   3.677967e-02   3.954392e+00  -4.560804e-02   4.050444e+00   5.044431e-02   3.942500e+00  -5.749973e-02
28.4	   3.939620e+00  -6.037964e-02   4.016418e+00   1.641752e-02   3.972178e+00  -2.782154e-02   4.031349e+00   3.134924e-02   3.958563e+00  -4.143676e-02
28.5	   3.954728e+00  -4.527239e-02   3.995706e+00  -4.294057e-03   3.991890e+00  -8.110391e-03   4.011042e+00   1.104165e-02   3.977115e+00  -2.288536e-02
28.6	   3.972532e+00  -2.746835e-02   3.975799e+00  -2.420115e-02   4.012470e+00   1.246972e-02   3.990686e+00  -9.314407e-03   3.997347e+00  -2.653486e-03
28.7	   3.992276e+00  -7.723952e-03   3.957706e+00  -4.229426e-02   4.032841e+00   3.284120e-02   3.971300e+00  -2.869984e-02   4.018167e+00   1.816692e-02
28.8	   4.012794e+00   1.279370e-02   3.942190e+00  -5.780963e-02   4.051758e+00   5.175809e-02   3.953751e+00  -4.624878e-02   4.038541e+00   3.854074e-02
28.9	   4.033143e+00   3.314250e-02   3.929857e+00  -7.014343e-02   4.068060e+00   6.806034e-02   3.938819e+00  -6.118118e-02   4.057158e+00   5.715805e-02
29	   4.051886e+00   5.188559e-02   3.920835e+00  -7.916466e-02   4.081201e+00   8.120141e-02   3.927009e+00  -7.299087e-02   4.073020e+00   7.301989e-02
29.1	   4.067758e+00   6.775770e-02   3.915695e+00  -8.430531e-02   4.089982e+00   8.998235e-02   3.918632e+00  -8.136772e-02   4.085433e+00   8.543280e-02
29.2	   4.080422e+00   8.042203e-02   3.914798e+00  -8.520176e-02   4.093366e+00   9.336588e-02   3.914370e+00  -8.562958e-02   4.093056e+00   9.305640e-02
29.3	   4.088896e+00   8.889622e-02   3.918332e+00  -8.166750e-02   4.090868e+00   9.086845e-02   3.914543e+00  -8.545729e-02   4.094962e+00   9.496236e-02
29.4	   4.092531e+00   9.253076e-02   3.926063e+00  -7.393677e-02   4.082591e+00   8.259068e-02   3.919254e+00  -8.074602e-02   4.090795e+00   9.079490e-02
29.5	   4.090912e+00   9.091199e-02   3.937313e+00  -6.268719e-02   4.069640e+00   6.963967e-02   3.928163e+00  -7.183722e-02   4.081016e+00   8.101619e-02
29.6	   4.083585e+00   8.358475e-02   3.951868e+00  -4.813197e-02   4.053461e+00   5.346064e-02   3.940455e+00  -5.954454e-02   4.066970e+00   6.696980e-02
29.7	   4.071067e+00   7.106748e-02   3.969185e+00  -3.081506e-02   4.034677e+00   3.467727e-02   3.956013e+00  -4.398684e-02   4.049851e+00   4.985102e-02
29.8	   4.054874e+00   5.487368e-02   3.988526e+00  -1.147415e-02   4.014443e+00   1.444308e-02   3.974139e+00  -2.586091e-02   4.030352e+00   3.035236e-02
29.9	   4.035821e+00   3.582096e-02   4.008888e+00   8.887594e-03   3.994012e+00  -5.988413e-03   3.994071e+00  -5.929181e-03   4.009679e+00   9.679129e-03
30	   4.015425e+00   1.542457e-02   4.029209e+00   2.920867e-02   3.974411e+00  -2.558878e-02   4.014751e+00   1.475119e-02   3.989014e+00  -1.098596e-02
30.1	   3.995073e+00  -4.926756e-03   4.048362e+00   4.836246e-02   3.956568e+00  -4.343187e-02   4.035148e+00   3.514781e-02   3.969425e+00  -3.057475e-02
30.2	   3.975403e+00  -2.459709e-02   4.065129e+00   6.512864e-02   3.941239e+00  -5.876106e-02   4.054020e+00   5.401990e-02   3.951780e+00  -4.821960e-02
30.3	   3.957114e+00  -4.288579e-02   4.078860e+00   7.886011e-02   3.929016e+00  -7.098428e-02   4.070259e+00   7.025902e-02   3.936858e+00  -6.314158e-02
30.4	   3.941157e+00  -5.884257e-02   4.088462e+00   8.846224e-02   3.920144e+00  -7.985606e-02   4.083269e+00   8.326861e-02   3.925072e+00  -7.492833e-02
30.5	   3.928414e+00  -7.158558e-02   4.092748e+00   9.274840e-02   3.915279e+00  -8.472081e-02   4.091687e+00   9.168709e-02   3.916801e+00  -8.319904e-02
30.6	   3.919234e+00  -8.076623e-02   4.091253e+00   9.125262e-02   3.914755e+00  -8.524530e-02   4.094477e+00   9.447750e-02   3.912709e+00  -8.729061e-02
30.7	   3.914235e+00  -8.576526e-02   4.084021e+00   8.402088e-02   3.918742e+00  -8.125827e-02   4.091213e+00   9.121319e-02   3.913091e+00  -8.690901e-02
30.8	   3.913723e+00  -8.627729e-02   4.072030e+00   7.202979e-02   3.926911e+00  -7.308907e-02   4.082225e+00   8.222456e-02   3.918028e+00  -8.197213e-02
30.9	   3.917883e+00  -8.211656e-02   4.056681e+00   5.668140e-02   3.938514e+00  -6.148573e-02   4.068773e+00   6.877287e-02   3.927171e+00  -7.282857e-02
31	   3.926315e+00  -7.368451e-02   4.038383e+00   3.838341e-02   3.953421e+00  -4.657890e-02   4.052224e+00   5.222430e-02   3.939707e+00  -6.029252e-02
31.1	   3.937986e+00  -6.201429e-02   4.018189e+00   1.818852e-02   3.971043e+00  -2.895724e-02   4.033181e+00   3.318131e-02   3.955543e+00  -4.445662e-02
31.2	   3.952783e+00  -4.721719e-02   3.997524e+00  -2.475679e-03   3.990628e+00  -9.371656e-03   4.012779e+00   1.277937e-02   3.974028e+00  -2.597153e-02
31.3	   3.970332e+00  -2.966790e-02   3.977567e+00  -2.243346e-02   4.011166e+00   1.116618e-02   3.992222e+00  -7.778059e-03   3.994388e+00  -5.612110e-03
31.4	   3.989899e+00  -1.010142e-02   3.959357e+00  -4.064318e-02   4.031604e+00   3.160379e-02   3.972533e+00  -2.746674e-02   4.015540e+00   1.554036e-02
31.5	   4.010372e+00   1.037245e-02   3.943643e+00  -5.635706e-02   4.050703e+00   5.070278e-02   3.954623e+00  -4.537703e-02   4.036403e+00   3.640299e-02
31.6	   4.030799e+00   3.079926e-02   3.931056e+00  -6.894356e-02   4.067256e+00   6.725589e-02   3.939260e+00  -6.074001e-02   4.055628e+00   5.562815e-02
31.7	   4.049783e+00   4.978343e-02   3.921795e+00  -7.820524e-02   4.080687e+00   8.068674e-02   3.927007e+00  -7.299316e-02   4.072077e+00   7.207664e-02
31.8	   4.065992e+00   6.599230e-02   3.916353e+00  -8.364734e-02   4.089866e+00   8.986582e-02   3.918157e+00  -8.184316e-02   4.085095e+00   8.509547e-02
31.9	   4.079029e+00   7.902944e-02   3.915130e+00  -8.486957e-02   4.093692e+00   9.369230e-02   3.913417e+00  -8.658262e-02   4.093298e+00   9.329843e-02
32	   4.088030e+00   8.803016e-02   3.918309e+00  -8.169140e-02   4.091662e+00   9.166161e-02   3.913136e+00  -8.686399e-02   4.095765e+00   9.576505e-02
32.1	   4.092237e+00   9.223687e-02   3.925709e+00  -7.429070e-02   4.083741e+00   8.374071e-02   3.917486e+00  -8.251405e-02   4.092179e+00   9.217877e-02
32.2	   4.091266e+00   9.126587e-02   3.936648e+00  -6.335200e-02   4.070983e+00   7.098308e-02   3.926098e+00  -7.390151e-02   4.082998e+00   8.299807e-02
32.3	   4.084595e+00   8.459467e-02   3.950918e+00  -4.908158e-02   4.054952e+00   5.495192e-02   3.938180e+00  -6.182030e-02   4.069451e+00   6.945144e-02
32.4	   4.072616e+00   7.261612e-02   3.968017e+00  -3.198335e-02   4.036232e+00   3.623178e-02   3.953534e+00  -4.646553e-02   4.052914e+00   5.291361e-02
32.5	   4.056846e+00   5.684551e-02   3.987212e+00  -1.278771e-02   4.015961e+00   1.596147e-02   3.971583e+00  -2.841668e-02   4.033880e+00   3.387984e-02
32.6	   4.038090e+00   3.809008e-02   4.007507e+00   7.507429e-03   3.995399e+00  -4.600833e-03   3.991554e+00  -8.445786e-03   4.013442e+00   1.344165e-02
32.7	   4.017799e+00   1.779927e-02   4.027838e+00   2.783800e-02   3.975567e+00  -2.443299e-02   4.012419e+00   1.241862e-02   3.992786e+00  -7.214305e-03
32.8	   3.997442e+00  -2.557794e-03   4.047109e+00   4.710944e-02   3.957423e+00  -4.257675e-02   4.033131e+00   3.313112e-02   3.972942e+00  -2.705830e-02
32.9	   3.977720e+00  -2.227996e-02   4.064070e+00   6.406980e-02   3.941746e+00  -5.825428e-02   4.052456e+00   5.245550e-02   3.954847e+00  -4.515300e-02
33	   3.959302e+00  -4.069799e-02   4.078059e+00   7.805881e-02   3.929120e+00  -7.088040e-02   4.069219e+00   6.921874e-02   3.939301e+00  -6.069852e-02
33.1	   3.943099e+00  -5.690102e-02   4.088012e+00   8.801240e-02   3.919830e+00  -8.017030e-02   4.082813e+00   8.281330e-02   3.926883e+00  -7.311708e-02
33.2	   3.930019e+00  -6.998099e-02   4.092722e+00   9.272169e-02   3.914526e+00  -8.547438e-02   4.091941e+00   9.194050e-02   3.917887e+00  -8.211315e-02
33.3	   3.920483e+00  -7.951691e-02   4.091642e+00   9.164246e-02   3.913597e+00  -8.640325e-02   4.095464e+00   9.546448e-02   3.913020e+00  -8.698046e-02
33.4	   3.915043e+00  -8.495745e-02   4.084801e+00   8.480138e-02   3.917209e+00  -8.279068e-02   4.092972e+00   9.297160e-02   3.912634e+00  -8.736564e-02
33.5	   3.914060e+00  -8.593974e-02   4.073084e+00   7.308412e-02   3.925105e+00  -7.489495e-02   4.084617e+00   8.461737e-02   3.916903e+00  -8.309662e-02
33.6	   3.917743e+00  -8.225742e-02   4.057935e+00   5.793525e-02   3.936541e+00  -6.345908e-02   4.071537e+00   7.153696e-02   3.925449e+00  -7.455052e-02
33.7	   3.925752e+00  -7.424836e-02   4.039770e+00   3.977011e-02   3.951278e+00  -4.872205e-02   4.055329e+00   5.532883e-02   3.937498e+00  -6.250222e-02
33.8	   3.937045e+00  -6.295472e-02   4.019600e+00   1.960040e-02   3.968824e+00  -3.117583e-02   4.036502e+00   3.650232e-02   3.952813e+00  -4.718660e-02
33.9	   3.951459e+00  -4.854090e-02   3.998837e+00  -1.162506e-03   3.988451e+00  -1.154887e-02   4.016147e+00   1.614673e-02   3.970830e+00  -2.916987e-02
34	   3.968681e+00  -3.131942e-02   3.978666e+00  -2.133430e-02   4.009150e+00   9.149767e-03   3.995499e+00  -4.500519e-03   3.990768e+00  -9.232434e-03
34.1	   3.988005e+00  -1.199546e-02   3.960196e+00  -3.980397e-02   4.029831e+00   2.983114e-02   3.975574e+00  -2.442645e-02   4.011616e+00   1.161634e-02
34.2	   4.008324e+00   8.323719e-03   3.944178e+00  -5.582228e-02   4.049306e+00   4.930611e-02   3.957303e+00  -4.269718e-02   4.032336e+00   3.233626e-02
34.3	   4.028692e+00   2.869224e-02   3.931264e+00  -6.873588e-02   4.066337e+00   6.633730e-02   3.941466e+00  -5.853446e-02   4.051677e+00   5.167738e-02
34.4	   4.047769e+00   4.776914e-02   3.921625e+00  -7.837505e-02   4.080346e+00   8.034639e-02   3.928654e+00  -7.134650e-02   4.068408e+00   6.840752e-02
34.5	   4.064140e+00   6.414049e-02   3.915803e+00  -8.419693e-02   4.090198e+00   9.019794e-02   3.919180e+00  -8.082027e-02   4.081881e+00   8.188089e-02
34.6	   4.077355e+00   7.735535e-02   3.914200e+00  -8.580036e-02   4.094745e+00   9.474460e-02   3.913724e+00  -8.627639e-02   4.090835e+00   9.083540e-02
34.7	   4.086637e+00   8.663690e-02   3.917022e+00  -8.297839e-02   4.093386e+00   9.338634e-02   3.912681e+00  -8.731869e-02   4.094184e+00   9.418373e-02
34.8	   4.091214e+00   9.121378e-02   3.924132e+00  -7.586761e-02   4.086051e+00   8.605108e-02   3.916243e+00  -8.375654e-02   4.091568e+00   9.156806e-02
34.9	   4.090698e+00   9.069835e-02   3.934919e+00  -6.508111e-02   4.073671e+00   7.367082e-02   3.924176e+00  -7.582367e-02   4.083225e+00   8.322470e-02
35	   4.084581e+00   8.458124e-02   3.949031e+00  -5.096911e-02   4.057911e+00   5.791120e-02   3.935730e+00  -6.426985e-02   4.070373e+00   7.037270e-02
