           0.1	(   1.146642e+00   0.000000e+00  2.625267e-05) (   5.733208e+00   0.000000e+00  3.455679e-06) (   1.146642e+01   0.000000e+00  3.807353e-07) (   1.719963e+01   0.000000e+00  4.240304e-08) (   2.293283e+01   0.000000e+00  4.731525e-09) 
0.2	(   1.146642e+00   0.000000e+00  1.717162e-04) (   5.733208e+00   0.000000e+00  2.212895e-05) (   1.146642e+01   0.000000e+00  2.464201e-06) (   1.719963e+01   0.000000e+00  2.780260e-07) (   2.293283e+01   0.000000e+00  3.142632e-08) 
0.3	(   1.146642e+00   0.000000e+00  4.998207e-04) (   5.733208e+00   0.000000e+00  6.366594e-05) (   1.146642e+01   0.000000e+00  7.200591e-06) (   1.719963e+01   0.000000e+00  8.264666e-07) (   2.293283e+01   0.000000e+00  9.499709e-08) 
0.4	(   1.146642e+00   0.000000e+00  1.057382e-03) (   5.733208e+00   0.000000e+00  1.343881e-04) (   1.146642e+01   0.000000e+00  1.551371e-05) (   1.719963e+01   0.000000e+00  1.819019e-06) (   2.293283e+01   0.000000e+00  2.134057e-07) 
0.5	(   1.146642e+00   0.000000e+00  1.877786e-03) (   5.733208e+00   0.000000e+00  2.403531e-04) (   1.146642e+01   0.000000e+00  2.845525e-05) (   1.719963e+01   0.000000e+00  3.420955e-06) (   2.293283e+01   0.000000e+00  4.108775e-07) 
0.6	(   1.146642e+00   0.000000e+00  2.964098e-03) (   5.733208e+00   0.000000e+00  3.855499e-04) (   1.146642e+01   0.000000e+00  4.703923e-05) (   1.719963e+01   0.000000e+00  5.819420e-06) (   2.293283e+01   0.000000e+00  7.175432e-07) 
0.7	(   1.146642e+00   0.000000e+00  4.286696e-03) (   5.733208e+00   0.000000e+00  5.723406e-04) (   1.146642e+01   0.000000e+00  7.231556e-05) (   1.719963e+01   0.000000e+00  9.237487e-06) (   2.293283e+01   0.000000e+00  1.172090e-06) 
0.8	(   1.146642e+00   0.000000e+00  5.779936e-03) (   5.733208e+00   0.000000e+00  8.015761e-04) (   1.146642e+01   0.000000e+00  1.053803e-04) (   1.719963e+01   0.000000e+00  1.393905e-05) (   2.293283e+01   0.000000e+00  1.823298e-06) 
0.9	(   1.146642e+00   0.000000e+00  7.334678e-03) (   5.733208e+00   0.000000e+00  1.072297e-03) (   1.146642e+01   0.000000e+00  1.473767e-04) (   1.719963e+01   0.000000e+00  2.023801e-05) (   2.293283e+01   0.000000e+00  2.732874e-06) 
1	(   1.146642e+00   0.000000e+00  8.794926e-03) (   5.733208e+00   0.000000e+00  1.381335e-03) (   1.146642e+01   0.000000e+00  1.994311e-04) (   1.719963e+01   0.000000e+00  2.849649e-05) (   2.293283e+01   0.000000e+00  3.976935e-06) 
1.1	(   1.146642e+00   0.000000e+00  9.960748e-03) (   5.733208e+00   0.000000e+00  1.723384e-03) (   1.146642e+01   0.000000e+00  2.626483e-04) (   1.719963e+01   0.000000e+00  3.913158e-05) (   2.293283e+01   0.000000e+00  5.648969e-06) 
1.2	(   1.146642e+00   0.000000e+00  1.059097e-02) (   5.733208e+00   0.000000e+00  2.088242e-03) (   1.146642e+01   0.000000e+00  3.377295e-04) (   1.719963e+01   0.000000e+00  5.257094e-05) (   2.293283e+01   0.000000e+00  7.855972e-06) 
1.3	(   1.146642e+00   0.000000e+00  1.047689e-02) (   5.733208e+00   0.000000e+00  2.464117e-03) (   1.146642e+01   0.000000e+00  4.253837e-04) (   1.719963e+01   0.000000e+00  6.931763e-05) (   2.293283e+01   0.000000e+00  1.073034e-05) 
1.4	(   1.146642e+00   0.000000e+00  9.370782e-03) (   5.733208e+00   0.000000e+00  2.837014e-03) (   1.146642e+01   0.000000e+00  5.260403e-04) (   1.719963e+01   0.000000e+00  8.989723e-05) (   2.293283e+01   0.000000e+00  1.442320e-05) 
1.5	(   1.146642e+00   0.000000e+00  7.106576e-03) (   5.733208e+00   0.000000e+00  3.186743e-03) (   1.146642e+01   0.000000e+00  6.395166e-04) (   1.719963e+01   0.000000e+00  1.148497e-04) (   2.293283e+01   0.000000e+00  1.911074e-05) 
1.6	(   1.146642e+00   0.000000e+00  3.606418e-03) (   5.733208e+00   0.000000e+00  3.486042e-03) (   1.146642e+01   0.000000e+00  7.646102e-04) (   1.719963e+01   0.000000e+00  1.446412e-04) (   2.293283e+01   0.000000e+00  2.498092e-05) 
1.7	(   1.146642e+00   0.000000e+00 -1.035709e-03) (   5.733208e+00   0.000000e+00  3.707476e-03) (   1.146642e+01   0.000000e+00  8.999781e-04) (   1.719963e+01   0.000000e+00  1.797937e-04) (   2.293283e+01   0.000000e+00  3.225766e-05) 
1.8	(   1.146642e+00   0.000000e+00 -6.558790e-03) (   5.733208e+00   0.000000e+00  3.821878e-03) (   1.146642e+01   0.000000e+00  1.043376e-03) (   1.719963e+01   0.000000e+00  2.207347e-04) (   2.293283e+01   0.000000e+00  4.117647e-05) 
1.9	(   1.146642e+00   0.000000e+00 -1.251617e-02) (   5.733208e+00   0.000000e+00  3.805285e-03) (   1.146642e+01   0.000000e+00  1.192554e-03) (   1.719963e+01   0.000000e+00  2.679413e-04) (   2.293283e+01   0.000000e+00  5.201397e-05) 
2	(   1.146642e+00   0.000000e+00 -1.841287e-02) (   5.733208e+00   0.000000e+00  3.628365e-03) (   1.146642e+01   0.000000e+00  1.344282e-03) (   1.719963e+01   0.000000e+00  3.217441e-04) (   2.293283e+01   0.000000e+00  6.505291e-05) 
2.1	(   1.146642e+00   0.000000e+00 -2.377452e-02) (   5.733208e+00   0.000000e+00  3.259784e-03) (   1.146642e+01   0.000000e+00  1.493658e-03) (   1.719963e+01   0.000000e+00  3.822959e-04) (   2.293283e+01   0.000000e+00  8.059475e-05) 
2.2	(   1.146642e+00   0.000000e+00 -2.819419e-02) (   5.733208e+00   0.000000e+00  2.672347e-03) (   1.146642e+01   0.000000e+00  1.634836e-03) (   1.719963e+01   0.000000e+00  4.495344e-04) (   2.293283e+01   0.000000e+00  9.893489e-05) 
2.3	(   1.146642e+00   0.000000e+00 -3.132827e-02) (   5.733208e+00   0.000000e+00  1.840672e-03) (   1.146642e+01   0.000000e+00  1.760559e-03) (   1.719963e+01   0.000000e+00  5.231908e-04) (   2.293283e+01   0.000000e+00  1.203842e-04) 
2.4	(   1.146642e+00   0.000000e+00 -3.281008e-02) (   5.733208e+00   0.000000e+00  7.535096e-04) (   1.146642e+01   0.000000e+00  1.863203e-03) (   1.719963e+01   0.000000e+00  6.027456e-04) (   2.293283e+01   0.000000e+00  1.452296e-04) 
2.5	(   1.146642e+00   0.000000e+00 -3.231280e-02) (   5.733208e+00   0.000000e+00 -5.927367e-04) (   1.146642e+01   0.000000e+00  1.934334e-03) (   1.719963e+01   0.000000e+00  6.873849e-04) (   2.293283e+01   0.000000e+00  1.737567e-04) 
2.6	(   1.146642e+00   0.000000e+00 -2.957113e-02) (   5.733208e+00   0.000000e+00 -2.187382e-03) (   1.146642e+01   0.000000e+00  1.965308e-03) (   1.719963e+01   0.000000e+00  7.759009e-04) (   2.293283e+01   0.000000e+00  2.061906e-04) 
2.7	(   1.146642e+00   0.000000e+00 -2.463804e-02) (   5.733208e+00   0.000000e+00 -4.006583e-03) (   1.146642e+01   0.000000e+00  1.946368e-03) (   1.719963e+01   0.000000e+00  8.666830e-04) (   2.293283e+01   0.000000e+00  2.427266e-04) 
2.8	(   1.146642e+00   0.000000e+00 -1.778074e-02) (   5.733208e+00   0.000000e+00 -6.014995e-03) (   1.146642e+01   0.000000e+00  1.865055e-03) (   1.719963e+01   0.000000e+00  9.575731e-04) (   2.293283e+01   0.000000e+00  2.834517e-04) 
2.9	(   1.146642e+00   0.000000e+00 -9.319406e-03) (   5.733208e+00   0.000000e+00 -8.146006e-03) (   1.146642e+01   0.000000e+00  1.711808e-03) (   1.719963e+01   0.000000e+00  1.046073e-03) (   2.293283e+01   0.000000e+00  3.284016e-04) 
3	(   1.146642e+00   0.000000e+00  2.636889e-04) (   5.733208e+00   0.000000e+00 -1.032148e-02) (   1.146642e+01   0.000000e+00  1.477714e-03) (   1.719963e+01   0.000000e+00  1.129173e-03) (   2.293283e+01   0.000000e+00  3.774685e-04) 
3.1	(   1.146642e+00   0.000000e+00  1.037588e-02) (   5.733208e+00   0.000000e+00 -1.243183e-02) (   1.146642e+01   0.000000e+00  1.153905e-03) (   1.719963e+01   0.000000e+00  1.203196e-03) (   2.293283e+01   0.000000e+00  4.304211e-04) 
3.2	(   1.146642e+00   0.000000e+00  2.036291e-02) (   5.733208e+00   0.000000e+00 -1.435877e-02) (   1.146642e+01   0.000000e+00  7.333123e-04) (   1.719963e+01   0.000000e+00  1.263986e-03) (   2.293283e+01   0.000000e+00  4.868369e-04) 
3.3	(   1.146642e+00   0.000000e+00  2.970281e-02) (   5.733208e+00   0.000000e+00 -1.594515e-02) (   1.146642e+01   0.000000e+00  2.126897e-04) (   1.719963e+01   0.000000e+00  1.307270e-03) (   2.293283e+01   0.000000e+00  5.461489e-04) 
3.4	(   1.146642e+00   0.000000e+00  3.800735e-02) (   5.733208e+00   0.000000e+00 -1.702221e-02) (   1.146642e+01   0.000000e+00 -4.062192e-04) (   1.719963e+01   0.000000e+00  1.328786e-03) (   2.293283e+01   0.000000e+00  6.075798e-04) 
3.5	(   1.146642e+00   0.000000e+00  4.470585e-02) (   5.733208e+00   0.000000e+00 -1.744541e-02) (   1.146642e+01   0.000000e+00 -1.120815e-03) (   1.719963e+01   0.000000e+00  1.323604e-03) (   2.293283e+01   0.000000e+00  6.701004e-04) 
3.6	(   1.146642e+00   0.000000e+00  4.928170e-02) (   5.733208e+00   0.000000e+00 -1.707915e-02) (   1.146642e+01   0.000000e+00 -1.923703e-03) (   1.719963e+01   0.000000e+00  1.285596e-03) (   2.293283e+01   0.000000e+00  7.324259e-04) 
3.7	(   1.146642e+00   0.000000e+00  5.144887e-02) (   5.733208e+00   0.000000e+00 -1.576008e-02) (   1.146642e+01   0.000000e+00 -2.800371e-03) (   1.719963e+01   0.000000e+00  1.209636e-03) (   2.293283e+01   0.000000e+00  7.930279e-04) 
3.8	(   1.146642e+00   0.000000e+00  5.099704e-02) (   5.733208e+00   0.000000e+00 -1.340876e-02) (   1.146642e+01   0.000000e+00 -3.731780e-03) (   1.719963e+01   0.000000e+00  1.090904e-03) (   2.293283e+01   0.000000e+00  8.501033e-04) 
3.9	(   1.146642e+00   0.000000e+00  4.780979e-02) (   5.733208e+00   0.000000e+00 -9.975960e-03) (   1.146642e+01   0.000000e+00 -4.691917e-03) (   1.719963e+01   0.000000e+00  9.249374e-04) (   2.293283e+01   0.000000e+00  9.015289e-04) 
4	(   1.146642e+00   0.000000e+00  4.189542e-02) (   5.733208e+00   0.000000e+00 -5.505854e-03) (   1.146642e+01   0.000000e+00 -5.653647e-03) (   1.719963e+01   0.000000e+00  7.080812e-04) (   2.293283e+01   0.000000e+00  9.449370e-04) 
4.1	(   1.146642e+00   0.000000e+00  3.325960e-02) (   5.733208e+00   0.000000e+00 -1.310755e-04) (   1.146642e+01   0.000000e+00 -6.580105e-03) (   1.719963e+01   0.000000e+00  4.373049e-04) (   2.293283e+01   0.000000e+00  9.777751e-04) 
4.2	(   1.146642e+00   0.000000e+00  2.219022e-02) (   5.733208e+00   0.000000e+00  5.957057e-03) (   1.146642e+01   0.000000e+00 -7.427421e-03) (   1.719963e+01   0.000000e+00  1.112134e-04) (   2.293283e+01   0.000000e+00  9.973838e-04) 
4.3	(   1.146642e+00   0.000000e+00  9.045096e-03) (   5.733208e+00   0.000000e+00  1.247742e-02) (   1.146642e+01   0.000000e+00 -8.148290e-03) (   1.719963e+01   0.000000e+00 -2.700733e-04) (   2.293283e+01   0.000000e+00  1.000983e-03) 
4.4	(   1.146642e+00   0.000000e+00 -5.588165e-03) (   5.733208e+00   0.000000e+00  1.906530e-02) (   1.146642e+01   0.000000e+00 -8.694235e-03) (   1.719963e+01   0.000000e+00 -7.045247e-04) (   2.293283e+01   0.000000e+00  9.851162e-04) 
4.5	(   1.146642e+00   0.000000e+00 -2.101923e-02) (   5.733208e+00   0.000000e+00  2.528952e-02) (   1.146642e+01   0.000000e+00 -9.019460e-03) (   1.719963e+01   0.000000e+00 -1.188158e-03) (   2.293283e+01   0.000000e+00  9.464374e-04) 
4.6	(   1.146642e+00   0.000000e+00 -3.650610e-02) (   5.733208e+00   0.000000e+00  3.070929e-02) (   1.146642e+01   0.000000e+00 -9.082207e-03) (   1.719963e+01   0.000000e+00 -1.714770e-03) (   2.293283e+01   0.000000e+00  8.818289e-04) 
4.7	(   1.146642e+00   0.000000e+00 -5.083390e-02) (   5.733208e+00   0.000000e+00  3.491021e-02) (   1.146642e+01   0.000000e+00 -8.830255e-03) (   1.719963e+01   0.000000e+00 -2.275147e-03) (   2.293283e+01   0.000000e+00  7.884118e-04) 
4.8	(   1.146642e+00   0.000000e+00 -6.295834e-02) (   5.733208e+00   0.000000e+00  3.751598e-02) (   1.146642e+01   0.000000e+00 -8.226233e-03) (   1.719963e+01   0.000000e+00 -2.857525e-03) (   2.293283e+01   0.000000e+00  6.636112e-04) 
4.9	(   1.146642e+00   0.000000e+00 -7.232094e-02) (   5.733208e+00   0.000000e+00  3.820535e-02) (   1.146642e+01   0.000000e+00 -7.245755e-03) (   1.719963e+01   0.000000e+00 -3.447778e-03) (   2.293283e+01   0.000000e+00  5.052548e-04) 
5	(   1.146642e+00   0.000000e+00 -7.819909e-02) (   5.733208e+00   0.000000e+00  3.668042e-02) (   1.146642e+01   0.000000e+00 -5.877002e-03) (   1.719963e+01   0.000000e+00 -4.031008e-03) (   2.293283e+01   0.000000e+00  3.117383e-04) 
5.1	(   1.146642e+00   0.000000e+00 -7.965738e-02) (   5.733208e+00   0.000000e+00  3.279388e-02) (   1.146642e+01   0.000000e+00 -4.122679e-03) (   1.719963e+01   0.000000e+00 -4.585811e-03) (   2.293283e+01   0.000000e+00  8.223752e-05) 
5.2	(   1.146642e+00   0.000000e+00 -7.568226e-02) (   5.733208e+00   0.000000e+00  2.657390e-02) (   1.146642e+01   0.000000e+00 -2.003382e-03) (   1.719963e+01   0.000000e+00 -5.090126e-03) (   2.293283e+01   0.000000e+00 -1.832120e-04) 
5.3	(   1.146642e+00   0.000000e+00 -6.652517e-02) (   5.733208e+00   0.000000e+00  1.814278e-02) (   1.146642e+01   0.000000e+00  4.365902e-04) (   1.719963e+01   0.000000e+00 -5.520278e-03) (   2.293283e+01   0.000000e+00 -4.835198e-04) 
5.4	(   1.146642e+00   0.000000e+00 -5.339854e-02) (   5.733208e+00   0.000000e+00  7.809039e-03) (   1.146642e+01   0.000000e+00  3.129300e-03) (   1.719963e+01   0.000000e+00 -5.853111e-03) (   2.293283e+01   0.000000e+00 -8.164817e-04) 
5.5	(   1.146642e+00   0.000000e+00 -3.729995e-02) (   5.733208e+00   0.000000e+00 -3.943456e-03) (   1.146642e+01   0.000000e+00  5.987404e-03) (   1.719963e+01   0.000000e+00 -6.065888e-03) (   2.293283e+01   0.000000e+00 -1.178557e-03) 
5.6	(   1.146642e+00   0.000000e+00 -1.899892e-02) (   5.733208e+00   0.000000e+00 -1.647305e-02) (   1.146642e+01   0.000000e+00  8.900724e-03) (   1.719963e+01   0.000000e+00 -6.137267e-03) (   2.293283e+01   0.000000e+00 -1.564791e-03) 
5.7	(   1.146642e+00   0.000000e+00  4.730171e-04) (   5.733208e+00   0.000000e+00 -2.911660e-02) (   1.146642e+01   0.000000e+00  1.173641e-02) (   1.719963e+01   0.000000e+00 -6.046009e-03) (   2.293283e+01   0.000000e+00 -1.968835e-03) 
5.8	(   1.146642e+00   0.000000e+00  2.011034e-02) (   5.733208e+00   0.000000e+00 -4.099619e-02) (   1.146642e+01   0.000000e+00  1.434364e-02) (   1.719963e+01   0.000000e+00 -5.772258e-03) (   2.293283e+01   0.000000e+00 -2.382799e-03) 
5.9	(   1.146642e+00   0.000000e+00  3.861972e-02) (   5.733208e+00   0.000000e+00 -5.121833e-02) (   1.146642e+01   0.000000e+00  1.656594e-02) (   1.719963e+01   0.000000e+00 -5.303786e-03) (   2.293283e+01   0.000000e+00 -2.797624e-03) 
6	(   1.146642e+00   0.000000e+00  5.486678e-02) (   5.733208e+00   0.000000e+00 -5.903504e-02) (   1.146642e+01   0.000000e+00  1.825486e-02) (   1.719963e+01   0.000000e+00 -4.633292e-03) (   2.293283e+01   0.000000e+00 -3.203342e-03) 
6.1	(   1.146642e+00   0.000000e+00  6.805679e-02) (   5.733208e+00   0.000000e+00 -6.385924e-02) (   1.146642e+01   0.000000e+00  1.926419e-02) (   1.719963e+01   0.000000e+00 -3.760244e-03) (   2.293283e+01   0.000000e+00 -3.586859e-03) 
6.2	(   1.146642e+00   0.000000e+00  7.798807e-02) (   5.733208e+00   0.000000e+00 -6.530593e-02) (   1.146642e+01   0.000000e+00  1.946896e-02) (   1.719963e+01   0.000000e+00 -2.691696e-03) (   2.293283e+01   0.000000e+00 -3.934712e-03) 
6.3	(   1.146642e+00   0.000000e+00  8.418614e-02) (   5.733208e+00   0.000000e+00 -6.305101e-02) (   1.146642e+01   0.000000e+00  1.873008e-02) (   1.719963e+01   0.000000e+00 -1.443328e-03) (   2.293283e+01   0.000000e+00 -4.232775e-03) 
6.4	(   1.146642e+00   0.000000e+00  8.611895e-02) (   5.733208e+00   0.000000e+00 -5.709331e-02) (   1.146642e+01   0.000000e+00  1.695536e-02) (   1.719963e+01   0.000000e+00 -4.036574e-05) (   2.293283e+01   0.000000e+00 -4.467395e-03) 
6.5	(   1.146642e+00   0.000000e+00  8.336016e-02) (   5.733208e+00   0.000000e+00 -4.774870e-02) (   1.146642e+01   0.000000e+00  1.409967e-02) (   1.719963e+01   0.000000e+00  1.481989e-03) (   2.293283e+01   0.000000e+00 -4.625348e-03) 
6.6	(   1.146642e+00   0.000000e+00  7.587906e-02) (   5.733208e+00   0.000000e+00 -3.550845e-02) (   1.146642e+01   0.000000e+00  1.016296e-02) (   1.719963e+01   0.000000e+00  3.078915e-03) (   2.293283e+01   0.000000e+00 -4.693864e-03) 
6.7	(   1.146642e+00   0.000000e+00  6.451672e-02) (   5.733208e+00   0.000000e+00 -2.100573e-02) (   1.146642e+01   0.000000e+00  5.204827e-03) (   1.719963e+01   0.000000e+00  4.696938e-03) (   2.293283e+01   0.000000e+00 -4.662196e-03) 
6.8	(   1.146642e+00   0.000000e+00  4.960598e-02) (   5.733208e+00   0.000000e+00 -5.057795e-03) (   1.146642e+01   0.000000e+00 -6.530609e-04) (   1.719963e+01   0.000000e+00  6.274146e-03) (   2.293283e+01   0.000000e+00 -4.517316e-03) 
6.9	(   1.146642e+00   0.000000e+00  3.174969e-02) (   5.733208e+00   0.000000e+00  1.150243e-02) (   1.146642e+01   0.000000e+00 -7.221512e-03) (   1.719963e+01   0.000000e+00  7.741917e-03) (   2.293283e+01   0.000000e+00 -4.252447e-03) 
7	(   1.146642e+00   0.000000e+00  1.198503e-02) (   5.733208e+00   0.000000e+00  2.776800e-02) (   1.146642e+01   0.000000e+00 -1.423896e-02) (   1.719963e+01   0.000000e+00  9.025819e-03) (   2.293283e+01   0.000000e+00 -3.862908e-03) 
7.1	(   1.146642e+00   0.000000e+00 -8.563047e-03) (   5.733208e+00   0.000000e+00  4.289093e-02) (   1.146642e+01   0.000000e+00 -2.139736e-02) (   1.719963e+01   0.000000e+00  1.005111e-02) (   2.293283e+01   0.000000e+00 -3.347688e-03) 
7.2	(   1.146642e+00   0.000000e+00 -2.911983e-02) (   5.733208e+00   0.000000e+00  5.604547e-02) (   1.146642e+01   0.000000e+00 -2.832227e-02) (   1.719963e+01   0.000000e+00  1.074700e-02) (   2.293283e+01   0.000000e+00 -2.709936e-03) 
7.3	(   1.146642e+00   0.000000e+00 -4.833349e-02) (   5.733208e+00   0.000000e+00  6.654932e-02) (   1.146642e+01   0.000000e+00 -3.456632e-02) (   1.719963e+01   0.000000e+00  1.104778e-02) (   2.293283e+01   0.000000e+00 -1.957397e-03) 
7.4	(   1.146642e+00   0.000000e+00 -6.467956e-02) (   5.733208e+00   0.000000e+00  7.400697e-02) (   1.146642e+01   0.000000e+00 -3.966865e-02) (   1.719963e+01   0.000000e+00  1.090219e-02) (   2.293283e+01   0.000000e+00 -1.102782e-03) 
7.5	(   1.146642e+00   0.000000e+00 -7.787678e-02) (   5.733208e+00   0.000000e+00  7.785176e-02) (   1.146642e+01   0.000000e+00 -4.320845e-02) (   1.719963e+01   0.000000e+00  1.024195e-02) (   2.293283e+01   0.000000e+00 -1.640358e-04) 
7.6	(   1.146642e+00   0.000000e+00 -8.740361e-02) (   5.733208e+00   0.000000e+00  7.770326e-02) (   1.146642e+01   0.000000e+00 -4.480969e-02) (   1.719963e+01   0.000000e+00  9.037271e-03) (   2.293283e+01   0.000000e+00  8.357221e-04) 
7.7	(   1.146642e+00   0.000000e+00 -9.230448e-02) (   5.733208e+00   0.000000e+00  7.330478e-02) (   1.146642e+01   0.000000e+00 -4.417958e-02) (   1.719963e+01   0.000000e+00  7.274865e-03) (   2.293283e+01   0.000000e+00  1.868342e-03) 
7.8	(   1.146642e+00   0.000000e+00 -9.186149e-02) (   5.733208e+00   0.000000e+00  6.505555e-02) (   1.146642e+01   0.000000e+00 -4.104132e-02) (   1.719963e+01   0.000000e+00  4.963650e-03) (   2.293283e+01   0.000000e+00  2.901023e-03) 
7.9	(   1.146642e+00   0.000000e+00 -8.557763e-02) (   5.733208e+00   0.000000e+00  5.319860e-02) (   1.146642e+01   0.000000e+00 -3.537620e-02) (   1.719963e+01   0.000000e+00  2.138415e-03) (   2.293283e+01   0.000000e+00  3.897058e-03) 
8	(   1.146642e+00   0.000000e+00 -7.386538e-02) (   5.733208e+00   0.000000e+00  3.810501e-02) (   1.146642e+01   0.000000e+00 -2.732614e-02) (   1.719963e+01   0.000000e+00 -1.138359e-03) (   2.293283e+01   0.000000e+00  4.816395e-03) 
8.1	(   1.146642e+00   0.000000e+00 -5.821455e-02) (   5.733208e+00   0.000000e+00  2.036780e-02) (   1.146642e+01   0.000000e+00 -1.722328e-02) (   1.719963e+01   0.000000e+00 -4.775801e-03) (   2.293283e+01   0.000000e+00  5.616004e-03) 
8.2	(   1.146642e+00   0.000000e+00 -3.965561e-02) (   5.733208e+00   0.000000e+00  7.822519e-04) (   1.146642e+01   0.000000e+00 -5.550030e-03) (   1.719963e+01   0.000000e+00 -8.652782e-03) (   2.293283e+01   0.000000e+00  6.254164e-03) 
8.3	(   1.146642e+00   0.000000e+00 -1.963765e-02) (   5.733208e+00   0.000000e+00 -1.959074e-02) (   1.146642e+01   0.000000e+00  7.107525e-03) (   1.719963e+01   0.000000e+00 -1.262132e-02) (   2.293283e+01   0.000000e+00  6.691252e-03) 
8.4	(   1.146642e+00   0.000000e+00  6.116039e-04) (   5.733208e+00   0.000000e+00 -3.972077e-02) (   1.146642e+01   0.000000e+00  2.005575e-02) (   1.719963e+01   0.000000e+00 -1.651845e-02) (   2.293283e+01   0.000000e+00  6.891704e-03) 
8.5	(   1.146642e+00   0.000000e+00  2.053921e-02) (   5.733208e+00   0.000000e+00 -5.820123e-02) (   1.146642e+01   0.000000e+00  3.250764e-02) (   1.719963e+01   0.000000e+00 -2.015125e-02) (   2.293283e+01   0.000000e+00  6.822811e-03) 
8.6	(   1.146642e+00   0.000000e+00  3.936053e-02) (   5.733208e+00   0.000000e+00 -7.392888e-02) (   1.146642e+01   0.000000e+00  4.377877e-02) (   1.719963e+01   0.000000e+00 -2.330597e-02) (   2.293283e+01   0.000000e+00  6.447674e-03) 
8.7	(   1.146642e+00   0.000000e+00  5.597046e-02) (   5.733208e+00   0.000000e+00 -8.602811e-02) (   1.146642e+01   0.000000e+00  5.318486e-02) (   1.719963e+01   0.000000e+00 -2.577988e-02) (   2.293283e+01   0.000000e+00  5.748485e-03) 
8.8	(   1.146642e+00   0.000000e+00  6.936021e-02) (   5.733208e+00   0.000000e+00 -9.302391e-02) (   1.146642e+01   0.000000e+00  6.016133e-02) (   1.719963e+01   0.000000e+00 -2.738682e-02) (   2.293283e+01   0.000000e+00  4.717186e-03) 
8.9	(   1.146642e+00   0.000000e+00  7.917855e-02) (   5.733208e+00   0.000000e+00 -9.400717e-02) (   1.146642e+01   0.000000e+00  6.421992e-02) (   1.719963e+01   0.000000e+00 -2.796003e-02) (   2.293283e+01   0.000000e+00  3.355855e-03) 
9	(   1.146642e+00   0.000000e+00  8.494648e-02) (   5.733208e+00   0.000000e+00 -8.866544e-02) (   1.146642e+01   0.000000e+00  6.508689e-02) (   1.719963e+01   0.000000e+00 -2.735492e-02) (   2.293283e+01   0.000000e+00  1.682122e-03) 
9.1	(   1.146642e+00   0.000000e+00  8.633036e-02) (   5.733208e+00   0.000000e+00 -7.771175e-02) (   1.146642e+01   0.000000e+00  6.248207e-02) (   1.719963e+01   0.000000e+00 -2.544688e-02) (   2.293283e+01   0.000000e+00 -2.737460e-04) 
9.2	(   1.146642e+00   0.000000e+00  8.311523e-02) (   5.733208e+00   0.000000e+00 -6.272547e-02) (   1.146642e+01   0.000000e+00  5.637402e-02) (   1.719963e+01   0.000000e+00 -2.222062e-02) (   2.293283e+01   0.000000e+00 -2.464771e-03) 
9.3	(   1.146642e+00   0.000000e+00  7.556258e-02) (   5.733208e+00   0.000000e+00 -4.462584e-02) (   1.146642e+01   0.000000e+00  4.690155e-02) (   1.719963e+01   0.000000e+00 -1.770565e-02) (   2.293283e+01   0.000000e+00 -4.829584e-03) 
9.4	(   1.146642e+00   0.000000e+00  6.458817e-02) (   5.733208e+00   0.000000e+00 -2.431958e-02) (   1.146642e+01   0.000000e+00  3.440734e-02) (   1.719963e+01   0.000000e+00 -1.201266e-02) (   2.293283e+01   0.000000e+00 -7.291772e-03) 
9.5	(   1.146642e+00   0.000000e+00  5.040707e-02) (   5.733208e+00   0.000000e+00 -3.173823e-03) (   1.146642e+01   0.000000e+00  1.938522e-02) (   1.719963e+01   0.000000e+00 -5.320627e-03) (   2.293283e+01   0.000000e+00 -9.761983e-03) 
9.6	(   1.146642e+00   0.000000e+00  3.326163e-02) (   5.733208e+00   0.000000e+00  1.760214e-02) (   1.146642e+01   0.000000e+00  2.521420e-03) (   1.719963e+01   0.000000e+00  2.116385e-03) (   2.293283e+01   0.000000e+00 -1.214062e-02) 
9.7	(   1.146642e+00   0.000000e+00  1.394645e-02) (   5.733208e+00   0.000000e+00  3.685102e-02) (   1.146642e+01   0.000000e+00 -1.528045e-02) (   1.719963e+01   0.000000e+00  9.986447e-03) (   2.293283e+01   0.000000e+00 -1.432483e-02) 
9.8	(   1.146642e+00   0.000000e+00 -6.432467e-03) (   5.733208e+00   0.000000e+00  5.378783e-02) (   1.146642e+01   0.000000e+00 -3.308039e-02) (   1.719963e+01   0.000000e+00  1.792636e-02) (   2.293283e+01   0.000000e+00 -1.619547e-02) 
9.9	(   1.146642e+00   0.000000e+00 -2.698620e-02) (   5.733208e+00   0.000000e+00  6.761927e-02) (   1.146642e+01   0.000000e+00 -4.971141e-02) (   1.719963e+01   0.000000e+00  2.550834e-02) (   2.293283e+01   0.000000e+00 -1.763768e-02) 
10	(   1.146642e+00   0.000000e+00 -4.644661e-02) (   5.733208e+00   0.000000e+00  7.809763e-02) (   1.146642e+01   0.000000e+00 -6.401742e-02) (   1.719963e+01   0.000000e+00  3.236411e-02) (   2.293283e+01   0.000000e+00 -1.855259e-02) 
10.1	(   1.146642e+00   0.000000e+00 -6.325975e-02) (   5.733208e+00   0.000000e+00  8.465431e-02) (   1.146642e+01   0.000000e+00 -7.527447e-02) (   1.719963e+01   0.000000e+00  3.810140e-02) (   2.293283e+01   0.000000e+00 -1.885307e-02) 
10.2	(   1.146642e+00   0.000000e+00 -7.690215e-02) (   5.733208e+00   0.000000e+00  8.680260e-02) (   1.146642e+01   0.000000e+00 -8.255802e-02) (   1.719963e+01   0.000000e+00  4.236665e-02) (   2.293283e+01   0.000000e+00 -1.846104e-02) 
10.3	(   1.146642e+00   0.000000e+00 -8.675327e-02) (   5.733208e+00   0.000000e+00  8.434998e-02) (   1.146642e+01   0.000000e+00 -8.497478e-02) (   1.719963e+01   0.000000e+00  4.484183e-02) (   2.293283e+01   0.000000e+00 -1.731151e-02) 
10.4	(   1.146642e+00   0.000000e+00 -9.195872e-02) (   5.733208e+00   0.000000e+00  7.742839e-02) (   1.146642e+01   0.000000e+00 -8.212352e-02) (   1.719963e+01   0.000000e+00  4.530088e-02) (   2.293283e+01   0.000000e+00 -1.538997e-02) 
10.5	(   1.146642e+00   0.000000e+00 -9.204104e-02) (   5.733208e+00   0.000000e+00  6.670632e-02) (   1.146642e+01   0.000000e+00 -7.416448e-02) (   1.719963e+01   0.000000e+00  4.351725e-02) (   2.293283e+01   0.000000e+00 -1.270589e-02) 
10.6	(   1.146642e+00   0.000000e+00 -8.641973e-02) (   5.733208e+00   0.000000e+00  5.272872e-02) (   1.146642e+01   0.000000e+00 -6.222159e-02) (   1.719963e+01   0.000000e+00  3.940537e-02) (   2.293283e+01   0.000000e+00 -9.309187e-03) 
10.7	(   1.146642e+00   0.000000e+00 -7.522500e-02) (   5.733208e+00   0.000000e+00  3.587206e-02) (   1.146642e+01   0.000000e+00 -4.683539e-02) (   1.719963e+01   0.000000e+00  3.299034e-02) (   2.293283e+01   0.000000e+00 -5.284110e-03) 
10.8	(   1.146642e+00   0.000000e+00 -5.993239e-02) (   5.733208e+00   0.000000e+00  1.686634e-02) (   1.146642e+01   0.000000e+00 -2.883764e-02) (   1.719963e+01   0.000000e+00  2.440828e-02) (   2.293283e+01   0.000000e+00 -7.548966e-04) 
10.9	(   1.146642e+00   0.000000e+00 -4.159130e-02) (   5.733208e+00   0.000000e+00 -3.359766e-03) (   1.146642e+01   0.000000e+00 -9.329594e-03) (   1.719963e+01   0.000000e+00  1.389662e-02) (   2.293283e+01   0.000000e+00  4.122184e-03) 
11	(   1.146642e+00   0.000000e+00 -2.160350e-02) (   5.733208e+00   0.000000e+00 -2.372821e-02) (   1.146642e+01   0.000000e+00  1.058371e-02) (   1.719963e+01   0.000000e+00  1.858258e-03) (   2.293283e+01   0.000000e+00  9.160146e-03) 
11.1	(   1.146642e+00   0.000000e+00 -1.315345e-03) (   5.733208e+00   0.000000e+00 -4.319673e-02) (   1.146642e+01   0.000000e+00  2.982447e-02) (   1.719963e+01   0.000000e+00 -1.118784e-02) (   2.293283e+01   0.000000e+00  1.414851e-02) 
11.2	(   1.146642e+00   0.000000e+00  1.864122e-02) (   5.733208e+00   0.000000e+00 -6.054776e-02) (   1.146642e+01   0.000000e+00  4.742821e-02) (   1.719963e+01   0.000000e+00 -2.462226e-02) (   2.293283e+01   0.000000e+00  1.885344e-02) 
11.3	(   1.146642e+00   0.000000e+00  3.753458e-02) (   5.733208e+00   0.000000e+00 -7.499190e-02) (   1.146642e+01   0.000000e+00  6.251456e-02) (   1.719963e+01   0.000000e+00 -3.772329e-02) (   2.293283e+01   0.000000e+00  2.303690e-02) 
11.4	(   1.146642e+00   0.000000e+00  5.438351e-02) (   5.733208e+00   0.000000e+00 -8.582430e-02) (   1.146642e+01   0.000000e+00  7.450913e-02) (   1.719963e+01   0.000000e+00 -4.962607e-02) (   2.293283e+01   0.000000e+00  2.649128e-02) 
11.5	(   1.146642e+00   0.000000e+00  6.813663e-02) (   5.733208e+00   0.000000e+00 -9.187766e-02) (   1.146642e+01   0.000000e+00  8.296163e-02) (   1.719963e+01   0.000000e+00 -5.948053e-02) (   2.293283e+01   0.000000e+00  2.901053e-02) 
11.6	(   1.146642e+00   0.000000e+00  7.837253e-02) (   5.733208e+00   0.000000e+00 -9.250303e-02) (   1.146642e+01   0.000000e+00  8.707266e-02) (   1.719963e+01   0.000000e+00 -6.658485e-02) (   2.293283e+01   0.000000e+00  3.041598e-02) 
11.7	(   1.146642e+00   0.000000e+00  8.457425e-02) (   5.733208e+00   0.000000e+00 -8.736518e-02) (   1.146642e+01   0.000000e+00  8.645011e-02) (   1.719963e+01   0.000000e+00 -7.032287e-02) (   2.293283e+01   0.000000e+00  3.056864e-02) 
11.8	(   1.146642e+00   0.000000e+00  8.641896e-02) (   5.733208e+00   0.000000e+00 -7.696416e-02) (   1.146642e+01   0.000000e+00  8.097073e-02) (   1.719963e+01   0.000000e+00 -7.015296e-02) (   2.293283e+01   0.000000e+00  2.933160e-02) 
11.9	(   1.146642e+00   0.000000e+00  8.366760e-02) (   5.733208e+00   0.000000e+00 -6.256288e-02) (   1.146642e+01   0.000000e+00  7.103987e-02) (   1.719963e+01   0.000000e+00 -6.574150e-02) (   2.293283e+01   0.000000e+00  2.664717e-02) 
12	(   1.146642e+00   0.000000e+00  7.649795e-02) (   5.733208e+00   0.000000e+00 -4.494061e-02) (   1.146642e+01   0.000000e+00  5.747680e-02) (   1.719963e+01   0.000000e+00 -5.732529e-02) (   2.293283e+01   0.000000e+00  2.251365e-02) 
12.1	(   1.146642e+00   0.000000e+00  6.578200e-02) (   5.733208e+00   0.000000e+00 -2.499514e-02) (   1.146642e+01   0.000000e+00  4.041313e-02) (   1.719963e+01   0.000000e+00 -4.527565e-02) (   2.293283e+01   0.000000e+00  1.699734e-02) 
12.2	(   1.146642e+00   0.000000e+00  5.193572e-02) (   5.733208e+00   0.000000e+00 -4.137311e-03) (   1.146642e+01   0.000000e+00  2.066003e-02) (   1.719963e+01   0.000000e+00 -3.029404e-02) (   2.293283e+01   0.000000e+00  1.024054e-02) 
12.3	(   1.146642e+00   0.000000e+00  3.504977e-02) (   5.733208e+00   0.000000e+00  1.636755e-02) (   1.146642e+01   0.000000e+00 -8.333278e-04) (   1.719963e+01   0.000000e+00 -1.329952e-02) (   2.293283e+01   0.000000e+00  2.449879e-03) 
12.4	(   1.146642e+00   0.000000e+00  1.590038e-02) (   5.733208e+00   0.000000e+00  3.536689e-02) (   1.146642e+01   0.000000e+00 -2.280817e-02) (   1.719963e+01   0.000000e+00  4.655424e-03) (   2.293283e+01   0.000000e+00 -6.084733e-03) 
12.5	(   1.146642e+00   0.000000e+00 -4.418975e-03) (   5.733208e+00   0.000000e+00  5.208399e-02) (   1.146642e+01   0.000000e+00 -4.399403e-02) (   1.719963e+01   0.000000e+00  2.256090e-02) (   2.293283e+01   0.000000e+00 -1.500566e-02) 
12.6	(   1.146642e+00   0.000000e+00 -2.495907e-02) (   5.733208e+00   0.000000e+00  6.578784e-02) (   1.146642e+01   0.000000e+00 -6.287712e-02) (   1.719963e+01   0.000000e+00  3.936163e-02) (   2.293283e+01   0.000000e+00 -2.392661e-02) 
12.7	(   1.146642e+00   0.000000e+00 -4.456830e-02) (   5.733208e+00   0.000000e+00  7.622978e-02) (   1.146642e+01   0.000000e+00 -7.860579e-02) (   1.719963e+01   0.000000e+00  5.415733e-02) (   2.293283e+01   0.000000e+00 -3.238058e-02) 
12.8	(   1.146642e+00   0.000000e+00 -6.171087e-02) (   5.733208e+00   0.000000e+00  8.299451e-02) (   1.146642e+01   0.000000e+00 -9.011756e-02) (   1.719963e+01   0.000000e+00  6.616783e-02) (   2.293283e+01   0.000000e+00 -3.985601e-02) 
12.9	(   1.146642e+00   0.000000e+00 -7.569294e-02) (   5.733208e+00   0.000000e+00  8.556203e-02) (   1.146642e+01   0.000000e+00 -9.602001e-02) (   1.719963e+01   0.000000e+00  7.495486e-02) (   2.293283e+01   0.000000e+00 -4.586344e-02) 
13	(   1.146642e+00   0.000000e+00 -8.597704e-02) (   5.733208e+00   0.000000e+00  8.377823e-02) (   1.146642e+01   0.000000e+00 -9.570955e-02) (   1.719963e+01   0.000000e+00  7.992758e-02) (   2.293283e+01   0.000000e+00 -4.997798e-02) 
13.1	(   1.146642e+00   0.000000e+00 -9.163873e-02) (   5.733208e+00   0.000000e+00  7.765218e-02) (   1.146642e+01   0.000000e+00 -8.911596e-02) (   1.719963e+01   0.000000e+00  8.061525e-02) (   2.293283e+01   0.000000e+00 -5.182795e-02) 
13.2	(   1.146642e+00   0.000000e+00 -9.224996e-02) (   5.733208e+00   0.000000e+00  6.772663e-02) (   1.146642e+01   0.000000e+00 -7.723677e-02) (   1.719963e+01   0.000000e+00  7.677215e-02) (   2.293283e+01   0.000000e+00 -5.117086e-02) 
13.3	(   1.146642e+00   0.000000e+00 -8.720358e-02) (   5.733208e+00   0.000000e+00  5.449044e-02) (   1.146642e+01   0.000000e+00 -6.169710e-02) (   1.719963e+01   0.000000e+00  6.871059e-02) (   2.293283e+01   0.000000e+00 -4.777384e-02) 
13.4	(   1.146642e+00   0.000000e+00 -7.656606e-02) (   5.733208e+00   0.000000e+00  3.824410e-02) (   1.146642e+01   0.000000e+00 -4.333498e-02) (   1.719963e+01   0.000000e+00  5.692518e-02) (   2.293283e+01   0.000000e+00 -4.170087e-02) 
13.5	(   1.146642e+00   0.000000e+00 -6.165897e-02) (   5.733208e+00   0.000000e+00  1.962935e-02) (   1.146642e+01   0.000000e+00 -2.304204e-02) (   1.719963e+01   0.000000e+00  4.167631e-02) (   2.293283e+01   0.000000e+00 -3.315143e-02) 
13.6	(   1.146642e+00   0.000000e+00 -4.356083e-02) (   5.733208e+00   0.000000e+00 -5.280974e-04) (   1.146642e+01   0.000000e+00 -2.132557e-03) (   1.719963e+01   0.000000e+00  2.367801e-02) (   2.293283e+01   0.000000e+00 -2.250815e-02) 
13.7	(   1.146642e+00   0.000000e+00 -2.360957e-02) (   5.733208e+00   0.000000e+00 -2.113503e-02) (   1.146642e+01   0.000000e+00  1.833297e-02) (   1.719963e+01   0.000000e+00  3.745035e-03) (   2.293283e+01   0.000000e+00 -1.029530e-02) 
13.8	(   1.146642e+00   0.000000e+00 -3.271838e-03) (   5.733208e+00   0.000000e+00 -4.111567e-02) (   1.146642e+01   0.000000e+00  3.728158e-02) (   1.719963e+01   0.000000e+00 -1.700555e-02) (   2.293283e+01   0.000000e+00  2.884676e-03) 
13.9	(   1.146642e+00   0.000000e+00  1.672937e-02) (   5.733208e+00   0.000000e+00 -5.910836e-02) (   1.146642e+01   0.000000e+00  5.388388e-02) (   1.719963e+01   0.000000e+00 -3.746240e-02) (   2.293283e+01   0.000000e+00  1.637789e-02) 
14	(   1.146642e+00   0.000000e+00  3.573940e-02) (   5.733208e+00   0.000000e+00 -7.415071e-02) (   1.146642e+01   0.000000e+00  6.742582e-02) (   1.719963e+01   0.000000e+00 -5.624212e-02) (   2.293283e+01   0.000000e+00  2.940366e-02) 
14.1	(   1.146642e+00   0.000000e+00  5.280990e-02) (   5.733208e+00   0.000000e+00 -8.549918e-02) (   1.146642e+01   0.000000e+00  7.767289e-02) (   1.719963e+01   0.000000e+00 -7.225028e-02) (   2.293283e+01   0.000000e+00  4.130067e-02) 
14.2	(   1.146642e+00   0.000000e+00  6.689796e-02) (   5.733208e+00   0.000000e+00 -9.197450e-02) (   1.146642e+01   0.000000e+00  8.406689e-02) (   1.719963e+01   0.000000e+00 -8.479834e-02) (   2.293283e+01   0.000000e+00  5.143250e-02) 
14.3	(   1.146642e+00   0.000000e+00  7.752239e-02) (   5.733208e+00   0.000000e+00 -9.291946e-02) (   1.146642e+01   0.000000e+00  8.612233e-02) (   1.719963e+01   0.000000e+00 -9.248663e-02) (   2.293283e+01   0.000000e+00  5.923177e-02) 
14.4	(   1.146642e+00   0.000000e+00  8.417313e-02) (   5.733208e+00   0.000000e+00 -8.808733e-02) (   1.146642e+01   0.000000e+00  8.371284e-02) (   1.719963e+01   0.000000e+00 -9.441541e-02) (   2.293283e+01   0.000000e+00  6.422891e-02) 
14.5	(   1.146642e+00   0.000000e+00  8.643175e-02) (   5.733208e+00   0.000000e+00 -7.796088e-02) (   1.146642e+01   0.000000e+00  7.699327e-02) (   1.719963e+01   0.000000e+00 -9.018486e-02) (   2.293283e+01   0.000000e+00  6.610125e-02) 
14.6	(   1.146642e+00   0.000000e+00  8.412961e-02) (   5.733208e+00   0.000000e+00 -6.380960e-02) (   1.146642e+01   0.000000e+00  6.662519e-02) (   1.719963e+01   0.000000e+00 -8.028776e-02) (   2.293283e+01   0.000000e+00  6.462434e-02) 
14.7	(   1.146642e+00   0.000000e+00  7.735675e-02) (   5.733208e+00   0.000000e+00 -4.647438e-02) (   1.146642e+01   0.000000e+00  5.303101e-02) (   1.719963e+01   0.000000e+00 -6.604256e-02) (   2.293283e+01   0.000000e+00  5.963843e-02) 
14.8	(   1.146642e+00   0.000000e+00  6.693768e-02) (   5.733208e+00   0.000000e+00 -2.679811e-02) (   1.146642e+01   0.000000e+00  3.656963e-02) (   1.719963e+01   0.000000e+00 -4.854870e-02) (   2.293283e+01   0.000000e+00  5.124679e-02) 
14.9	(   1.146642e+00   0.000000e+00  5.341104e-02) (   5.733208e+00   0.000000e+00 -6.115791e-03) (   1.146642e+01   0.000000e+00  1.792527e-02) (   1.719963e+01   0.000000e+00 -2.851925e-02) (   2.293283e+01   0.000000e+00  3.969109e-02) 
15	(   1.146642e+00   0.000000e+00  3.683903e-02) (   5.733208e+00   0.000000e+00  1.434402e-02) (   1.146642e+01   0.000000e+00 -2.087334e-03) (   1.719963e+01   0.000000e+00 -7.202010e-03) (   2.293283e+01   0.000000e+00  2.541002e-02) 
15.1	(   1.146642e+00   0.000000e+00  1.790809e-02) (   5.733208e+00   0.000000e+00  3.344593e-02) (   1.146642e+01   0.000000e+00 -2.245276e-02) (   1.719963e+01   0.000000e+00  1.417394e-02) (   2.293283e+01   0.000000e+00  8.943277e-03) 
15.2	(   1.146642e+00   0.000000e+00 -2.352560e-03) (   5.733208e+00   0.000000e+00  5.038749e-02) (   1.146642e+01   0.000000e+00 -4.213499e-02) (   1.719963e+01   0.000000e+00  3.442528e-02) (   2.293283e+01   0.000000e+00 -8.888213e-03) 
15.3	(   1.146642e+00   0.000000e+00 -2.292818e-02) (   5.733208e+00   0.000000e+00  6.442688e-02) (   1.146642e+01   0.000000e+00 -5.984900e-02) (   1.719963e+01   0.000000e+00  5.258685e-02) (   2.293283e+01   0.000000e+00 -2.717510e-02) 
15.4	(   1.146642e+00   0.000000e+00 -4.270226e-02) (   5.733208e+00   0.000000e+00  7.524955e-02) (   1.146642e+01   0.000000e+00 -7.473677e-02) (   1.719963e+01   0.000000e+00  6.779708e-02) (   2.293283e+01   0.000000e+00 -4.487039e-02) 
15.5	(   1.146642e+00   0.000000e+00 -6.012751e-02) (   5.733208e+00   0.000000e+00  8.247284e-02) (   1.146642e+01   0.000000e+00 -8.599297e-02) (   1.719963e+01   0.000000e+00  7.971671e-02) (   2.293283e+01   0.000000e+00 -6.071366e-02) 
15.6	(   1.146642e+00   0.000000e+00 -7.442197e-02) (   5.733208e+00   0.000000e+00  8.555773e-02) (   1.146642e+01   0.000000e+00 -9.233842e-02) (   1.719963e+01   0.000000e+00  8.762472e-02) (   2.293283e+01   0.000000e+00 -7.380321e-02) 
15.7	(   1.146642e+00   0.000000e+00 -8.511185e-02) (   5.733208e+00   0.000000e+00  8.426466e-02) (   1.146642e+01   0.000000e+00 -9.302767e-02) (   1.719963e+01   0.000000e+00  9.078943e-02) (   2.293283e+01   0.000000e+00 -8.322243e-02) 
15.8	(   1.146642e+00   0.000000e+00 -9.125911e-02) (   5.733208e+00   0.000000e+00  7.855877e-02) (   1.146642e+01   0.000000e+00 -8.781565e-02) (   1.719963e+01   0.000000e+00  8.897405e-02) (   2.293283e+01   0.000000e+00 -8.774610e-02) 
15.9	(   1.146642e+00   0.000000e+00 -9.238916e-02) (   5.733208e+00   0.000000e+00  6.891617e-02) (   1.146642e+01   0.000000e+00 -7.734153e-02) (   1.719963e+01   0.000000e+00  8.216591e-02) (   2.293283e+01   0.000000e+00 -8.666577e-02) 
16	(   1.146642e+00   0.000000e+00 -8.792386e-02) (   5.733208e+00   0.000000e+00  5.592824e-02) (   1.146642e+01   0.000000e+00 -6.301230e-02) (   1.719963e+01   0.000000e+00  7.095879e-02) (   2.293283e+01   0.000000e+00 -7.977113e-02) 
16.1	(   1.146642e+00   0.000000e+00 -7.781661e-02) (   5.733208e+00   0.000000e+00  3.983202e-02) (   1.146642e+01   0.000000e+00 -4.562417e-02) (   1.719963e+01   0.000000e+00  5.629445e-02) (   2.293283e+01   0.000000e+00 -6.796023e-02) 
16.2	(   1.146642e+00   0.000000e+00 -6.330599e-02) (   5.733208e+00   0.000000e+00  2.133866e-02) (   1.146642e+01   0.000000e+00 -2.599484e-02) (   1.719963e+01   0.000000e+00  3.833101e-02) (   2.293283e+01   0.000000e+00 -5.234645e-02) 
16.3	(   1.146642e+00   0.000000e+00 -4.548478e-02) (   5.733208e+00   0.000000e+00  1.304283e-03) (   1.146642e+01   0.000000e+00 -5.374504e-03) (   1.719963e+01   0.000000e+00  1.790856e-02) (   2.293283e+01   0.000000e+00 -3.362573e-02) 
16.4	(   1.146642e+00   0.000000e+00 -2.563079e-02) (   5.733208e+00   0.000000e+00 -1.917652e-02) (   1.146642e+01   0.000000e+00  1.511310e-02) (   1.719963e+01   0.000000e+00 -3.920018e-03) (   2.293283e+01   0.000000e+00 -1.299909e-02) 
16.5	(   1.146642e+00   0.000000e+00 -5.257804e-03) (   5.733208e+00   0.000000e+00 -3.911231e-02) (   1.146642e+01   0.000000e+00  3.432776e-02) (   1.719963e+01   0.000000e+00 -2.588151e-02) (   2.293283e+01   0.000000e+00  8.156151e-03) 
16.6	(   1.146642e+00   0.000000e+00  1.478568e-02) (   5.733208e+00   0.000000e+00 -5.729290e-02) (   1.146642e+01   0.000000e+00  5.141585e-02) (   1.719963e+01   0.000000e+00 -4.667776e-02) (   2.293283e+01   0.000000e+00  2.863277e-02) 
16.7	(   1.146642e+00   0.000000e+00  3.389465e-02) (   5.733208e+00   0.000000e+00 -7.270782e-02) (   1.146642e+01   0.000000e+00  6.557365e-02) (   1.719963e+01   0.000000e+00 -6.484055e-02) (   2.293283e+01   0.000000e+00  4.732373e-02) 
16.8	(   1.146642e+00   0.000000e+00  5.118799e-02) (   5.733208e+00   0.000000e+00 -8.463338e-02) (   1.146642e+01   0.000000e+00  7.648128e-02) (   1.719963e+01   0.000000e+00 -7.970407e-02) (   2.293283e+01   0.000000e+00  6.329472e-02) 
16.9	(   1.146642e+00   0.000000e+00  6.560740e-02) (   5.733208e+00   0.000000e+00 -9.170434e-02) (   1.146642e+01   0.000000e+00  8.360299e-02) (   1.719963e+01   0.000000e+00 -9.015999e-02) (   2.293283e+01   0.000000e+00  7.597678e-02) 
17	(   1.146642e+00   0.000000e+00  7.660520e-02) (   5.733208e+00   0.000000e+00 -9.315770e-02) (   1.146642e+01   0.000000e+00  8.638429e-02) (   1.719963e+01   0.000000e+00 -9.507185e-02) (   2.293283e+01   0.000000e+00  8.489921e-02) 
17.1	(   1.146642e+00   0.000000e+00  8.368608e-02) (   5.733208e+00   0.000000e+00 -8.874958e-02) (   1.146642e+01   0.000000e+00  8.463997e-02) (   1.719963e+01   0.000000e+00 -9.399044e-02) (   2.293283e+01   0.000000e+00  8.924444e-02) 
17.2	(   1.146642e+00   0.000000e+00  8.641888e-02) (   5.733208e+00   0.000000e+00 -7.905937e-02) (   1.146642e+01   0.000000e+00  7.842284e-02) (   1.719963e+01   0.000000e+00 -8.702406e-02) (   2.293283e+01   0.000000e+00  8.866950e-02) 
17.3	(   1.146642e+00   0.000000e+00  8.457498e-02) (   5.733208e+00   0.000000e+00 -6.528809e-02) (   1.146642e+01   0.000000e+00  6.833748e-02) (   1.719963e+01   0.000000e+00 -7.519150e-02) (   2.293283e+01   0.000000e+00  8.304901e-02) 
17.4	(   1.146642e+00   0.000000e+00  7.820478e-02) (   5.733208e+00   0.000000e+00 -4.831213e-02) (   1.146642e+01   0.000000e+00  5.498289e-02) (   1.719963e+01   0.000000e+00 -6.009885e-02) (   2.293283e+01   0.000000e+00  7.288520e-02) 
17.5	(   1.146642e+00   0.000000e+00  6.807299e-02) (   5.733208e+00   0.000000e+00 -2.884068e-02) (   1.146642e+01   0.000000e+00  3.862789e-02) (   1.719963e+01   0.000000e+00 -4.234563e-02) (   2.293283e+01   0.000000e+00  5.912207e-02) 
17.6	(   1.146642e+00   0.000000e+00  5.488055e-02) (   5.733208e+00   0.000000e+00 -8.164734e-03) (   1.146642e+01   0.000000e+00  2.000499e-02) (   1.719963e+01   0.000000e+00 -2.280128e-02) (   2.293283e+01   0.000000e+00  4.192449e-02) 
17.7	(   1.146642e+00   0.000000e+00  3.858806e-02) (   5.733208e+00   0.000000e+00  1.239613e-02) (   1.146642e+01   0.000000e+00 -5.685110e-05) (   1.719963e+01   0.000000e+00 -2.629565e-03) (   2.293283e+01   0.000000e+00  2.206519e-02) 
17.8	(   1.146642e+00   0.000000e+00  1.987136e-02) (   5.733208e+00   0.000000e+00  3.168735e-02) (   1.146642e+01   0.000000e+00 -2.051210e-02) (   1.719963e+01   0.000000e+00  1.720146e-02) (   2.293283e+01   0.000000e+00  5.040607e-04) 
17.9	(   1.146642e+00   0.000000e+00 -2.995810e-04) (   5.733208e+00   0.000000e+00  4.886310e-02) (   1.146642e+01   0.000000e+00 -4.035861e-02) (   1.719963e+01   0.000000e+00  3.567502e-02) (   2.293283e+01   0.000000e+00 -2.152434e-02) 
18	(   1.146642e+00   0.000000e+00 -2.086502e-02) (   5.733208e+00   0.000000e+00  6.320144e-02) (   1.146642e+01   0.000000e+00 -5.836582e-02) (   1.719963e+01   0.000000e+00  5.206541e-02) (   2.293283e+01   0.000000e+00 -4.284113e-02) 
18.1	(   1.146642e+00   0.000000e+00 -4.078117e-02) (   5.733208e+00   0.000000e+00  7.430906e-02) (   1.146642e+01   0.000000e+00 -7.361780e-02) (   1.719963e+01   0.000000e+00  6.564587e-02) (   2.293283e+01   0.000000e+00 -6.198608e-02) 
18.2	(   1.146642e+00   0.000000e+00 -5.851649e-02) (   5.733208e+00   0.000000e+00  8.189317e-02) (   1.146642e+01   0.000000e+00 -8.541119e-02) (   1.719963e+01   0.000000e+00  7.610177e-02) (   2.293283e+01   0.000000e+00 -7.814414e-02) 
18.3	(   1.146642e+00   0.000000e+00 -7.314268e-02) (   5.733208e+00   0.000000e+00  8.536732e-02) (   1.146642e+01   0.000000e+00 -9.240661e-02) (   1.719963e+01   0.000000e+00  8.292176e-02) (   2.293283e+01   0.000000e+00 -9.032618e-02) 
18.4	(   1.146642e+00   0.000000e+00 -8.425442e-02) (   5.733208e+00   0.000000e+00  8.451709e-02) (   1.146642e+01   0.000000e+00 -9.375491e-02) (   1.719963e+01   0.000000e+00  8.557179e-02) (   2.293283e+01   0.000000e+00 -9.712318e-02) 
18.5	(   1.146642e+00   0.000000e+00 -9.085141e-02) (   5.733208e+00   0.000000e+00  7.924600e-02) (   1.146642e+01   0.000000e+00 -8.902486e-02) (   1.719963e+01   0.000000e+00  8.383329e-02) (   2.293283e+01   0.000000e+00 -9.775229e-02) 
18.6	(   1.146642e+00   0.000000e+00 -9.249623e-02) (   5.733208e+00   0.000000e+00  6.996125e-02) (   1.146642e+01   0.000000e+00 -7.876295e-02) (   1.719963e+01   0.000000e+00  7.770006e-02) (   2.293283e+01   0.000000e+00 -9.197265e-02) 
18.7	(   1.146642e+00   0.000000e+00 -8.860455e-02) (   5.733208e+00   0.000000e+00  5.731931e-02) (   1.146642e+01   0.000000e+00 -6.437660e-02) (   1.719963e+01   0.000000e+00  6.773224e-02) (   2.293283e+01   0.000000e+00 -8.054091e-02) 
18.8	(   1.146642e+00   0.000000e+00 -7.905725e-02) (   5.733208e+00   0.000000e+00  4.152033e-02) (   1.146642e+01   0.000000e+00 -4.692155e-02) (   1.719963e+01   0.000000e+00  5.444416e-02) (   2.293283e+01   0.000000e+00 -6.499581e-02) 
18.9	(   1.146642e+00   0.000000e+00 -6.493887e-02) (   5.733208e+00   0.000000e+00  2.323716e-02) (   1.146642e+01   0.000000e+00 -2.725478e-02) (   1.719963e+01   0.000000e+00  3.811134e-02) (   2.293283e+01   0.000000e+00 -4.643150e-02) 
19	(   1.146642e+00   0.000000e+00 -4.742019e-02) (   5.733208e+00   0.000000e+00  3.297009e-03) (   1.146642e+01   0.000000e+00 -6.681209e-03) (   1.719963e+01   0.000000e+00  1.944300e-02) (   2.293283e+01   0.000000e+00 -2.560083e-02) 
19.1	(   1.146642e+00   0.000000e+00 -2.769354e-02) (   5.733208e+00   0.000000e+00 -1.719419e-02) (   1.146642e+01   0.000000e+00  1.366739e-02) (   1.719963e+01   0.000000e+00 -7.189753e-04) (   2.293283e+01   0.000000e+00 -3.832288e-03) 
19.2	(   1.146642e+00   0.000000e+00 -7.294794e-03) (   5.733208e+00   0.000000e+00 -3.723629e-02) (   1.146642e+01   0.000000e+00  3.273633e-02) (   1.719963e+01   0.000000e+00 -2.131187e-02) (   2.293283e+01   0.000000e+00  1.769894e-02) 
19.3	(   1.146642e+00   0.000000e+00  1.281858e-02) (   5.733208e+00   0.000000e+00 -5.561658e-02) (   1.146642e+01   0.000000e+00  4.972866e-02) (   1.719963e+01   0.000000e+00 -4.127893e-02) (   2.293283e+01   0.000000e+00  3.778517e-02) 
19.4	(   1.146642e+00   0.000000e+00  3.205692e-02) (   5.733208e+00   0.000000e+00 -7.130236e-02) (   1.146642e+01   0.000000e+00  6.394007e-02) (   1.719963e+01   0.000000e+00 -5.932498e-02) (   2.293283e+01   0.000000e+00  5.553726e-02) 
19.5	(   1.146642e+00   0.000000e+00  4.955256e-02) (   5.733208e+00   0.000000e+00 -8.362619e-02) (   1.146642e+01   0.000000e+00  7.500062e-02) (   1.719963e+01   0.000000e+00 -7.453822e-02) (   2.293283e+01   0.000000e+00  7.013997e-02) 
19.6	(   1.146642e+00   0.000000e+00  6.429341e-02) (   5.733208e+00   0.000000e+00 -9.125806e-02) (   1.146642e+01   0.000000e+00  8.251136e-02) (   1.719963e+01   0.000000e+00 -8.615695e-02) (   2.293283e+01   0.000000e+00  8.133150e-02) 
19.7	(   1.146642e+00   0.000000e+00  7.564883e-02) (   5.733208e+00   0.000000e+00 -9.328346e-02) (   1.146642e+01   0.000000e+00  8.585154e-02) (   1.719963e+01   0.000000e+00 -9.283887e-02) (   2.293283e+01   0.000000e+00  8.832293e-02) 
19.8	(   1.146642e+00   0.000000e+00  8.315469e-02) (   5.733208e+00   0.000000e+00 -8.943030e-02) (   1.146642e+01   0.000000e+00  8.480126e-02) (   1.719963e+01   0.000000e+00 -9.381048e-02) (   2.293283e+01   0.000000e+00  9.055978e-02) 
19.9	(   1.146642e+00   0.000000e+00  8.632047e-02) (   5.733208e+00   0.000000e+00 -8.017175e-02) (   1.146642e+01   0.000000e+00  7.928164e-02) (   1.719963e+01   0.000000e+00 -8.874500e-02) (   2.293283e+01   0.000000e+00  8.782526e-02) 
20	(   1.146642e+00   0.000000e+00  8.495602e-02) (   5.733208e+00   0.000000e+00 -6.672588e-02) (   1.146642e+01   0.000000e+00  6.976353e-02) (   1.719963e+01   0.000000e+00 -7.828292e-02) (   2.293283e+01   0.000000e+00  8.029839e-02) 
20.1	(   1.146642e+00   0.000000e+00  7.900519e-02) (   5.733208e+00   0.000000e+00 -5.006075e-02) (   1.146642e+01   0.000000e+00  5.687719e-02) (   1.719963e+01   0.000000e+00 -6.382562e-02) (   2.293283e+01   0.000000e+00  6.869050e-02) 
20.2	(   1.146642e+00   0.000000e+00  6.917836e-02) (   5.733208e+00   0.000000e+00 -3.080883e-02) (   1.146642e+01   0.000000e+00  4.081177e-02) (   1.719963e+01   0.000000e+00 -4.630489e-02) (   2.293283e+01   0.000000e+00  5.376078e-02) 
20.3	(   1.146642e+00   0.000000e+00  5.630079e-02) (   5.733208e+00   0.000000e+00 -1.019392e-02) (   1.146642e+01   0.000000e+00  2.226507e-02) (   1.719963e+01   0.000000e+00 -2.654166e-02) (   2.293283e+01   0.000000e+00  3.581387e-02) 
20.4	(   1.146642e+00   0.000000e+00  4.031298e-02) (   5.733208e+00   0.000000e+00  1.043374e-02) (   1.146642e+01   0.000000e+00  2.073642e-03) (   1.719963e+01   0.000000e+00 -5.824071e-03) (   2.293283e+01   0.000000e+00  1.572076e-02) 
20.5	(   1.146642e+00   0.000000e+00  2.180723e-02) (   5.733208e+00   0.000000e+00  2.990504e-02) (   1.146642e+01   0.000000e+00 -1.862765e-02) (   1.719963e+01   0.000000e+00  1.471818e-02) (   2.293283e+01   0.000000e+00 -5.475038e-03) 
20.6	(   1.146642e+00   0.000000e+00  1.720588e-03) (   5.733208e+00   0.000000e+00  4.733308e-02) (   1.146642e+01   0.000000e+00 -3.876800e-02) (   1.719963e+01   0.000000e+00  3.397718e-02) (   2.293283e+01   0.000000e+00 -2.659802e-02) 
20.7	(   1.146642e+00   0.000000e+00 -1.883728e-02) (   5.733208e+00   0.000000e+00  6.196586e-02) (   1.146642e+01   0.000000e+00 -5.703980e-02) (   1.719963e+01   0.000000e+00  5.109882e-02) (   2.293283e+01   0.000000e+00 -4.644419e-02) 
20.8	(   1.146642e+00   0.000000e+00 -3.887191e-02) (   5.733208e+00   0.000000e+00  7.337797e-02) (   1.146642e+01   0.000000e+00 -7.249982e-02) (   1.719963e+01   0.000000e+00  6.531391e-02) (   2.293283e+01   0.000000e+00 -6.372683e-02) 
20.9	(   1.146642e+00   0.000000e+00 -5.685432e-02) (   5.733208e+00   0.000000e+00  8.132896e-02) (   1.146642e+01   0.000000e+00 -8.451568e-02) (   1.719963e+01   0.000000e+00  7.628756e-02) (   2.293283e+01   0.000000e+00 -7.779536e-02) 
21	(   1.146642e+00   0.000000e+00 -7.178464e-02) (   5.733208e+00   0.000000e+00  8.522574e-02) (   1.146642e+01   0.000000e+00 -9.185138e-02) (   1.719963e+01   0.000000e+00  8.353271e-02) (   2.293283e+01   0.000000e+00 -8.776236e-02) 
21.1	(   1.146642e+00   0.000000e+00 -8.328142e-02) (   5.733208e+00   0.000000e+00  8.477823e-02) (   1.146642e+01   0.000000e+00 -9.362965e-02) (   1.719963e+01   0.000000e+00  8.647180e-02) (   2.293283e+01   0.000000e+00 -9.256659e-02) 
21.2	(   1.146642e+00   0.000000e+00 -9.034778e-02) (   5.733208e+00   0.000000e+00  7.992777e-02) (   1.146642e+01   0.000000e+00 -8.945114e-02) (   1.719963e+01   0.000000e+00  8.494079e-02) (   2.293283e+01   0.000000e+00 -9.181690e-02) 
21.3	(   1.146642e+00   0.000000e+00 -9.248976e-02) (   5.733208e+00   0.000000e+00  7.100112e-02) (   1.146642e+01   0.000000e+00 -7.972159e-02) (   1.719963e+01   0.000000e+00  7.892345e-02) (   2.293283e+01   0.000000e+00 -8.554227e-02) 
21.4	(   1.146642e+00   0.000000e+00 -8.919938e-02) (   5.733208e+00   0.000000e+00  5.872531e-02) (   1.146642e+01   0.000000e+00 -6.577005e-02) (   1.719963e+01   0.000000e+00  6.898420e-02) (   2.293283e+01   0.000000e+00 -7.459698e-02) 
21.5	(   1.146642e+00   0.000000e+00 -8.020763e-02) (   5.733208e+00   0.000000e+00  4.321891e-02) (   1.146642e+01   0.000000e+00 -4.869186e-02) (   1.719963e+01   0.000000e+00  5.574424e-02) (   2.293283e+01   0.000000e+00 -6.038066e-02) 
21.6	(   1.146642e+00   0.000000e+00 -6.649129e-02) (   5.733208e+00   0.000000e+00  2.516821e-02) (   1.146642e+01   0.000000e+00 -2.927426e-02) (   1.719963e+01   0.000000e+00  3.945374e-02) (   2.293283e+01   0.000000e+00 -4.340584e-02) 
21.7	(   1.146642e+00   0.000000e+00 -4.926825e-02) (   5.733208e+00   0.000000e+00  5.350797e-03) (   1.146642e+01   0.000000e+00 -8.775908e-03) (   1.719963e+01   0.000000e+00  2.081025e-02) (   2.293283e+01   0.000000e+00 -2.448225e-02) 
21.8	(   1.146642e+00   0.000000e+00 -2.967656e-02) (   5.733208e+00   0.000000e+00 -1.514668e-02) (   1.146642e+01   0.000000e+00  1.164028e-02) (   1.719963e+01   0.000000e+00  6.313296e-04) (   2.293283e+01   0.000000e+00 -4.720373e-03) 
21.9	(   1.146642e+00   0.000000e+00 -9.264144e-03) (   5.733208e+00   0.000000e+00 -3.529378e-02) (   1.146642e+01   0.000000e+00  3.090184e-02) (   1.719963e+01   0.000000e+00 -2.002280e-02) (   2.293283e+01   0.000000e+00  1.494885e-02) 
22	(   1.146642e+00   0.000000e+00  1.089489e-02) (   5.733208e+00   0.000000e+00 -5.389042e-02) (   1.146642e+01   0.000000e+00  4.817426e-02) (   1.719963e+01   0.000000e+00 -4.010563e-02) (   2.293283e+01   0.000000e+00  3.353719e-02) 
22.1	(   1.146642e+00   0.000000e+00  3.023441e-02) (   5.733208e+00   0.000000e+00 -6.984234e-02) (   1.146642e+01   0.000000e+00  6.271873e-02) (   1.719963e+01   0.000000e+00 -5.829431e-02) (   2.293283e+01   0.000000e+00  5.025203e-02) 
22.2	(   1.146642e+00   0.000000e+00  4.794208e-02) (   5.733208e+00   0.000000e+00 -8.255522e-02) (   1.146642e+01   0.000000e+00  7.410184e-02) (   1.719963e+01   0.000000e+00 -7.366254e-02) (   2.293283e+01   0.000000e+00  6.433891e-02) 
22.3	(   1.146642e+00   0.000000e+00  6.299106e-02) (   5.733208e+00   0.000000e+00 -9.069714e-02) (   1.146642e+01   0.000000e+00  8.196468e-02) (   1.719963e+01   0.000000e+00 -8.549242e-02) (   2.293283e+01   0.000000e+00  7.537650e-02) 
22.4	(   1.146642e+00   0.000000e+00  7.469692e-02) (   5.733208e+00   0.000000e+00 -9.329426e-02) (   1.146642e+01   0.000000e+00  8.569449e-02) (   1.719963e+01   0.000000e+00 -9.249349e-02) (   2.293283e+01   0.000000e+00  8.289231e-02) 
22.5	(   1.146642e+00   0.000000e+00  8.263626e-02) (   5.733208e+00   0.000000e+00 -9.001018e-02) (   1.146642e+01   0.000000e+00  8.501717e-02) (   1.719963e+01   0.000000e+00 -9.383915e-02) (   2.293283e+01   0.000000e+00  8.622360e-02) 
22.6	(   1.146642e+00   0.000000e+00  8.626313e-02) (   5.733208e+00   0.000000e+00 -8.123575e-02) (   1.146642e+01   0.000000e+00  7.986070e-02) (   1.719963e+01   0.000000e+00 -8.922297e-02) (   2.293283e+01   0.000000e+00  8.510265e-02) 
22.7	(   1.146642e+00   0.000000e+00  8.534287e-02) (   5.733208e+00   0.000000e+00 -6.812972e-02) (   1.146642e+01   0.000000e+00  7.063461e-02) (   1.719963e+01   0.000000e+00 -7.918370e-02) (   2.293283e+01   0.000000e+00  7.942073e-02) 
22.8	(   1.146642e+00   0.000000e+00  7.983488e-02) (   5.733208e+00   0.000000e+00 -5.179262e-02) (   1.146642e+01   0.000000e+00  5.805773e-02) (   1.719963e+01   0.000000e+00 -6.507570e-02) (   2.293283e+01   0.000000e+00  6.966766e-02) 
22.9	(   1.146642e+00   0.000000e+00  7.031451e-02) (   5.733208e+00   0.000000e+00 -3.276846e-02) (   1.146642e+01   0.000000e+00  4.225940e-02) (   1.719963e+01   0.000000e+00 -4.787529e-02) (   2.293283e+01   0.000000e+00  5.647322e-02) 
23	(   1.146642e+00   0.000000e+00  5.774578e-02) (   5.733208e+00   0.000000e+00 -1.223225e-02) (   1.146642e+01   0.000000e+00  2.395747e-02) (   1.719963e+01   0.000000e+00 -2.833836e-02) (   2.293283e+01   0.000000e+00  4.002906e-02) 
23.1	(   1.146642e+00   0.000000e+00  4.203845e-02) (   5.733208e+00   0.000000e+00  8.427891e-03) (   1.146642e+01   0.000000e+00  3.940515e-03) (   1.719963e+01   0.000000e+00 -7.703954e-03) (   2.293283e+01   0.000000e+00  2.105264e-02) 
23.2	(   1.146642e+00   0.000000e+00  2.377344e-02) (   5.733208e+00   0.000000e+00  2.804299e-02) (   1.146642e+01   0.000000e+00 -1.669905e-02) (   1.719963e+01   0.000000e+00  1.285764e-02) (   2.293283e+01   0.000000e+00  4.175953e-04) 
23.3	(   1.146642e+00   0.000000e+00  3.794135e-03) (   5.733208e+00   0.000000e+00  4.567802e-02) (   1.146642e+01   0.000000e+00 -3.690552e-02) (   1.719963e+01   0.000000e+00  3.223428e-02) (   2.293283e+01   0.000000e+00 -2.071579e-02) 
23.4	(   1.146642e+00   0.000000e+00 -1.675790e-02) (   5.733208e+00   0.000000e+00  6.060512e-02) (   1.146642e+01   0.000000e+00 -5.541169e-02) (   1.719963e+01   0.000000e+00  4.956108e-02) (   2.293283e+01   0.000000e+00 -4.121829e-02) 
23.5	(   1.146642e+00   0.000000e+00 -3.691435e-02) (   5.733208e+00   0.000000e+00  7.231738e-02) (   1.146642e+01   0.000000e+00 -7.119546e-02) (   1.719963e+01   0.000000e+00  6.404733e-02) (   2.293283e+01   0.000000e+00 -5.968427e-02) 
23.6	(   1.146642e+00   0.000000e+00 -5.517176e-02) (   5.733208e+00   0.000000e+00  8.061043e-02) (   1.146642e+01   0.000000e+00 -8.366799e-02) (   1.719963e+01   0.000000e+00  7.530860e-02) (   2.293283e+01   0.000000e+00 -7.519670e-02) 
23.7	(   1.146642e+00   0.000000e+00 -7.042711e-02) (   5.733208e+00   0.000000e+00  8.489819e-02) (   1.146642e+01   0.000000e+00 -9.153134e-02) (   1.719963e+01   0.000000e+00  8.291133e-02) (   2.293283e+01   0.000000e+00 -8.694836e-02) 
23.8	(   1.146642e+00   0.000000e+00 -8.234363e-02) (   5.733208e+00   0.000000e+00  8.489535e-02) (   1.146642e+01   0.000000e+00 -9.384302e-02) (   1.719963e+01   0.000000e+00  8.628412e-02) (   2.293283e+01   0.000000e+00 -9.361840e-02) 
23.9	(   1.146642e+00   0.000000e+00 -8.989487e-02) (   5.733208e+00   0.000000e+00  8.045524e-02) (   1.146642e+01   0.000000e+00 -9.015420e-02) (   1.719963e+01   0.000000e+00  8.520879e-02) (   2.293283e+01   0.000000e+00 -9.444511e-02) 
24	(   1.146642e+00   0.000000e+00 -9.255150e-02) (   5.733208e+00   0.000000e+00  7.189368e-02) (   1.146642e+01   0.000000e+00 -8.083229e-02) (   1.719963e+01   0.000000e+00  7.966716e-02) (   2.293283e+01   0.000000e+00 -8.922012e-02) 
24.1	(   1.146642e+00   0.000000e+00 -8.982867e-02) (   5.733208e+00   0.000000e+00  5.996262e-02) (   1.146642e+01   0.000000e+00 -6.715460e-02) (   1.719963e+01   0.000000e+00  7.014814e-02) (   2.293283e+01   0.000000e+00 -7.864951e-02) 
24.2	(   1.146642e+00   0.000000e+00 -8.139798e-02) (   5.733208e+00   0.000000e+00  4.476841e-02) (   1.146642e+01   0.000000e+00 -5.035276e-02) (   1.719963e+01   0.000000e+00  5.735756e-02) (   2.293283e+01   0.000000e+00 -6.418943e-02) 
24.3	(   1.146642e+00   0.000000e+00 -6.808200e-02) (   5.733208e+00   0.000000e+00  2.693902e-02) (   1.146642e+01   0.000000e+00 -3.114234e-02) (   1.719963e+01   0.000000e+00  4.143530e-02) (   2.293283e+01   0.000000e+00 -4.676474e-02) 
24.4	(   1.146642e+00   0.000000e+00 -5.120522e-02) (   5.733208e+00   0.000000e+00  7.253117e-03) (   1.146642e+01   0.000000e+00 -1.071233e-02) (   1.719963e+01   0.000000e+00  2.307024e-02) (   2.293283e+01   0.000000e+00 -2.713608e-02) 
24.5	(   1.146642e+00   0.000000e+00 -3.179999e-02) (   5.733208e+00   0.000000e+00 -1.321358e-02) (   1.146642e+01   0.000000e+00  9.752283e-03) (   1.719963e+01   0.000000e+00  3.028160e-03) (   2.293283e+01   0.000000e+00 -6.533632e-03) 
24.6	(   1.146642e+00   0.000000e+00 -1.137780e-02) (   5.733208e+00   0.000000e+00 -3.342916e-02) (   1.146642e+01   0.000000e+00  2.919731e-02) (   1.719963e+01   0.000000e+00 -1.765640e-02) (   2.293283e+01   0.000000e+00  1.393224e-02) 
24.7	(   1.146642e+00   0.000000e+00  8.850452e-03) (   5.733208e+00   0.000000e+00 -5.221952e-02) (   1.146642e+01   0.000000e+00  4.672847e-02) (   1.719963e+01   0.000000e+00 -3.795904e-02) (   2.293283e+01   0.000000e+00  3.317224e-02) 
24.8	(   1.146642e+00   0.000000e+00  2.829556e-02) (   5.733208e+00   0.000000e+00 -6.844452e-02) (   1.146642e+01   0.000000e+00  6.160348e-02) (   1.719963e+01   0.000000e+00 -5.658050e-02) (   2.293283e+01   0.000000e+00  5.035086e-02) 
24.9	(   1.146642e+00   0.000000e+00  4.618369e-02) (   5.733208e+00   0.000000e+00 -8.150053e-02) (   1.146642e+01   0.000000e+00  7.331347e-02) (   1.719963e+01   0.000000e+00 -7.246404e-02) (   2.293283e+01   0.000000e+00  6.468490e-02) 
25	(   1.146642e+00   0.000000e+00  6.154849e-02) (   5.733208e+00   0.000000e+00 -9.013797e-02) (   1.146642e+01   0.000000e+00  8.154556e-02) (   1.719963e+01   0.000000e+00 -8.490171e-02) (   2.293283e+01   0.000000e+00  7.580541e-02) 
25.1	(   1.146642e+00   0.000000e+00  7.358798e-02) (   5.733208e+00   0.000000e+00 -9.328440e-02) (   1.146642e+01   0.000000e+00  8.566180e-02) (   1.719963e+01   0.000000e+00 -9.247736e-02) (   2.293283e+01   0.000000e+00  8.323037e-02) 
25.2	(   1.146642e+00   0.000000e+00  8.192340e-02) (   5.733208e+00   0.000000e+00 -9.058897e-02) (   1.146642e+01   0.000000e+00  8.540145e-02) (   1.719963e+01   0.000000e+00 -9.429609e-02) (   2.293283e+01   0.000000e+00  8.639433e-02) 
25.3	(   1.146642e+00   0.000000e+00  8.600305e-02) (   5.733208e+00   0.000000e+00 -8.228986e-02) (   1.146642e+01   0.000000e+00  8.062310e-02) (   1.719963e+01   0.000000e+00 -8.999470e-02) (   2.293283e+01   0.000000e+00  8.507088e-02) 
25.4	(   1.146642e+00   0.000000e+00  8.557282e-02) (   5.733208e+00   0.000000e+00 -6.950439e-02) (   1.146642e+01   0.000000e+00  7.173118e-02) (   1.719963e+01   0.000000e+00 -8.015769e-02) (   2.293283e+01   0.000000e+00  7.923952e-02) 
25.5	(   1.146642e+00   0.000000e+00  8.049509e-02) (   5.733208e+00   0.000000e+00 -5.344630e-02) (   1.146642e+01   0.000000e+00  5.950482e-02) (   1.719963e+01   0.000000e+00 -6.618509e-02) (   2.293283e+01   0.000000e+00  6.943276e-02) 
25.6	(   1.146642e+00   0.000000e+00  7.132041e-02) (   5.733208e+00   0.000000e+00 -3.462262e-02) (   1.146642e+01   0.000000e+00  4.403166e-02) (   1.719963e+01   0.000000e+00 -4.923037e-02) (   2.293283e+01   0.000000e+00  5.631497e-02) 
25.7	(   1.146642e+00   0.000000e+00  5.908410e-02) (   5.733208e+00   0.000000e+00 -1.416446e-02) (   1.146642e+01   0.000000e+00  2.596008e-02) (   1.719963e+01   0.000000e+00 -3.000637e-02) (   2.293283e+01   0.000000e+00  4.009488e-02) 
25.8	(   1.146642e+00   0.000000e+00  4.368828e-02) (   5.733208e+00   0.000000e+00  6.534437e-03) (   1.146642e+01   0.000000e+00  6.056799e-03) (   1.719963e+01   0.000000e+00 -9.674347e-03) (   2.293283e+01   0.000000e+00  2.150877e-02) 
25.9	(   1.146642e+00   0.000000e+00  2.565757e-02) (   5.733208e+00   0.000000e+00  2.630774e-02) (   1.146642e+01   0.000000e+00 -1.460656e-02) (   1.719963e+01   0.000000e+00  1.064348e-02) (   2.293283e+01   0.000000e+00  1.371258e-03) 
26	(   1.146642e+00   0.000000e+00  5.817568e-03) (   5.733208e+00   0.000000e+00  4.418734e-02) (   1.146642e+01   0.000000e+00 -3.496649e-02) (   1.719963e+01   0.000000e+00  2.993070e-02) (   2.293283e+01   0.000000e+00 -1.926072e-02) 
26.1	(   1.146642e+00   0.000000e+00 -1.469413e-02) (   5.733208e+00   0.000000e+00  5.940726e-02) (   1.146642e+01   0.000000e+00 -5.373692e-02) (   1.719963e+01   0.000000e+00  4.733777e-02) (   2.293283e+01   0.000000e+00 -3.937085e-02) 
26.2	(   1.146642e+00   0.000000e+00 -3.493518e-02) (   5.733208e+00   0.000000e+00  7.144015e-02) (   1.146642e+01   0.000000e+00 -6.982213e-02) (   1.719963e+01   0.000000e+00  6.211280e-02) (   2.293283e+01   0.000000e+00 -5.766129e-02) 
26.3	(   1.146642e+00   0.000000e+00 -5.341915e-02) (   5.733208e+00   0.000000e+00  8.008385e-02) (   1.146642e+01   0.000000e+00 -8.264579e-02) (   1.719963e+01   0.000000e+00  7.374789e-02) (   2.293283e+01   0.000000e+00 -7.315594e-02) 
26.4	(   1.146642e+00   0.000000e+00 -6.896132e-02) (   5.733208e+00   0.000000e+00  8.478048e-02) (   1.146642e+01   0.000000e+00 -9.100282e-02) (   1.719963e+01   0.000000e+00  8.190356e-02) (   2.293283e+01   0.000000e+00 -8.516383e-02) 
26.5	(   1.146642e+00   0.000000e+00 -8.121574e-02) (   5.733208e+00   0.000000e+00  8.519778e-02) (   1.146642e+01   0.000000e+00 -9.388821e-02) (   1.719963e+01   0.000000e+00  8.589923e-02) (   2.293283e+01   0.000000e+00 -9.232680e-02) 
26.6	(   1.146642e+00   0.000000e+00 -8.921178e-02) (   5.733208e+00   0.000000e+00  8.119180e-02) (   1.146642e+01   0.000000e+00 -9.085231e-02) (   1.719963e+01   0.000000e+00  8.545556e-02) (   2.293283e+01   0.000000e+00 -9.380854e-02) 
26.7	(   1.146642e+00   0.000000e+00 -9.234823e-02) (   5.733208e+00   0.000000e+00  7.300139e-02) (   1.146642e+01   0.000000e+00 -8.206417e-02) (   1.719963e+01   0.000000e+00  8.043481e-02) (   2.293283e+01   0.000000e+00 -8.925261e-02) 
26.8	(   1.146642e+00   0.000000e+00 -9.020962e-02) (   5.733208e+00   0.000000e+00  6.137797e-02) (   1.146642e+01   0.000000e+00 -6.873998e-02) (   1.719963e+01   0.000000e+00  7.126072e-02) (   2.293283e+01   0.000000e+00 -7.924477e-02) 
26.9	(   1.146642e+00   0.000000e+00 -8.234413e-02) (   5.733208e+00   0.000000e+00  4.646579e-02) (   1.146642e+01   0.000000e+00 -5.223876e-02) (   1.719963e+01   0.000000e+00  5.872643e-02) (   2.293283e+01   0.000000e+00 -6.513846e-02) 
27	(   1.146642e+00   0.000000e+00 -6.944888e-02) (   5.733208e+00   0.000000e+00  2.886309e-02) (   1.146642e+01   0.000000e+00 -3.323798e-02) (   1.719963e+01   0.000000e+00  4.296297e-02) (   2.293283e+01   0.000000e+00 -4.796587e-02) 
27.1	(   1.146642e+00   0.000000e+00 -5.290437e-02) (   5.733208e+00   0.000000e+00  9.299778e-03) (   1.146642e+01   0.000000e+00 -1.290117e-02) (   1.719963e+01   0.000000e+00  2.467537e-02) (   2.293283e+01   0.000000e+00 -2.848105e-02) 
27.2	(   1.146642e+00   0.000000e+00 -3.367526e-02) (   5.733208e+00   0.000000e+00 -1.117393e-02) (   1.146642e+01   0.000000e+00  7.559258e-03) (   1.719963e+01   0.000000e+00  4.672681e-03) (   2.293283e+01   0.000000e+00 -7.913793e-03) 
27.3	(   1.146642e+00   0.000000e+00 -1.327881e-02) (   5.733208e+00   0.000000e+00 -3.148931e-02) (   1.146642e+01   0.000000e+00  2.710860e-02) (   1.719963e+01   0.000000e+00 -1.596540e-02) (   2.293283e+01   0.000000e+00  1.258512e-02) 
27.4	(   1.146642e+00   0.000000e+00  6.986769e-03) (   5.733208e+00   0.000000e+00 -5.050520e-02) (   1.146642e+01   0.000000e+00  4.484257e-02) (   1.719963e+01   0.000000e+00 -3.621833e-02) (   2.293283e+01   0.000000e+00  3.193772e-02) 
27.5	(   1.146642e+00   0.000000e+00  2.651521e-02) (   5.733208e+00   0.000000e+00 -6.702928e-02) (   1.146642e+01   0.000000e+00  5.998394e-02) (   1.719963e+01   0.000000e+00 -5.483475e-02) (   2.293283e+01   0.000000e+00  4.927839e-02) 
27.6	(   1.146642e+00   0.000000e+00  4.458205e-02) (   5.733208e+00   0.000000e+00 -8.048075e-02) (   1.146642e+01   0.000000e+00  7.200812e-02) (   1.719963e+01   0.000000e+00 -7.077113e-02) (   2.293283e+01   0.000000e+00  6.383815e-02) 
27.7	(   1.146642e+00   0.000000e+00  6.021130e-02) (   5.733208e+00   0.000000e+00 -8.963212e-02) (   1.146642e+01   0.000000e+00  8.062549e-02) (   1.719963e+01   0.000000e+00 -8.339598e-02) (   2.293283e+01   0.000000e+00  7.519882e-02) 
27.8	(   1.146642e+00   0.000000e+00  7.260363e-02) (   5.733208e+00   0.000000e+00 -9.336415e-02) (   1.146642e+01   0.000000e+00  8.519086e-02) (   1.719963e+01   0.000000e+00 -9.139793e-02) (   2.293283e+01   0.000000e+00  8.294590e-02) 
27.9	(   1.146642e+00   0.000000e+00  8.134242e-02) (   5.733208e+00   0.000000e+00 -9.125459e-02) (   1.146642e+01   0.000000e+00  8.538864e-02) (   1.719963e+01   0.000000e+00 -9.377251e-02) (   2.293283e+01   0.000000e+00  8.645017e-02) 
28	(   1.146642e+00   0.000000e+00  8.584658e-02) (   5.733208e+00   0.000000e+00 -8.348462e-02) (   1.146642e+01   0.000000e+00  8.109304e-02) (   1.719963e+01   0.000000e+00 -9.011446e-02) (   2.293283e+01   0.000000e+00  8.548825e-02) 
28.1	(   1.146642e+00   0.000000e+00  8.584735e-02) (   5.733208e+00   0.000000e+00 -7.106064e-02) (   1.146642e+01   0.000000e+00  7.261317e-02) (   1.719963e+01   0.000000e+00 -8.079548e-02) (   2.293283e+01   0.000000e+00  7.997076e-02) 
28.2	(   1.146642e+00   0.000000e+00  8.120167e-02) (   5.733208e+00   0.000000e+00 -5.536078e-02) (   1.146642e+01   0.000000e+00  6.074682e-02) (   1.719963e+01   0.000000e+00 -6.716470e-02) (   2.293283e+01   0.000000e+00  7.039522e-02) 
28.3	(   1.146642e+00   0.000000e+00  7.233458e-02) (   5.733208e+00   0.000000e+00 -3.677967e-02) (   1.146642e+01   0.000000e+00  4.560804e-02) (   1.719963e+01   0.000000e+00 -5.044431e-02) (   2.293283e+01   0.000000e+00  5.749973e-02) 
28.4	(   1.146642e+00   0.000000e+00  6.037964e-02) (   5.733208e+00   0.000000e+00 -1.641752e-02) (   1.146642e+01   0.000000e+00  2.782154e-02) (   1.719963e+01   0.000000e+00 -3.134924e-02) (   2.293283e+01   0.000000e+00  4.143676e-02) 
28.5	(   1.146642e+00   0.000000e+00  4.527239e-02) (   5.733208e+00   0.000000e+00  4.294057e-03) (   1.146642e+01   0.000000e+00  8.110391e-03) (   1.719963e+01   0.000000e+00 -1.104165e-02) (   2.293283e+01   0.000000e+00  2.288536e-02) 
28.6	(   1.146642e+00   0.000000e+00  2.746835e-02) (   5.733208e+00   0.000000e+00  2.420115e-02) (   1.146642e+01   0.000000e+00 -1.246972e-02) (   1.719963e+01   0.000000e+00  9.314407e-03) (   2.293283e+01   0.000000e+00  2.653486e-03) 
28.7	(   1.146642e+00   0.000000e+00  7.723952e-03) (   5.733208e+00   0.000000e+00  4.229426e-02) (   1.146642e+01   0.000000e+00 -3.284120e-02) (   1.719963e+01   0.000000e+00  2.869984e-02) (   2.293283e+01   0.000000e+00 -1.816692e-02) 
28.8	(   1.146642e+00   0.000000e+00 -1.279370e-02) (   5.733208e+00   0.000000e+00  5.780963e-02) (   1.146642e+01   0.000000e+00 -5.175809e-02) (   1.719963e+01   0.000000e+00  4.624878e-02) (   2.293283e+01   0.000000e+00 -3.854074e-02) 
28.9	(   1.146642e+00   0.000000e+00 -3.314250e-02) (   5.733208e+00   0.000000e+00  7.014343e-02) (   1.146642e+01   0.000000e+00 -6.806034e-02) (   1.719963e+01   0.000000e+00  6.118118e-02) (   2.293283e+01   0.000000e+00 -5.715805e-02) 
29	(   1.146642e+00   0.000000e+00 -5.188559e-02) (   5.733208e+00   0.000000e+00  7.916466e-02) (   1.146642e+01   0.000000e+00 -8.120141e-02) (   1.719963e+01   0.000000e+00  7.299087e-02) (   2.293283e+01   0.000000e+00 -7.301989e-02) 
29.1	(   1.146642e+00   0.000000e+00 -6.775770e-02) (   5.733208e+00   0.000000e+00  8.430531e-02) (   1.146642e+01   0.000000e+00 -8.998235e-02) (   1.719963e+01   0.000000e+00  8.136772e-02) (   2.293283e+01   0.000000e+00 -8.543280e-02) 
29.2	(   1.146642e+00   0.000000e+00 -8.042203e-02) (   5.733208e+00   0.000000e+00  8.520176e-02) (   1.146642e+01   0.000000e+00 -9.336588e-02) (   1.719963e+01   0.000000e+00  8.562958e-02) (   2.293283e+01   0.000000e+00 -9.305640e-02) 
29.3	(   1.146642e+00   0.000000e+00 -8.889622e-02) (   5.733208e+00   0.000000e+00  8.166750e-02) (   1.146642e+01   0.000000e+00 -9.086845e-02) (   1.719963e+01   0.000000e+00  8.545729e-02) (   2.293283e+01   0.000000e+00 -9.496236e-02) 
29.4	(   1.146642e+00   0.000000e+00 -9.253076e-02) (   5.733208e+00   0.000000e+00  7.393677e-02) (   1.146642e+01   0.000000e+00 -8.259068e-02) (   1.719963e+01   0.000000e+00  8.074602e-02) (   2.293283e+01   0.000000e+00 -9.079490e-02) 
29.5	(   1.146642e+00   0.000000e+00 -9.091199e-02) (   5.733208e+00   0.000000e+00  6.268719e-02) (   1.146642e+01   0.000000e+00 -6.963967e-02) (   1.719963e+01   0.000000e+00  7.183722e-02) (   2.293283e+01   0.000000e+00 -8.101619e-02) 
29.6	(   1.146642e+00   0.000000e+00 -8.358475e-02) (   5.733208e+00   0.000000e+00  4.813197e-02) (   1.146642e+01   0.000000e+00 -5.346064e-02) (   1.719963e+01   0.000000e+00  5.954454e-02) (   2.293283e+01   0.000000e+00 -6.696980e-02) 
29.7	(   1.146642e+00   0.000000e+00 -7.106748e-02) (   5.733208e+00   0.000000e+00  3.081506e-02) (   1.146642e+01   0.000000e+00 -3.467727e-02) (   1.719963e+01   0.000000e+00  4.398684e-02) (   2.293283e+01   0.000000e+00 -4.985102e-02) 
29.8	(   1.146642e+00   0.000000e+00 -5.487368e-02) (   5.733208e+00   0.000000e+00  1.147415e-02) (   1.146642e+01   0.000000e+00 -1.444308e-02) (   1.719963e+01   0.000000e+00  2.586091e-02) (   2.293283e+01   0.000000e+00 -3.035236e-02) 
29.9	(   1.146642e+00   0.000000e+00 -3.582096e-02) (   5.733208e+00   0.000000e+00 -8.887594e-03) (   1.146642e+01   0.000000e+00  5.988413e-03) (   1.719963e+01   0.000000e+00  5.929181e-03) (   2.293283e+01   0.000000e+00 -9.679129e-03) 
30	(   1.146642e+00   0.000000e+00 -1.542457e-02) (   5.733208e+00   0.000000e+00 -2.920867e-02) (   1.146642e+01   0.000000e+00  2.558878e-02) (   1.719963e+01   0.000000e+00 -1.475119e-02) (   2.293283e+01   0.000000e+00  1.098596e-02) 
30.1	(   1.146642e+00   0.000000e+00  4.926756e-03) (   5.733208e+00   0.000000e+00 -4.836246e-02) (   1.146642e+01   0.000000e+00  4.343187e-02) (   1.719963e+01   0.000000e+00 -3.514781e-02) (   2.293283e+01   0.000000e+00  3.057475e-02) 
30.2	(   1.146642e+00   0.000000e+00  2.459709e-02) (   5.733208e+00   0.000000e+00 -6.512864e-02) (   1.146642e+01   0.000000e+00  5.876106e-02) (   1.719963e+01   0.000000e+00 -5.401990e-02) (   2.293283e+01   0.000000e+00  4.821960e-02) 
30.3	(   1.146642e+00   0.000000e+00  4.288579e-02) (   5.733208e+00   0.000000e+00 -7.886011e-02) (   1.146642e+01   0.000000e+00  7.098428e-02) (   1.719963e+01   0.000000e+00 -7.025902e-02) (   2.293283e+01   0.000000e+00  6.314158e-02) 
30.4	(   1.146642e+00   0.000000e+00  5.884257e-02) (   5.733208e+00   0.000000e+00 -8.846224e-02) (   1.146642e+01   0.000000e+00  7.985606e-02) (   1.719963e+01   0.000000e+00 -8.326861e-02) (   2.293283e+01   0.000000e+00  7.492833e-02) 
30.5	(   1.146642e+00   0.000000e+00  7.158558e-02) (   5.733208e+00   0.000000e+00 -9.274840e-02) (   1.146642e+01   0.000000e+00  8.472081e-02) (   1.719963e+01   0.000000e+00 -9.168709e-02) (   2.293283e+01   0.000000e+00  8.319904e-02) 
30.6	(   1.146642e+00   0.000000e+00  8.076623e-02) (   5.733208e+00   0.000000e+00 -9.125262e-02) (   1.146642e+01   0.000000e+00  8.524530e-02) (   1.719963e+01   0.000000e+00 -9.447750e-02) (   2.293283e+01   0.000000e+00  8.729061e-02) 
30.7	(   1.146642e+00   0.000000e+00  8.576526e-02) (   5.733208e+00   0.000000e+00 -8.402088e-02) (   1.146642e+01   0.000000e+00  8.125827e-02) (   1.719963e+01   0.000000e+00 -9.121319e-02) (   2.293283e+01   0.000000e+00  8.690901e-02) 
30.8	(   1.146642e+00   0.000000e+00  8.627729e-02) (   5.733208e+00   0.000000e+00 -7.202979e-02) (   1.146642e+01   0.000000e+00  7.308907e-02) (   1.719963e+01   0.000000e+00 -8.222456e-02) (   2.293283e+01   0.000000e+00  8.197213e-02) 
30.9	(   1.146642e+00   0.000000e+00  8.211656e-02) (   5.733208e+00   0.000000e+00 -5.668140e-02) (   1.146642e+01   0.000000e+00  6.148573e-02) (   1.719963e+01   0.000000e+00 -6.877287e-02) (   2.293283e+01   0.000000e+00  7.282857e-02) 
31	(   1.146642e+00   0.000000e+00  7.368451e-02) (   5.733208e+00   0.000000e+00 -3.838341e-02) (   1.146642e+01   0.000000e+00  4.657890e-02) (   1.719963e+01   0.000000e+00 -5.222430e-02) (   2.293283e+01   0.000000e+00  6.029252e-02) 
31.1	(   1.146642e+00   0.000000e+00  6.201429e-02) (   5.733208e+00   0.000000e+00 -1.818852e-02) (   1.146642e+01   0.000000e+00  2.895724e-02) (   1.719963e+01   0.000000e+00 -3.318131e-02) (   2.293283e+01   0.000000e+00  4.445662e-02) 
31.2	(   1.146642e+00   0.000000e+00  4.721719e-02) (   5.733208e+00   0.000000e+00  2.475679e-03) (   1.146642e+01   0.000000e+00  9.371656e-03) (   1.719963e+01   0.000000e+00 -1.277937e-02) (   2.293283e+01   0.000000e+00  2.597153e-02) 
31.3	(   1.146642e+00   0.000000e+00  2.966790e-02) (   5.733208e+00   0.000000e+00  2.243346e-02) (   1.146642e+01   0.000000e+00 -1.116618e-02) (   1.719963e+01   0.000000e+00  7.778059e-03) (   2.293283e+01   0.000000e+00  5.612110e-03) 
31.4	(   1.146642e+00   0.000000e+00  1.010142e-02) (   5.733208e+00   0.000000e+00  4.064318e-02) (   1.146642e+01   0.000000e+00 -3.160379e-02) (   1.719963e+01   0.000000e+00  2.746674e-02) (   2.293283e+01   0.000000e+00 -1.554036e-02) 
31.5	(   1.146642e+00   0.000000e+00 -1.037245e-02) (   5.733208e+00   0.000000e+00  5.635706e-02) (   1.146642e+01   0.000000e+00 -5.070278e-02) (   1.719963e+01   0.000000e+00  4.537703e-02) (   2.293283e+01   0.000000e+00 -3.640299e-02) 
31.6	(   1.146642e+00   0.000000e+00 -3.079926e-02) (   5.733208e+00   0.000000e+00  6.894356e-02) (   1.146642e+01   0.000000e+00 -6.725589e-02) (   1.719963e+01   0.000000e+00  6.074001e-02) (   2.293283e+01   0.000000e+00 -5.562815e-02) 
31.7	(   1.146642e+00   0.000000e+00 -4.978343e-02) (   5.733208e+00   0.000000e+00  7.820524e-02) (   1.146642e+01   0.000000e+00 -8.068674e-02) (   1.719963e+01   0.000000e+00  7.299316e-02) (   2.293283e+01   0.000000e+00 -7.207664e-02) 
31.8	(   1.146642e+00   0.000000e+00 -6.599230e-02) (   5.733208e+00   0.000000e+00  8.364734e-02) (   1.146642e+01   0.000000e+00 -8.986582e-02) (   1.719963e+01   0.000000e+00  8.184316e-02) (   2.293283e+01   0.000000e+00 -8.509547e-02) 
31.9	(   1.146642e+00   0.000000e+00 -7.902944e-02) (   5.733208e+00   0.000000e+00  8.486957e-02) (   1.146642e+01   0.000000e+00 -9.369230e-02) (   1.719963e+01   0.000000e+00  8.658262e-02) (   2.293283e+01   0.000000e+00 -9.329843e-02) 
32	(   1.146642e+00   0.000000e+00 -8.803016e-02) (   5.733208e+00   0.000000e+00  8.169140e-02) (   1.146642e+01   0.000000e+00 -9.166161e-02) (   1.719963e+01   0.000000e+00  8.686399e-02) (   2.293283e+01   0.000000e+00 -9.576505e-02) 
32.1	(   1.146642e+00   0.000000e+00 -9.223687e-02) (   5.733208e+00   0.000000e+00  7.429070e-02) (   1.146642e+01   0.000000e+00 -8.374071e-02) (   1.719963e+01   0.000000e+00  8.251405e-02) (   2.293283e+01   0.000000e+00 -9.217877e-02) 
32.2	(   1.146642e+00   0.000000e+00 -9.126587e-02) (   5.733208e+00   0.000000e+00  6.335200e-02) (   1.146642e+01   0.000000e+00 -7.098308e-02) (   1.719963e+01   0.000000e+00  7.390151e-02) (   2.293283e+01   0.000000e+00 -8.299807e-02) 
32.3	(   1.146642e+00   0.000000e+00 -8.459467e-02) (   5.733208e+00   0.000000e+00  4.908158e-02) (   1.146642e+01   0.000000e+00 -5.495192e-02) (   1.719963e+01   0.000000e+00  6.182030e-02) (   2.293283e+01   0.000000e+00 -6.945144e-02) 
32.4	(   1.146642e+00   0.000000e+00 -7.261612e-02) (   5.733208e+00   0.000000e+00  3.198335e-02) (   1.146642e+01   0.000000e+00 -3.623178e-02) (   1.719963e+01   0.000000e+00  4.646553e-02) (   2.293283e+01   0.000000e+00 -5.291361e-02) 
32.5	(   1.146642e+00   0.000000e+00 -5.684551e-02) (   5.733208e+00   0.000000e+00  1.278771e-02) (   1.146642e+01   0.000000e+00 -1.596147e-02) (   1.719963e+01   0.000000e+00  2.841668e-02) (   2.293283e+01   0.000000e+00 -3.387984e-02) 
32.6	(   1.146642e+00   0.000000e+00 -3.809008e-02) (   5.733208e+00   0.000000e+00 -7.507429e-03) (   1.146642e+01   0.000000e+00  4.600833e-03) (   1.719963e+01   0.000000e+00  8.445786e-03) (   2.293283e+01   0.000000e+00 -1.344165e-02) 
32.7	(   1.146642e+00   0.000000e+00 -1.779927e-02) (   5.733208e+00   0.000000e+00 -2.783800e-02) (   1.146642e+01   0.000000e+00  2.443299e-02) (   1.719963e+01   0.000000e+00 -1.241862e-02) (   2.293283e+01   0.000000e+00  7.214305e-03) 
32.8	(   1.146642e+00   0.000000e+00  2.557794e-03) (   5.733208e+00   0.000000e+00 -4.710944e-02) (   1.146642e+01   0.000000e+00  4.257675e-02) (   1.719963e+01   0.000000e+00 -3.313112e-02) (   2.293283e+01   0.000000e+00  2.705830e-02) 
32.9	(   1.146642e+00   0.000000e+00  2.227996e-02) (   5.733208e+00   0.000000e+00 -6.406980e-02) (   1.146642e+01   0.000000e+00  5.825428e-02) (   1.719963e+01   0.000000e+00 -5.245550e-02) (   2.293283e+01   0.000000e+00  4.515300e-02) 
33	(   1.146642e+00   0.000000e+00  4.069799e-02) (   5.733208e+00   0.000000e+00 -7.805881e-02) (   1.146642e+01   0.000000e+00  7.088040e-02) (   1.719963e+01   0.000000e+00 -6.921874e-02) (   2.293283e+01   0.000000e+00  6.069852e-02) 
33.1	(   1.146642e+00   0.000000e+00  5.690102e-02) (   5.733208e+00   0.000000e+00 -8.801240e-02) (   1.146642e+01   0.000000e+00  8.017030e-02) (   1.719963e+01   0.000000e+00 -8.281330e-02) (   2.293283e+01   0.000000e+00  7.311708e-02) 
33.2	(   1.146642e+00   0.000000e+00  6.998099e-02) (   5.733208e+00   0.000000e+00 -9.272169e-02) (   1.146642e+01   0.000000e+00  8.547438e-02) (   1.719963e+01   0.000000e+00 -9.194050e-02) (   2.293283e+01   0.000000e+00  8.211315e-02) 
33.3	(   1.146642e+00   0.000000e+00  7.951691e-02) (   5.733208e+00   0.000000e+00 -9.164246e-02) (   1.146642e+01   0.000000e+00  8.640325e-02) (   1.719963e+01   0.000000e+00 -9.546448e-02) (   2.293283e+01   0.000000e+00  8.698046e-02) 
33.4	(   1.146642e+00   0.000000e+00  8.495745e-02) (   5.733208e+00   0.000000e+00 -8.480138e-02) (   1.146642e+01   0.000000e+00  8.279068e-02) (   1.719963e+01   0.000000e+00 -9.297160e-02) (   2.293283e+01   0.000000e+00  8.736564e-02) 
33.5	(   1.146642e+00   0.000000e+00  8.593974e-02) (   5.733208e+00   0.000000e+00 -7.308412e-02) (   1.146642e+01   0.000000e+00  7.489495e-02) (   1.719963e+01   0.000000e+00 -8.461737e-02) (   2.293283e+01   0.000000e+00  8.309662e-02) 
33.6	(   1.146642e+00   0.000000e+00  8.225742e-02) (   5.733208e+00   0.000000e+00 -5.793525e-02) (   1.146642e+01   0.000000e+00  6.345908e-02) (   1.719963e+01   0.000000e+00 -7.153696e-02) (   2.293283e+01   0.000000e+00  7.455052e-02) 
33.7	(   1.146642e+00   0.000000e+00  7.424836e-02) (   5.733208e+00   0.000000e+00 -3.977011e-02) (   1.146642e+01   0.000000e+00  4.872205e-02) (   1.719963e+01   0.000000e+00 -5.532883e-02) (   2.293283e+01   0.000000e+00  6.250222e-02) 
33.8	(   1.146642e+00   0.000000e+00  6.295472e-02) (   5.733208e+00   0.000000e+00 -1.960040e-02) (   1.146642e+01   0.000000e+00  3.117583e-02) (   1.719963e+01   0.000000e+00 -3.650232e-02) (   2.293283e+01   0.000000e+00  4.718660e-02) 
33.9	(   1.146642e+00   0.000000e+00  4.854090e-02) (   5.733208e+00   0.000000e+00  1.162506e-03) (   1.146642e+01   0.000000e+00  1.154887e-02) (   1.719963e+01   0.000000e+00 -1.614673e-02) (   2.293283e+01   0.000000e+00  2.916987e-02) 
34	(   1.146642e+00   0.000000e+00  3.131942e-02) (   5.733208e+00   0.000000e+00  2.133430e-02) (   1.146642e+01   0.000000e+00 -9.149767e-03) (   1.719963e+01   0.000000e+00  4.500519e-03) (   2.293283e+01   0.000000e+00  9.232434e-03) 
34.1	(   1.146642e+00   0.000000e+00  1.199546e-02) (   5.733208e+00   0.000000e+00  3.980397e-02) (   1.146642e+01   0.000000e+00 -2.983114e-02) (   1.719963e+01   0.000000e+00  2.442645e-02) (   2.293283e+01   0.000000e+00 -1.161634e-02) 
34.2	(   1.146642e+00   0.000000e+00 -8.323719e-03) (   5.733208e+00   0.000000e+00  5.582228e-02) (   1.146642e+01   0.000000e+00 -4.930611e-02) (   1.719963e+01   0.000000e+00  4.269718e-02) (   2.293283e+01   0.000000e+00 -3.233626e-02) 
34.3	(   1.146642e+00   0.000000e+00 -2.869224e-02) (   5.733208e+00   0.000000e+00  6.873588e-02) (   1.146642e+01   0.000000e+00 -6.633730e-02) (   1.719963e+01   0.000000e+00  5.853446e-02) (   2.293283e+01   0.000000e+00 -5.167738e-02) 
34.4	(   1.146642e+00   0.000000e+00 -4.776914e-02) (   5.733208e+00   0.000000e+00  7.837505e-02) (   1.146642e+01   0.000000e+00 -8.034639e-02) (   1.719963e+01   0.000000e+00  7.134650e-02) (   2.293283e+01   0.000000e+00 -6.840752e-02) 
34.5	(   1.146642e+00   0.000000e+00 -6.414049e-02) (   5.733208e+00   0.000000e+00  8.419693e-02) (   1.146642e+01   0.000000e+00 -9.019794e-02) (   1.719963e+01   0.000000e+00  8.082027e-02) (   2.293283e+01   0.000000e+00 -8.188089e-02) 
34.6	(   1.146642e+00   0.000000e+00 -7.735535e-02) (   5.733208e+00   0.000000e+00  8.580036e-02) (   1.146642e+01   0.000000e+00 -9.474460e-02) (   1.719963e+01   0.000000e+00  8.627639e-02) (   2.293283e+01   0.000000e+00 -9.083540e-02) 
34.7	(   1.146642e+00   0.000000e+00 -8.663690e-02) (   5.733208e+00   0.000000e+00  8.297839e-02) (   1.146642e+01   0.000000e+00 -9.338634e-02) (   1.719963e+01   0.000000e+00  8.731869e-02) (   2.293283e+01   0.000000e+00 -9.418373e-02) 
34.8	(   1.146642e+00   0.000000e+00 -9.121378e-02) (   5.733208e+00   0.000000e+00  7.586761e-02) (   1.146642e+01   0.000000e+00 -8.605108e-02) (   1.719963e+01   0.000000e+00  8.375654e-02) (   2.293283e+01   0.000000e+00 -9.156806e-02) 
34.9	(   1.146642e+00   0.000000e+00 -9.069835e-02) (   5.733208e+00   0.000000e+00  6.508111e-02) (   1.146642e+01   0.000000e+00 -7.367082e-02) (   1.719963e+01   0.000000e+00  7.582367e-02) (   2.293283e+01   0.000000e+00 -8.322470e-02) 
35	(   1.146642e+00   0.000000e+00 -8.458124e-02) (   5.733208e+00   0.000000e+00  5.096911e-02) (   1.146642e+01   0.000000e+00 -5.791120e-02) (   1.719963e+01   0.000000e+00  6.426985e-02) (   2.293283e+01   0.000000e+00 -7.037270e-02) 
