           0.1	   3.999973e+00  -1.000027e+00   3.999996e+00  -1.000004e+00   4.000000e+00  -1.000000e+00   4.000000e+00  -1.000000e+00   4.000000e+00  -1.000000e+00
0.2	   3.999822e+00  -1.000178e+00   3.999977e+00  -1.000023e+00   3.999997e+00  -1.000003e+00   4.000000e+00  -1.000000e+00   4.000000e+00  -1.000000e+00
0.3	   3.999482e+00  -1.000518e+00   3.999933e+00  -1.000067e+00   3.999992e+00  -1.000008e+00   3.999999e+00  -1.000001e+00   4.000000e+00  -1.000000e+00
0.4	   3.998909e+00  -1.001091e+00   3.999860e+00  -1.000140e+00   3.999984e+00  -1.000016e+00   3.999998e+00  -1.000002e+00   4.000000e+00  -1.000000e+00
0.5	   3.998074e+00  -1.001926e+00   3.999752e+00  -1.000248e+00   3.999970e+00  -1.000030e+00   3.999996e+00  -1.000004e+00   4.000000e+00  -1.000000e+00
0.6	   3.996976e+00  -1.003024e+00   3.999604e+00  -1.000396e+00   3.999951e+00  -1.000049e+00   3.999994e+00  -1.000006e+00   3.999999e+00  -1.000001e+00
0.7	   3.995649e+00  -1.004351e+00   3.999416e+00  -1.000584e+00   3.999926e+00  -1.000074e+00   3.999990e+00  -1.000010e+00   3.999999e+00  -1.000001e+00
0.8	   3.994151e+00  -1.005849e+00   3.999185e+00  -1.000815e+00   3.999892e+00  -1.000108e+00   3.999986e+00  -1.000014e+00   3.999998e+00  -1.000002e+00
0.9	   3.992594e+00  -1.007406e+00   3.998912e+00  -1.001088e+00   3.999849e+00  -1.000151e+00   3.999979e+00  -1.000021e+00   3.999997e+00  -1.000003e+00
1	   3.991132e+00  -1.008868e+00   3.998601e+00  -1.001399e+00   3.999797e+00  -1.000203e+00   3.999971e+00  -1.000029e+00   3.999996e+00  -1.000004e+00
1.1	   3.989961e+00  -1.010039e+00   3.998255e+00  -1.001745e+00   3.999732e+00  -1.000268e+00   3.999960e+00  -1.000040e+00   3.999994e+00  -1.000006e+00
1.2	   3.989320e+00  -1.010680e+00   3.997886e+00  -1.002114e+00   3.999656e+00  -1.000344e+00   3.999946e+00  -1.000054e+00   3.999992e+00  -1.000008e+00
1.3	   3.989454e+00  -1.010546e+00   3.997503e+00  -1.002497e+00   3.999567e+00  -1.000433e+00   3.999929e+00  -1.000071e+00   3.999989e+00  -1.000011e+00
1.4	   3.990574e+00  -1.009426e+00   3.997123e+00  -1.002877e+00   3.999464e+00  -1.000536e+00   3.999908e+00  -1.000092e+00   3.999985e+00  -1.000015e+00
1.5	   3.992846e+00  -1.007154e+00   3.996766e+00  -1.003234e+00   3.999349e+00  -1.000651e+00   3.999883e+00  -1.000117e+00   3.999980e+00  -1.000020e+00
1.6	   3.996340e+00  -1.003660e+00   3.996460e+00  -1.003540e+00   3.999222e+00  -1.000778e+00   3.999852e+00  -1.000148e+00   3.999974e+00  -1.000026e+00
1.7	   4.000950e+00  -9.990495e-01   3.996228e+00  -1.003772e+00   3.999084e+00  -1.000916e+00   3.999816e+00  -1.000184e+00   3.999967e+00  -1.000033e+00
1.8	   4.006407e+00  -9.935929e-01   3.996097e+00  -1.003903e+00   3.998936e+00  -1.001064e+00   3.999774e+00  -1.000226e+00   3.999958e+00  -1.000042e+00
1.9	   4.012337e+00  -9.876627e-01   3.996099e+00  -1.003901e+00   3.998783e+00  -1.001217e+00   3.999726e+00  -1.000274e+00   3.999947e+00  -1.000053e+00
2	   4.018282e+00  -9.817179e-01   3.996266e+00  -1.003734e+00   3.998627e+00  -1.001373e+00   3.999671e+00  -1.000329e+00   3.999933e+00  -1.000067e+00
2.1	   4.023758e+00  -9.762423e-01   3.996629e+00  -1.003371e+00   3.998474e+00  -1.001526e+00   3.999609e+00  -1.000391e+00   3.999917e+00  -1.000083e+00
2.2	   4.028293e+00  -9.717067e-01   3.997210e+00  -1.002790e+00   3.998328e+00  -1.001672e+00   3.999540e+00  -1.000460e+00   3.999898e+00  -1.000102e+00
2.3	   4.031503e+00  -9.684966e-01   3.998033e+00  -1.001967e+00   3.998197e+00  -1.001803e+00   3.999464e+00  -1.000536e+00   3.999876e+00  -1.000124e+00
2.4	   4.033042e+00  -9.669582e-01   3.999111e+00  -1.000889e+00   3.998089e+00  -1.001911e+00   3.999383e+00  -1.000617e+00   3.999851e+00  -1.000149e+00
2.5	   4.032606e+00  -9.673945e-01   4.000452e+00  -9.995481e-01   3.998012e+00  -1.001988e+00   3.999296e+00  -1.000704e+00   3.999822e+00  -1.000178e+00
2.6	   4.029976e+00  -9.700243e-01   4.002048e+00  -9.979525e-01   3.997975e+00  -1.002025e+00   3.999205e+00  -1.000795e+00   3.999788e+00  -1.000212e+00
2.7	   4.025115e+00  -9.748854e-01   4.003874e+00  -9.961261e-01   3.997990e+00  -1.002010e+00   3.999111e+00  -1.000889e+00   3.999751e+00  -1.000249e+00
2.8	   4.018236e+00  -9.817635e-01   4.005889e+00  -9.941111e-01   3.998065e+00  -1.001935e+00   3.999017e+00  -1.000983e+00   3.999709e+00  -1.000291e+00
2.9	   4.009728e+00  -9.902721e-01   4.008031e+00  -9.919694e-01   3.998212e+00  -1.001788e+00   3.998925e+00  -1.001075e+00   3.999662e+00  -1.000338e+00
3	   4.000120e+00  -9.998801e-01   4.010221e+00  -9.897786e-01   3.998441e+00  -1.001559e+00   3.998838e+00  -1.001162e+00   3.999612e+00  -1.000388e+00
3.1	   3.989950e+00  -1.010050e+00   4.012357e+00  -9.876432e-01   3.998759e+00  -1.001241e+00   3.998760e+00  -1.001240e+00   3.999557e+00  -1.000443e+00
3.2	   3.979763e+00  -1.020237e+00   4.014306e+00  -9.856937e-01   3.999172e+00  -1.000828e+00   3.998695e+00  -1.001305e+00   3.999499e+00  -1.000501e+00
3.3	   3.970145e+00  -1.029855e+00   4.015923e+00  -9.840768e-01   3.999684e+00  -1.000316e+00   3.998647e+00  -1.001353e+00   3.999438e+00  -1.000562e+00
3.4	   3.961667e+00  -1.038333e+00   4.017053e+00  -9.829469e-01   4.000297e+00  -9.997033e-01   3.998621e+00  -1.001379e+00   3.999374e+00  -1.000626e+00
3.5	   3.954842e+00  -1.045158e+00   4.017529e+00  -9.824713e-01   4.001006e+00  -9.989945e-01   3.998622e+00  -1.001378e+00   3.999309e+00  -1.000691e+00
3.6	   3.950096e+00  -1.049904e+00   4.017196e+00  -9.828041e-01   4.001803e+00  -9.981975e-01   3.998655e+00  -1.001345e+00   3.999244e+00  -1.000756e+00
3.7	   3.947789e+00  -1.052211e+00   4.015916e+00  -9.840839e-01   4.002675e+00  -9.973250e-01   3.998726e+00  -1.001274e+00   3.999180e+00  -1.000820e+00
3.8	   3.948159e+00  -1.051841e+00   4.013600e+00  -9.864000e-01   4.003604e+00  -9.963959e-01   3.998839e+00  -1.001161e+00   3.999120e+00  -1.000880e+00
3.9	   3.951351e+00  -1.048649e+00   4.010205e+00  -9.897955e-01   4.004565e+00  -9.954348e-01   3.999000e+00  -1.001000e+00   3.999065e+00  -1.000935e+00
4	   3.957365e+00  -1.042635e+00   4.005765e+00  -9.942354e-01   4.005528e+00  -9.944722e-01   3.999211e+00  -1.000789e+00   3.999018e+00  -1.000982e+00
4.1	   3.966089e+00  -1.033911e+00   4.000393e+00  -9.996068e-01   4.006456e+00  -9.935439e-01   3.999475e+00  -1.000525e+00   3.998981e+00  -1.001019e+00
4.2	   3.977253e+00  -1.022747e+00   3.994290e+00  -1.005710e+00   4.007309e+00  -9.926910e-01   3.999795e+00  -1.000205e+00   3.998958e+00  -1.001042e+00
4.3	   3.990470e+00  -1.009530e+00   3.987744e+00  -1.012256e+00   4.008041e+00  -9.919590e-01   4.000169e+00  -9.998306e-01   3.998950e+00  -1.001050e+00
4.4	   4.005165e+00  -9.948350e-01   3.981105e+00  -1.018895e+00   4.008604e+00  -9.913965e-01   4.000598e+00  -9.994025e-01   3.998962e+00  -1.001038e+00
4.5	   4.020614e+00  -9.793862e-01   3.974782e+00  -1.025218e+00   4.008947e+00  -9.910527e-01   4.001075e+00  -9.989250e-01   3.998997e+00  -1.001003e+00
4.6	   4.036011e+00  -9.639889e-01   3.969219e+00  -1.030781e+00   4.009025e+00  -9.909753e-01   4.001596e+00  -9.984043e-01   3.999056e+00  -1.000944e+00
4.7	   4.050462e+00  -9.495381e-01   3.964857e+00  -1.035143e+00   4.008791e+00  -9.912093e-01   4.002151e+00  -9.978489e-01   3.999145e+00  -1.000855e+00
4.8	   4.062989e+00  -9.370112e-01   3.962104e+00  -1.037896e+00   4.008207e+00  -9.917926e-01   4.002729e+00  -9.972705e-01   3.999264e+00  -1.000736e+00
4.9	   4.072582e+00  -9.274175e-01   3.961302e+00  -1.038698e+00   4.007247e+00  -9.927529e-01   4.003317e+00  -9.966831e-01   3.999417e+00  -1.000583e+00
5	   4.078301e+00  -9.216992e-01   3.962712e+00  -1.037288e+00   4.005896e+00  -9.941039e-01   4.003897e+00  -9.961034e-01   3.999604e+00  -1.000396e+00
5.1	   4.079467e+00  -9.205334e-01   3.966479e+00  -1.033521e+00   4.004156e+00  -9.958438e-01   4.004450e+00  -9.955504e-01   3.999828e+00  -1.000172e+00
5.2	   4.075813e+00  -9.241868e-01   3.972614e+00  -1.027386e+00   4.002049e+00  -9.979512e-01   4.004955e+00  -9.950454e-01   4.000087e+00  -9.999134e-01
5.3	   4.067450e+00  -9.325503e-01   3.980977e+00  -1.019023e+00   3.999617e+00  -1.000383e+00   4.005389e+00  -9.946112e-01   4.000381e+00  -9.996195e-01
5.4	   4.054828e+00  -9.451721e-01   3.991254e+00  -1.008746e+00   3.996925e+00  -1.003075e+00   4.005729e+00  -9.942714e-01   4.000707e+00  -9.992929e-01
5.5	   4.038758e+00  -9.612423e-01   4.002990e+00  -9.970104e-01   3.994060e+00  -1.005940e+00   4.005950e+00  -9.940497e-01   4.001063e+00  -9.989371e-01
5.6	   4.020321e+00  -9.796790e-01   4.015592e+00  -9.844082e-01   3.991133e+00  -1.008867e+00   4.006031e+00  -9.939690e-01   4.001443e+00  -9.985567e-01
5.7	   4.000704e+00  -9.992957e-01   4.028336e+00  -9.716645e-01   3.988273e+00  -1.011727e+00   4.005950e+00  -9.940502e-01   4.001842e+00  -9.981580e-01
5.8	   3.981042e+00  -1.018958e+00   4.040405e+00  -9.595955e-01   3.985626e+00  -1.014374e+00   4.005688e+00  -9.943119e-01   4.002251e+00  -9.977488e-01
5.9	   3.962359e+00  -1.037641e+00   4.050945e+00  -9.490550e-01   3.983345e+00  -1.016655e+00   4.005232e+00  -9.947680e-01   4.002662e+00  -9.973382e-01
6	   3.945620e+00  -1.054380e+00   4.059148e+00  -9.408518e-01   3.981588e+00  -1.018412e+00   4.004574e+00  -9.954264e-01   4.003063e+00  -9.969369e-01
6.1	   3.931699e+00  -1.068301e+00   4.064312e+00  -9.356877e-01   3.980509e+00  -1.019491e+00   4.003711e+00  -9.962887e-01   4.003444e+00  -9.965565e-01
6.2	   3.921285e+00  -1.078715e+00   4.065969e+00  -9.340313e-01   3.980249e+00  -1.019751e+00   4.002652e+00  -9.973483e-01   4.003790e+00  -9.962099e-01
6.3	   3.914942e+00  -1.085058e+00   4.063870e+00  -9.361301e-01   3.980933e+00  -1.019067e+00   4.001410e+00  -9.985898e-01   4.004089e+00  -9.959108e-01
6.4	   3.912995e+00  -1.087005e+00   4.058044e+00  -9.419562e-01   3.982650e+00  -1.017350e+00   4.000011e+00  -9.999887e-01   4.004327e+00  -9.956730e-01
6.5	   3.915588e+00  -1.084412e+00   4.048792e+00  -9.512082e-01   3.985448e+00  -1.014552e+00   3.998489e+00  -1.001511e+00   4.004490e+00  -9.955104e-01
6.6	   3.922658e+00  -1.077342e+00   4.036614e+00  -9.633863e-01   3.989331e+00  -1.010669e+00   3.996888e+00  -1.003112e+00   4.004564e+00  -9.954361e-01
6.7	   3.933921e+00  -1.066079e+00   4.022170e+00  -9.778304e-01   3.994244e+00  -1.005756e+00   3.995262e+00  -1.004738e+00   4.004538e+00  -9.954623e-01
6.8	   3.948845e+00  -1.051155e+00   4.006229e+00  -9.937705e-01   4.000075e+00  -9.999252e-01   3.993671e+00  -1.006329e+00   4.004400e+00  -9.955998e-01
6.9	   3.966726e+00  -1.033274e+00   3.989632e+00  -1.010368e+00   4.006634e+00  -9.933657e-01   3.992185e+00  -1.007815e+00   4.004143e+00  -9.958568e-01
7	   3.986677e+00  -1.013323e+00   3.973247e+00  -1.026753e+00   4.013670e+00  -9.863296e-01   3.990876e+00  -1.009124e+00   4.003762e+00  -9.962384e-01
7.1	   4.007555e+00  -9.924448e-01   3.957923e+00  -1.042077e+00   4.020864e+00  -9.791356e-01   3.989817e+00  -1.010183e+00   4.003254e+00  -9.967459e-01
7.2	   4.028232e+00  -9.717683e-01   3.944461e+00  -1.055539e+00   4.027842e+00  -9.721583e-01   3.989082e+00  -1.010918e+00   4.002623e+00  -9.973768e-01
7.3	   4.047563e+00  -9.524370e-01   3.933573e+00  -1.066427e+00   4.034180e+00  -9.658203e-01   3.988742e+00  -1.011258e+00   4.001876e+00  -9.981235e-01
7.4	   4.064562e+00  -9.354380e-01   3.925857e+00  -1.074143e+00   4.039434e+00  -9.605663e-01   3.988856e+00  -1.011144e+00   4.001026e+00  -9.989739e-01
7.5	   4.078330e+00  -9.216703e-01   3.921779e+00  -1.078221e+00   4.043160e+00  -9.568395e-01   3.989479e+00  -1.010521e+00   4.000089e+00  -9.999105e-01
7.6	   4.087977e+00  -9.120230e-01   3.921626e+00  -1.078374e+00   4.044955e+00  -9.550451e-01   3.990644e+00  -1.009356e+00   3.999089e+00  -1.000911e+00
7.7	   4.092636e+00  -9.073644e-01   3.925535e+00  -1.074465e+00   4.044489e+00  -9.555111e-01   3.992367e+00  -1.007633e+00   3.998054e+00  -1.001946e+00
7.8	   4.091828e+00  -9.081720e-01   3.933440e+00  -1.066560e+00   4.041546e+00  -9.584537e-01   3.994644e+00  -1.005356e+00   3.997015e+00  -1.002985e+00
7.9	   4.085553e+00  -9.144467e-01   3.945084e+00  -1.054916e+00   4.036083e+00  -9.639167e-01   3.997441e+00  -1.002559e+00   3.996010e+00  -1.003990e+00
8	   4.074392e+00  -9.256076e-01   3.960019e+00  -1.039981e+00   4.028225e+00  -9.717747e-01   4.000700e+00  -9.993000e-01   3.995079e+00  -1.004921e+00
8.1	   4.059220e+00  -9.407800e-01   3.977622e+00  -1.022378e+00   4.018273e+00  -9.817274e-01   4.004334e+00  -9.956664e-01   3.994263e+00  -1.005737e+00
8.2	   4.041105e+00  -9.588952e-01   3.997109e+00  -1.002891e+00   4.006693e+00  -9.933068e-01   4.008224e+00  -9.917760e-01   3.993603e+00  -1.006397e+00
8.3	   4.021153e+00  -9.788469e-01   4.017498e+00  -9.825016e-01   3.994081e+00  -1.005919e+00   4.012226e+00  -9.877745e-01   3.993144e+00  -1.006856e+00
8.4	   4.000489e+00  -9.995108e-01   4.037705e+00  -9.622954e-01   3.981120e+00  -1.018880e+00   4.016168e+00  -9.838318e-01   3.992922e+00  -1.007078e+00
8.5	   3.980225e+00  -1.019775e+00   4.056509e+00  -9.434915e-01   3.968542e+00  -1.031458e+00   4.019861e+00  -9.801392e-01   3.992972e+00  -1.007028e+00
8.6	   3.961316e+00  -1.038684e+00   4.072658e+00  -9.273423e-01   3.957059e+00  -1.042941e+00   4.023102e+00  -9.768979e-01   3.993325e+00  -1.006675e+00
8.7	   3.944621e+00  -1.055379e+00   4.084890e+00  -9.151099e-01   3.947360e+00  -1.052640e+00   4.025682e+00  -9.743179e-01   3.993999e+00  -1.006001e+00
8.8	   3.930904e+00  -1.069096e+00   4.092204e+00  -9.077964e-01   3.940031e+00  -1.059969e+00   4.027404e+00  -9.725963e-01   3.995006e+00  -1.004994e+00
8.9	   3.920766e+00  -1.079234e+00   4.093851e+00  -9.061493e-01   3.935576e+00  -1.064424e+00   4.028084e+00  -9.719163e-01   3.996344e+00  -1.003656e+00
9	   3.914665e+00  -1.085335e+00   4.089592e+00  -9.104076e-01   3.934351e+00  -1.065649e+00   4.027579e+00  -9.724213e-01   3.997997e+00  -1.002003e+00
9.1	   3.912870e+00  -1.087130e+00   4.079804e+00  -9.201955e-01   3.936582e+00  -1.063418e+00   4.025781e+00  -9.742190e-01   3.999937e+00  -1.000063e+00
9.2	   3.915476e+00  -1.084524e+00   4.065382e+00  -9.346178e-01   3.942315e+00  -1.057685e+00   4.022657e+00  -9.773434e-01   4.002119e+00  -9.978807e-01
9.3	   3.922423e+00  -1.077577e+00   4.047415e+00  -9.525848e-01   3.951439e+00  -1.048561e+00   4.018231e+00  -9.817690e-01   4.004484e+00  -9.955158e-01
9.4	   3.933423e+00  -1.066577e+00   4.027119e+00  -9.728807e-01   3.963630e+00  -1.036370e+00   4.012610e+00  -9.873899e-01   4.006957e+00  -9.930430e-01
9.5	   3.947999e+00  -1.052001e+00   4.005759e+00  -9.942412e-01   3.978396e+00  -1.021604e+00   4.005969e+00  -9.940306e-01   4.009450e+00  -9.905501e-01
9.6	   3.965495e+00  -1.034505e+00   3.984569e+00  -1.015431e+00   3.995086e+00  -1.004914e+00   3.998561e+00  -1.001439e+00   4.011863e+00  -9.881365e-01
9.7	   3.985065e+00  -1.014935e+00   3.964676e+00  -1.035324e+00   4.012872e+00  -9.871278e-01   3.990695e+00  -1.009305e+00   4.014089e+00  -9.859110e-01
9.8	   4.005683e+00  -9.943171e-01   3.947009e+00  -1.052991e+00   4.030753e+00  -9.692474e-01   3.982728e+00  -1.017272e+00   4.016014e+00  -9.839857e-01
9.9	   4.026232e+00  -9.737681e-01   3.932382e+00  -1.067618e+00   4.047651e+00  -9.523490e-01   3.975049e+00  -1.024951e+00   4.017526e+00  -9.824741e-01
10	   4.045706e+00  -9.542943e-01   3.921428e+00  -1.078572e+00   4.062482e+00  -9.375177e-01   3.968055e+00  -1.031945e+00   4.018518e+00  -9.814823e-01
10.1	   4.063047e+00  -9.369526e-01   3.914622e+00  -1.085378e+00   4.074167e+00  -9.258330e-01   3.962139e+00  -1.037861e+00   4.018892e+00  -9.811075e-01
10.2	   4.077243e+00  -9.227573e-01   3.912221e+00  -1.087779e+00   4.081801e+00  -9.181988e-01   3.957665e+00  -1.042335e+00   4.018574e+00  -9.814264e-01
10.3	   4.087282e+00  -9.127179e-01   3.914301e+00  -1.085699e+00   4.084723e+00  -9.152771e-01   3.954963e+00  -1.045037e+00   4.017501e+00  -9.824986e-01
10.4	   4.092354e+00  -9.076460e-01   3.920716e+00  -1.079284e+00   4.082668e+00  -9.173322e-01   3.954287e+00  -1.045713e+00   4.015653e+00  -9.843470e-01
10.5	   4.092010e+00  -9.079900e-01   3.931153e+00  -1.068847e+00   4.075708e+00  -9.242925e-01   3.955831e+00  -1.044169e+00   4.013035e+00  -9.869652e-01
10.6	   4.086253e+00  -9.137468e-01   3.945149e+00  -1.054851e+00   4.064324e+00  -9.356762e-01   3.959686e+00  -1.040314e+00   4.009692e+00  -9.903077e-01
10.7	   4.075555e+00  -9.244454e-01   3.962108e+00  -1.037892e+00   4.049298e+00  -9.507019e-01   3.965851e+00  -1.034149e+00   4.005707e+00  -9.942930e-01
10.8	   4.060758e+00  -9.392419e-01   3.981262e+00  -1.018738e+00   4.031595e+00  -9.684045e-01   3.974195e+00  -1.025805e+00   4.001200e+00  -9.987998e-01
10.9	   4.042917e+00  -9.570830e-01   4.001673e+00  -9.983268e-01   4.012255e+00  -9.877453e-01   3.984475e+00  -1.015525e+00   3.996326e+00  -1.003674e+00
11	   4.023138e+00  -9.768619e-01   4.022326e+00  -9.776738e-01   3.992347e+00  -1.007653e+00   3.996317e+00  -1.003683e+00   3.991268e+00  -1.008732e+00
11.1	   4.002526e+00  -9.974742e-01   4.042092e+00  -9.579079e-01   3.972936e+00  -1.027064e+00   4.009242e+00  -9.907580e-01   3.986236e+00  -1.013764e+00
11.2	   3.982185e+00  -1.017815e+00   4.059877e+00  -9.401226e-01   3.954999e+00  -1.045001e+00   4.022633e+00  -9.773672e-01   3.981450e+00  -1.018550e+00
11.3	   3.963099e+00  -1.036901e+00   4.074595e+00  -9.254054e-01   3.939423e+00  -1.060577e+00   4.035774e+00  -9.642265e-01   3.977144e+00  -1.022856e+00
11.4	   3.946143e+00  -1.053857e+00   4.085331e+00  -9.146690e-01   3.926954e+00  -1.073046e+00   4.047883e+00  -9.521171e-01   3.973543e+00  -1.026457e+00
11.5	   3.932108e+00  -1.067892e+00   4.091374e+00  -9.086261e-01   3.918205e+00  -1.081795e+00   4.058130e+00  -9.418701e-01   3.970863e+00  -1.029137e+00
11.6	   3.921588e+00  -1.078412e+00   4.092283e+00  -9.077165e-01   3.913612e+00  -1.086388e+00   4.065726e+00  -9.342740e-01   3.969290e+00  -1.030710e+00
11.7	   3.915078e+00  -1.084922e+00   4.087876e+00  -9.121242e-01   3.913459e+00  -1.086541e+00   4.069975e+00  -9.300247e-01   3.968984e+00  -1.031016e+00
11.8	   3.912838e+00  -1.087162e+00   4.078421e+00  -9.215790e-01   3.917833e+00  -1.082167e+00   4.070373e+00  -9.296273e-01   3.970058e+00  -1.029942e+00
11.9	   3.915002e+00  -1.084998e+00   4.064540e+00  -9.354601e-01   3.926635e+00  -1.073365e+00   4.066643e+00  -9.333570e-01   3.972582e+00  -1.027418e+00
12	   3.921520e+00  -1.078480e+00   4.047178e+00  -9.528216e-01   3.939537e+00  -1.060463e+00   4.058875e+00  -9.411247e-01   3.976557e+00  -1.023443e+00
12.1	   3.932151e+00  -1.067849e+00   4.027462e+00  -9.725383e-01   3.956009e+00  -1.043991e+00   4.047439e+00  -9.525609e-01   3.981926e+00  -1.018074e+00
12.2	   3.946420e+00  -1.053580e+00   4.006611e+00  -9.933886e-01   3.975351e+00  -1.024649e+00   4.033000e+00  -9.670002e-01   3.988557e+00  -1.011443e+00
12.3	   3.963675e+00  -1.036325e+00   3.985836e+00  -1.014164e+00   3.996628e+00  -1.003372e+00   4.016414e+00  -9.835861e-01   3.996248e+00  -1.003752e+00
12.4	   3.983070e+00  -1.016930e+00   3.966259e+00  -1.033741e+00   4.018754e+00  -9.812464e-01   3.998659e+00  -1.001341e+00   4.004727e+00  -9.952731e-01
12.5	   4.003607e+00  -9.963931e-01   3.948829e+00  -1.051171e+00   4.040346e+00  -9.596536e-01   3.980760e+00  -1.019240e+00   4.013652e+00  -9.863480e-01
12.6	   4.024198e+00  -9.758017e-01   3.934311e+00  -1.065689e+00   4.060109e+00  -9.398915e-01   3.963725e+00  -1.036275e+00   4.022618e+00  -9.773816e-01
12.7	   4.043804e+00  -9.561960e-01   3.923317e+00  -1.076683e+00   4.076614e+00  -9.233855e-01   3.948483e+00  -1.051517e+00   4.031173e+00  -9.688267e-01
12.8	   4.061392e+00  -9.386077e-01   3.916266e+00  -1.083734e+00   4.088642e+00  -9.113583e-01   3.935834e+00  -1.064166e+00   4.038840e+00  -9.611596e-01
12.9	   4.075941e+00  -9.240585e-01   3.913425e+00  -1.086575e+00   4.095320e+00  -9.046803e-01   3.926457e+00  -1.073543e+00   4.045132e+00  -9.548676e-01
13	   4.086454e+00  -9.135462e-01   3.914860e+00  -1.085140e+00   4.096114e+00  -9.038861e-01   3.920859e+00  -1.079141e+00   4.049589e+00  -9.504106e-01
13.1	   4.092036e+00  -9.079636e-01   3.920522e+00  -1.079478e+00   4.090993e+00  -9.090068e-01   3.919391e+00  -1.080609e+00   4.051813e+00  -9.481874e-01
13.2	   4.092256e+00  -9.077441e-01   3.930191e+00  -1.069809e+00   4.080507e+00  -9.194935e-01   3.922201e+00  -1.077799e+00   4.051524e+00  -9.484764e-01
13.3	   4.087037e+00  -9.129629e-01   3.943496e+00  -1.056504e+00   4.065559e+00  -9.344410e-01   3.929251e+00  -1.070749e+00   4.048542e+00  -9.514579e-01
13.4	   4.076804e+00  -9.231961e-01   3.959908e+00  -1.040092e+00   4.047262e+00  -9.527383e-01   3.940281e+00  -1.059719e+00   4.042888e+00  -9.571121e-01
13.5	   4.062374e+00  -9.376258e-01   3.978734e+00  -1.021266e+00   4.026824e+00  -9.731759e-01   3.954852e+00  -1.045148e+00   4.034736e+00  -9.652642e-01
13.6	   4.044806e+00  -9.551937e-01   3.999096e+00  -1.000904e+00   4.005487e+00  -9.945126e-01   3.972317e+00  -1.027683e+00   4.024437e+00  -9.755631e-01
13.7	   4.025184e+00  -9.748164e-01   4.019921e+00  -9.800793e-01   3.984450e+00  -1.015550e+00   3.991881e+00  -1.008119e+00   4.012477e+00  -9.875227e-01
13.8	   4.004604e+00  -9.953963e-01   4.040083e+00  -9.599167e-01   3.964773e+00  -1.035227e+00   4.012543e+00  -9.874568e-01   3.999455e+00  -1.000545e+00
13.9	   3.984199e+00  -1.015801e+00   4.058368e+00  -9.416321e-01   3.947352e+00  -1.052648e+00   4.033124e+00  -9.668763e-01   3.986034e+00  -1.013966e+00
14	   3.964967e+00  -1.035033e+00   4.073601e+00  -9.263990e-01   3.932943e+00  -1.067057e+00   4.052399e+00  -9.476014e-01   3.972915e+00  -1.027085e+00
14.1	   3.947789e+00  -1.052211e+00   4.084780e+00  -9.152202e-01   3.922155e+00  -1.077845e+00   4.069126e+00  -9.308738e-01   3.960789e+00  -1.039211e+00
14.2	   3.933438e+00  -1.066562e+00   4.091204e+00  -9.087965e-01   3.915403e+00  -1.084597e+00   4.082163e+00  -9.178367e-01   3.950301e+00  -1.049699e+00
14.3	   3.922535e+00  -1.077465e+00   4.092448e+00  -9.075518e-01   3.912929e+00  -1.087071e+00   4.090462e+00  -9.095383e-01   3.942036e+00  -1.057964e+00
14.4	   3.915576e+00  -1.084424e+00   4.088424e+00  -9.115756e-01   3.914782e+00  -1.085218e+00   4.093387e+00  -9.066135e-01   3.936474e+00  -1.063526e+00
14.5	   3.912882e+00  -1.087118e+00   4.079347e+00  -9.206535e-01   3.920887e+00  -1.079113e+00   4.090691e+00  -9.093087e-01   3.934007e+00  -1.065993e+00
14.6	   3.914578e+00  -1.085422e+00   4.065803e+00  -9.341972e-01   3.930947e+00  -1.069053e+00   4.082566e+00  -9.174335e-01   3.934870e+00  -1.065130e+00
14.7	   3.920656e+00  -1.079344e+00   4.048683e+00  -9.513169e-01   3.944518e+00  -1.055482e+00   4.069627e+00  -9.303732e-01   3.939187e+00  -1.060813e+00
14.8	   3.930871e+00  -1.069129e+00   4.029135e+00  -9.708650e-01   3.961001e+00  -1.038999e+00   4.052812e+00  -9.471876e-01   3.946890e+00  -1.053110e+00
14.9	   3.944795e+00  -1.055205e+00   4.008400e+00  -9.916003e-01   3.979679e+00  -1.020321e+00   4.033252e+00  -9.667477e-01   3.957774e+00  -1.042226e+00
15	   3.961786e+00  -1.038214e+00   3.987678e+00  -1.012322e+00   3.999702e+00  -1.000298e+00   4.012159e+00  -9.878409e-01   3.971441e+00  -1.028559e+00
15.1	   3.981024e+00  -1.018976e+00   3.968065e+00  -1.031935e+00   4.020131e+00  -9.798689e-01   3.990727e+00  -1.009273e+00   3.987346e+00  -1.012654e+00
15.2	   4.001498e+00  -9.985021e-01   3.950485e+00  -1.049515e+00   4.039928e+00  -9.600724e-01   3.970085e+00  -1.029915e+00   4.004781e+00  -9.952187e-01
15.3	   4.022137e+00  -9.778628e-01   3.935715e+00  -1.064285e+00   4.057987e+00  -9.420129e-01   3.951271e+00  -1.048729e+00   4.022851e+00  -9.771487e-01
15.4	   4.041893e+00  -9.581068e-01   3.924356e+00  -1.075644e+00   4.073230e+00  -9.267701e-01   3.935168e+00  -1.064832e+00   4.040550e+00  -9.594501e-01
15.5	   4.059742e+00  -9.402575e-01   3.916870e+00  -1.083130e+00   4.084617e+00  -9.153835e-01   3.922538e+00  -1.077462e+00   4.056782e+00  -9.432183e-01
15.6	   4.074626e+00  -9.253738e-01   3.913542e+00  -1.086458e+00   4.091293e+00  -9.087069e-01   3.913970e+00  -1.086030e+00   4.070391e+00  -9.296093e-01
15.7	   4.085563e+00  -9.144367e-01   3.914516e+00  -1.085484e+00   4.092699e+00  -9.073010e-01   3.909886e+00  -1.090114e+00   4.080358e+00  -9.196422e-01
15.8	   4.091693e+00  -9.083066e-01   3.919757e+00  -1.080243e+00   4.088663e+00  -9.113373e-01   3.910457e+00  -1.089543e+00   4.085784e+00  -9.142159e-01
15.9	   4.092460e+00  -9.075399e-01   3.929081e+00  -1.070919e+00   4.079495e+00  -9.205047e-01   3.915702e+00  -1.084298e+00   4.086054e+00  -9.139456e-01
16	   4.087803e+00  -9.121968e-01   3.942123e+00  -1.057877e+00   4.065881e+00  -9.341185e-01   3.925436e+00  -1.074564e+00   4.081000e+00  -9.189997e-01
16.1	   4.078066e+00  -9.219336e-01   3.958342e+00  -1.041658e+00   4.048766e+00  -9.512341e-01   3.939269e+00  -1.060731e+00   4.070909e+00  -9.290914e-01
16.2	   4.064006e+00  -9.359940e-01   3.977012e+00  -1.022988e+00   4.029270e+00  -9.707302e-01   3.956593e+00  -1.043407e+00   4.056478e+00  -9.435223e-01
16.3	   4.046679e+00  -9.533210e-01   3.997251e+00  -1.002749e+00   4.008555e+00  -9.914449e-01   3.976639e+00  -1.023361e+00   4.038691e+00  -9.613094e-01
16.4	   4.027200e+00  -9.728005e-01   4.018054e+00  -9.819460e-01   3.987776e+00  -1.012224e+00   3.998402e+00  -1.001598e+00   4.018729e+00  -9.812705e-01
16.5	   4.006668e+00  -9.933315e-01   4.038228e+00  -9.617720e-01   3.968016e+00  -1.031984e+00   4.020682e+00  -9.793175e-01   3.997833e+00  -1.002167e+00
16.6	   3.986211e+00  -1.013789e+00   4.056637e+00  -9.433630e-01   3.950244e+00  -1.049756e+00   4.042229e+00  -9.577709e-01   3.977198e+00  -1.022802e+00
16.7	   3.966833e+00  -1.033167e+00   4.072153e+00  -9.278471e-01   3.935282e+00  -1.064718e+00   4.061673e+00  -9.383270e-01   3.957946e+00  -1.042054e+00
16.8	   3.949407e+00  -1.050593e+00   4.083780e+00  -9.162200e-01   3.923772e+00  -1.076228e+00   4.077658e+00  -9.223422e-01   3.941072e+00  -1.058928e+00
16.9	   3.934734e+00  -1.065266e+00   4.090764e+00  -9.092362e-01   3.916223e+00  -1.083777e+00   4.089078e+00  -9.109217e-01   3.927423e+00  -1.072577e+00
17	   3.923461e+00  -1.076539e+00   4.092591e+00  -9.074091e-01   3.912953e+00  -1.087047e+00   4.095101e+00  -9.048993e-01   3.917661e+00  -1.082339e+00
17.1	   3.916107e+00  -1.083893e+00   4.089078e+00  -9.109221e-01   3.914102e+00  -1.085898e+00   4.095328e+00  -9.046722e-01   3.912267e+00  -1.087733e+00
17.2	   3.912988e+00  -1.087012e+00   4.080416e+00  -9.195844e-01   3.919604e+00  -1.080396e+00   4.089826e+00  -9.101744e-01   3.911480e+00  -1.088520e+00
17.3	   3.914254e+00  -1.085746e+00   4.067179e+00  -9.328210e-01   3.929214e+00  -1.070786e+00   4.079207e+00  -9.207926e-01   3.915382e+00  -1.084618e+00
17.4	   3.919886e+00  -1.080114e+00   4.050304e+00  -9.496963e-01   3.942494e+00  -1.057506e+00   4.064404e+00  -9.355956e-01   3.923816e+00  -1.076184e+00
17.5	   3.929695e+00  -1.070305e+00   4.030930e+00  -9.690701e-01   3.958864e+00  -1.041136e+00   4.046490e+00  -9.535096e-01   3.936447e+00  -1.063553e+00
17.6	   3.943266e+00  -1.056734e+00   4.010288e+00  -9.897125e-01   3.977565e+00  -1.022435e+00   4.026636e+00  -9.733644e-01   3.952713e+00  -1.047287e+00
17.7	   3.959992e+00  -1.040008e+00   3.989565e+00  -1.010435e+00   3.997729e+00  -1.002271e+00   4.005992e+00  -9.940077e-01   3.971893e+00  -1.028107e+00
17.8	   3.979046e+00  -1.020954e+00   3.969838e+00  -1.030162e+00   4.018341e+00  -9.816587e-01   3.985634e+00  -1.014366e+00   3.993048e+00  -1.006952e+00
17.9	   3.999432e+00  -1.000568e+00   3.952065e+00  -1.047935e+00   4.038400e+00  -9.615996e-01   3.966519e+00  -1.033481e+00   4.015097e+00  -9.849030e-01
18	   4.020103e+00  -9.798971e-01   3.937028e+00  -1.062972e+00   4.056778e+00  -9.432220e-01   3.949476e+00  -1.050524e+00   4.036785e+00  -9.632145e-01
18.1	   4.039995e+00  -9.600051e-01   3.925354e+00  -1.074646e+00   4.072350e+00  -9.276496e-01   3.935227e+00  -1.064773e+00   4.056822e+00  -9.431777e-01
18.2	   4.058088e+00  -9.419118e-01   3.917497e+00  -1.082503e+00   4.084099e+00  -9.159014e-01   3.924344e+00  -1.075656e+00   4.073907e+00  -9.260930e-01
18.3	   4.073333e+00  -9.266671e-01   3.913778e+00  -1.086222e+00   4.091148e+00  -9.088524e-01   3.917260e+00  -1.082740e+00   4.086875e+00  -9.131252e-01
18.4	   4.084717e+00  -9.152833e-01   3.914337e+00  -1.085663e+00   4.092952e+00  -9.070481e-01   3.914239e+00  -1.085761e+00   4.094794e+00  -9.052058e-01
18.5	   4.091345e+00  -9.086549e-01   3.919189e+00  -1.080811e+00   4.089301e+00  -9.106988e-01   3.915409e+00  -1.084591e+00   4.097017e+00  -9.029829e-01
18.6	   4.092668e+00  -9.073315e-01   3.928137e+00  -1.071863e+00   4.080464e+00  -9.195362e-01   3.920732e+00  -1.079268e+00   4.093354e+00  -9.066458e-01
18.7	   4.088538e+00  -9.114618e-01   3.940836e+00  -1.059164e+00   4.067054e+00  -9.329464e-01   3.930017e+00  -1.069983e+00   4.084150e+00  -9.158505e-01
18.8	   4.079271e+00  -9.207287e-01   3.956756e+00  -1.043244e+00   4.050039e+00  -9.499614e-01   3.942894e+00  -1.057106e+00   4.070152e+00  -9.298477e-01
18.9	   4.065597e+00  -9.344033e-01   3.975220e+00  -1.024780e+00   4.030589e+00  -9.694107e-01   3.958857e+00  -1.041143e+00   4.052362e+00  -9.476383e-01
19	   4.048552e+00  -9.514476e-01   3.995343e+00  -1.004657e+00   4.009905e+00  -9.900954e-01   3.977227e+00  -1.022773e+00   4.031983e+00  -9.680174e-01
19.1	   4.029241e+00  -9.707592e-01   4.016095e+00  -9.839048e-01   3.989159e+00  -1.010841e+00   3.997181e+00  -1.002819e+00   4.010263e+00  -9.897373e-01
19.2	   4.008756e+00  -9.912444e-01   4.036308e+00  -9.636916e-01   3.969438e+00  -1.030562e+00   4.017758e+00  -9.822423e-01   3.988426e+00  -1.011574e+00
19.3	   3.988232e+00  -1.011768e+00   4.054876e+00  -9.451244e-01   3.951669e+00  -1.048331e+00   4.037872e+00  -9.621283e-01   3.967621e+00  -1.032379e+00
19.4	   3.968697e+00  -1.031303e+00   4.070701e+00  -9.292987e-01   3.936626e+00  -1.063374e+00   4.056373e+00  -9.436267e-01   3.948859e+00  -1.051141e+00
19.5	   3.951043e+00  -1.048957e+00   4.082733e+00  -9.172674e-01   3.924968e+00  -1.075032e+00   4.072124e+00  -9.278759e-01   3.933043e+00  -1.066957e+00
19.6	   3.936064e+00  -1.063936e+00   4.090225e+00  -9.097754e-01   3.917158e+00  -1.082842e+00   4.084034e+00  -9.159656e-01   3.920872e+00  -1.079128e+00
19.7	   3.924437e+00  -1.075563e+00   4.092578e+00  -9.074223e-01   3.913517e+00  -1.086483e+00   4.091231e+00  -9.087686e-01   3.912889e+00  -1.087111e+00
19.8	   3.916672e+00  -1.083328e+00   4.089580e+00  -9.104198e-01   3.914175e+00  -1.085825e+00   4.093160e+00  -9.068398e-01   3.909424e+00  -1.090576e+00
19.9	   3.913136e+00  -1.086864e+00   4.081377e+00  -9.186226e-01   3.919132e+00  -1.080868e+00   4.089609e+00  -9.103909e-01   3.910633e+00  -1.089367e+00
20	   3.913968e+00  -1.086032e+00   4.068521e+00  -9.314785e-01   3.928171e+00  -1.071829e+00   4.080807e+00  -9.191926e-01   3.916462e+00  -1.083538e+00
20.1	   3.919191e+00  -1.080809e+00   4.051925e+00  -9.480749e-01   3.940949e+00  -1.059051e+00   4.067417e+00  -9.325829e-01   3.926673e+00  -1.073327e+00
20.2	   3.928595e+00  -1.071405e+00   4.032742e+00  -9.672580e-01   3.956941e+00  -1.043059e+00   4.050380e+00  -9.496205e-01   3.940808e+00  -1.059192e+00
20.3	   3.941802e+00  -1.058198e+00   4.012185e+00  -9.878153e-01   3.975458e+00  -1.024542e+00   4.030815e+00  -9.691849e-01   3.958248e+00  -1.041752e+00
20.4	   3.958220e+00  -1.041780e+00   3.991440e+00  -1.008560e+00   3.995654e+00  -1.004346e+00   4.009954e+00  -9.900465e-01   3.978169e+00  -1.021831e+00
20.5	   3.977058e+00  -1.022942e+00   3.971619e+00  -1.028381e+00   4.016449e+00  -9.835513e-01   3.988993e+00  -1.011007e+00   3.999596e+00  -1.000404e+00
20.6	   3.997348e+00  -1.002652e+00   3.953665e+00  -1.046335e+00   4.036763e+00  -9.632370e-01   3.969053e+00  -1.030947e+00   4.021320e+00  -9.786798e-01
20.7	   4.018041e+00  -9.819587e-01   3.938369e+00  -1.061631e+00   4.055403e+00  -9.445972e-01   3.951093e+00  -1.048907e+00   4.042154e+00  -9.578463e-01
20.8	   4.038050e+00  -9.619497e-01   3.926354e+00  -1.073646e+00   4.071233e+00  -9.287672e-01   3.935929e+00  -1.064071e+00   4.060848e+00  -9.391519e-01
20.9	   4.056343e+00  -9.436566e-01   3.918122e+00  -1.081878e+00   4.083236e+00  -9.167642e-01   3.924246e+00  -1.075754e+00   4.076142e+00  -9.238584e-01
21	   4.071921e+00  -9.280788e-01   3.913992e+00  -1.086008e+00   4.090594e+00  -9.094064e-01   3.916524e+00  -1.083476e+00   4.087061e+00  -9.129390e-01
21.1	   4.083726e+00  -9.162742e-01   3.914147e+00  -1.085853e+00   4.092774e+00  -9.072255e-01   3.913070e+00  -1.086930e+00   4.092843e+00  -9.071575e-01
21.2	   4.090844e+00  -9.091560e-01   3.918584e+00  -1.081416e+00   4.089583e+00  -9.104165e-01   3.913971e+00  -1.086029e+00   4.093171e+00  -9.068290e-01
21.3	   4.092696e+00  -9.073036e-01   3.927142e+00  -1.072858e+00   4.081188e+00  -9.188120e-01   3.919193e+00  -1.080807e+00   4.088135e+00  -9.118654e-01
21.4	   4.089103e+00  -9.108970e-01   3.939477e+00  -1.060523e+00   4.068194e+00  -9.318057e-01   3.928496e+00  -1.071504e+00   4.078230e+00  -9.217700e-01
21.5	   4.080314e+00  -9.196862e-01   3.955103e+00  -1.044897e+00   4.051518e+00  -9.484820e-01   3.941490e+00  -1.058510e+00   4.064266e+00  -9.357340e-01
21.6	   4.067051e+00  -9.329488e-01   3.973343e+00  -1.026657e+00   4.032284e+00  -9.677162e-01   3.957603e+00  -1.042397e+00   4.047239e+00  -9.527607e-01
21.7	   4.050307e+00  -9.496928e-01   3.993347e+00  -1.006653e+00   4.011708e+00  -9.882925e-01   3.976130e+00  -1.023870e+00   4.028193e+00  -9.718067e-01
21.8	   4.031184e+00  -9.688157e-01   4.014055e+00  -9.859453e-01   3.990975e+00  -1.009025e+00   3.996225e+00  -1.003775e+00   4.008185e+00  -9.918149e-01
21.9	   4.010773e+00  -9.892265e-01   4.034352e+00  -9.656477e-01   3.971169e+00  -1.028831e+00   4.016929e+00  -9.830711e-01   3.988236e+00  -1.011764e+00
22	   3.990212e+00  -1.009788e+00   4.053096e+00  -9.469042e-01   3.953225e+00  -1.046775e+00   4.037130e+00  -9.628701e-01   3.969276e+00  -1.030724e+00
22.1	   3.970544e+00  -1.029456e+00   4.069187e+00  -9.308130e-01   3.937941e+00  -1.062059e+00   4.055710e+00  -9.442899e-01   3.952155e+00  -1.047845e+00
22.2	   3.952661e+00  -1.047339e+00   4.081632e+00  -9.183677e-01   3.925965e+00  -1.074035e+00   4.071550e+00  -9.284503e-01   3.937600e+00  -1.062400e+00
22.3	   3.937390e+00  -1.062610e+00   4.089597e+00  -9.104030e-01   3.917796e+00  -1.082204e+00   4.083573e+00  -9.164270e-01   3.926211e+00  -1.073789e+00
22.4	   3.925402e+00  -1.074598e+00   4.092494e+00  -9.075065e-01   3.913753e+00  -1.086247e+00   4.090945e+00  -9.090551e-01   3.918449e+00  -1.081551e+00
22.5	   3.917235e+00  -1.082765e+00   4.090013e+00  -9.099867e-01   3.914018e+00  -1.085982e+00   4.093074e+00  -9.069258e-01   3.914666e+00  -1.085334e+00
22.6	   3.913257e+00  -1.086743e+00   4.082288e+00  -9.177122e-01   3.918598e+00  -1.081402e+00   4.089743e+00  -9.102569e-01   3.915043e+00  -1.084957e+00
22.7	   3.913648e+00  -1.086352e+00   4.069838e+00  -9.301617e-01   3.927332e+00  -1.072668e+00   4.081200e+00  -9.188001e-01   3.919623e+00  -1.080377e+00
22.8	   3.918423e+00  -1.081577e+00   4.053565e+00  -9.464346e-01   3.939866e+00  -1.060134e+00   4.068124e+00  -9.318758e-01   3.928246e+00  -1.071754e+00
22.9	   3.927426e+00  -1.072574e+00   4.034595e+00  -9.654046e-01   3.955671e+00  -1.044329e+00   4.051429e+00  -9.485710e-01   3.940609e+00  -1.059391e+00
23	   3.940282e+00  -1.059718e+00   4.014152e+00  -9.858483e-01   3.974025e+00  -1.025975e+00   4.032191e+00  -9.678092e-01   3.956240e+00  -1.043760e+00
23.1	   3.956435e+00  -1.043565e+00   3.993438e+00  -1.006562e+00   3.994057e+00  -1.005943e+00   4.011573e+00  -9.884270e-01   3.974509e+00  -1.025491e+00
23.2	   3.975092e+00  -1.024908e+00   3.973527e+00  -1.026473e+00   4.014767e+00  -9.852326e-01   3.990732e+00  -1.009268e+00   3.994627e+00  -1.005373e+00
23.3	   3.995299e+00  -1.004701e+00   3.955384e+00  -1.044616e+00   4.035037e+00  -9.649631e-01   3.970763e+00  -1.029237e+00   4.015579e+00  -9.844215e-01
23.4	   4.016000e+00  -9.840002e-01   3.939816e+00  -1.060184e+00   4.053766e+00  -9.462336e-01   3.952653e+00  -1.047347e+00   4.036264e+00  -9.637356e-01
23.5	   4.036128e+00  -9.638716e-01   3.927486e+00  -1.072514e+00   4.069855e+00  -9.301451e-01   3.937261e+00  -1.062739e+00   4.055430e+00  -9.445702e-01
23.6	   4.054645e+00  -9.453552e-01   3.918886e+00  -1.081114e+00   4.082288e+00  -9.177124e-01   3.925267e+00  -1.074733e+00   4.071847e+00  -9.281525e-01
23.7	   4.070517e+00  -9.294826e-01   3.914370e+00  -1.085630e+00   4.090178e+00  -9.098217e-01   3.917173e+00  -1.082827e+00   4.084309e+00  -9.156911e-01
23.8	   4.082756e+00  -9.172438e-01   3.914105e+00  -1.085895e+00   4.092905e+00  -9.070945e-01   3.913287e+00  -1.086713e+00   4.091937e+00  -9.080627e-01
23.9	   4.090382e+00  -9.096181e-01   3.918123e+00  -1.081877e+00   4.090178e+00  -9.098223e-01   3.913765e+00  -1.086235e+00   4.094091e+00  -9.059087e-01
24	   4.092789e+00  -9.072112e-01   3.926276e+00  -1.073724e+00   4.082155e+00  -9.178454e-01   3.918575e+00  -1.081425e+00   4.090618e+00  -9.093823e-01
24.1	   4.089746e+00  -9.102543e-01   3.938272e+00  -1.061728e+00   4.069442e+00  -9.305580e-01   3.927498e+00  -1.072502e+00   4.081812e+00  -9.181881e-01
24.2	   4.081477e+00  -9.185231e-01   3.953611e+00  -1.046389e+00   4.052992e+00  -9.470078e-01   3.940128e+00  -1.059872e+00   4.068394e+00  -9.316062e-01
24.3	   4.068634e+00  -9.313657e-01   3.971628e+00  -1.028372e+00   4.033949e+00  -9.660508e-01   3.955933e+00  -1.044067e+00   4.051357e+00  -9.486430e-01
24.4	   4.052194e+00  -9.478065e-01   3.991465e+00  -1.008535e+00   4.013499e+00  -9.865006e-01   3.974234e+00  -1.025766e+00   4.031845e+00  -9.681549e-01
24.5	   4.033261e+00  -9.667387e-01   4.012111e+00  -9.878894e-01   3.992775e+00  -1.007225e+00   3.994220e+00  -1.005780e+00   4.011061e+00  -9.889386e-01
24.6	   4.012929e+00  -9.870706e-01   4.032463e+00  -9.675372e-01   3.972846e+00  -1.027154e+00   4.014911e+00  -9.850892e-01   3.990174e+00  -1.009826e+00
24.7	   3.992337e+00  -1.007663e+00   4.051354e+00  -9.486465e-01   3.954685e+00  -1.045315e+00   4.035221e+00  -9.647787e-01   3.970274e+00  -1.029726e+00
24.8	   3.972543e+00  -1.027457e+00   4.067722e+00  -9.322775e-01   3.939110e+00  -1.060890e+00   4.054061e+00  -9.459386e-01   3.952297e+00  -1.047703e+00
24.9	   3.954456e+00  -1.045544e+00   4.080560e+00  -9.194401e-01   3.926798e+00  -1.073202e+00   4.070298e+00  -9.297023e-01   3.937074e+00  -1.062926e+00
25	   3.938885e+00  -1.061115e+00   4.089023e+00  -9.109772e-01   3.918254e+00  -1.081746e+00   4.082803e+00  -9.171969e-01   3.925254e+00  -1.074746e+00
25.1	   3.926531e+00  -1.073469e+00   4.092416e+00  -9.075844e-01   3.913848e+00  -1.086152e+00   4.090660e+00  -9.093399e-01   3.917319e+00  -1.082681e+00
25.2	   3.917929e+00  -1.082071e+00   4.090440e+00  -9.095605e-01   3.913758e+00  -1.086242e+00   4.093220e+00  -9.067799e-01   3.913555e+00  -1.086445e+00
25.3	   3.913508e+00  -1.086492e+00   4.083151e+00  -9.168486e-01   3.918011e+00  -1.081989e+00   4.090262e+00  -9.097385e-01   3.914112e+00  -1.085888e+00
25.4	   3.913453e+00  -1.086547e+00   4.071078e+00  -9.289218e-01   3.926409e+00  -1.073591e+00   4.082037e+00  -9.179632e-01   3.918970e+00  -1.081030e+00
25.5	   3.917814e+00  -1.082186e+00   4.055106e+00  -9.448939e-01   3.938610e+00  -1.061390e+00   4.069189e+00  -9.308109e-01   3.927940e+00  -1.072060e+00
25.6	   3.926415e+00  -1.073585e+00   4.036349e+00  -9.636507e-01   3.954094e+00  -1.045906e+00   4.052682e+00  -9.473175e-01   3.940636e+00  -1.059364e+00
25.7	   3.938909e+00  -1.061091e+00   4.016023e+00  -9.839768e-01   3.972193e+00  -1.027807e+00   4.033614e+00  -9.663858e-01   3.956513e+00  -1.043487e+00
25.8	   3.954748e+00  -1.045252e+00   3.995318e+00  -1.004682e+00   3.992062e+00  -1.007938e+00   4.013151e+00  -9.868490e-01   3.974860e+00  -1.025140e+00
25.9	   3.973175e+00  -1.026825e+00   3.975316e+00  -1.024684e+00   4.012712e+00  -9.872884e-01   3.992457e+00  -1.007543e+00   3.994823e+00  -1.005177e+00
26	   3.993246e+00  -1.006754e+00   3.956979e+00  -1.043021e+00   4.033052e+00  -9.669482e-01   3.972600e+00  -1.027400e+00   4.015452e+00  -9.845484e-01
26.1	   4.013924e+00  -9.860761e-01   3.941135e+00  -1.058865e+00   4.051993e+00  -9.480067e-01   3.954515e+00  -1.045485e+00   4.035653e+00  -9.643466e-01
26.2	   4.034158e+00  -9.658425e-01   3.928455e+00  -1.071545e+00   4.068446e+00  -9.315536e-01   3.939013e+00  -1.060987e+00   4.054296e+00  -9.457042e-01
26.3	   4.052882e+00  -9.471184e-01   3.919476e+00  -1.080524e+00   4.081296e+00  -9.187044e-01   3.926769e+00  -1.073231e+00   4.070252e+00  -9.297478e-01
26.4	   4.069062e+00  -9.309380e-01   3.914546e+00  -1.085454e+00   4.089671e+00  -9.103295e-01   3.918295e+00  -1.081705e+00   4.082534e+00  -9.174656e-01
26.5	   4.081648e+00  -9.183524e-01   3.913865e+00  -1.086135e+00   4.092882e+00  -9.071179e-01   3.913961e+00  -1.086039e+00   4.090233e+00  -9.097673e-01
26.6	   4.089758e+00  -9.102422e-01   3.917460e+00  -1.082540e+00   4.090612e+00  -9.093878e-01   3.913941e+00  -1.086059e+00   4.092746e+00  -9.072540e-01
26.7	   4.092689e+00  -9.073114e-01   3.925221e+00  -1.074779e+00   4.083004e+00  -9.169959e-01   3.918261e+00  -1.081739e+00   4.089803e+00  -9.101969e-01
26.8	   4.090167e+00  -9.098330e-01   3.936860e+00  -1.063140e+00   4.070707e+00  -9.292927e-01   3.926725e+00  -1.073275e+00   4.081600e+00  -9.184005e-01
26.9	   4.082369e+00  -9.176309e-01   3.951915e+00  -1.048085e+00   4.054612e+00  -9.453876e-01   3.938992e+00  -1.061008e+00   4.068739e+00  -9.312607e-01
27	   4.069939e+00  -9.300608e-01   3.969714e+00  -1.030286e+00   4.035823e+00  -9.641775e-01   3.954538e+00  -1.045462e+00   4.052146e+00  -9.478540e-01
27.1	   4.053811e+00  -9.461887e-01   3.989401e+00  -1.010599e+00   4.015511e+00  -9.844893e-01   3.972687e+00  -1.027313e+00   4.032927e+00  -9.670730e-01
27.2	   4.035084e+00  -9.649158e-01   4.010012e+00  -9.899881e-01   3.994831e+00  -1.005169e+00   3.992590e+00  -1.007410e+00   4.012281e+00  -9.877186e-01
27.3	   4.014852e+00  -9.851481e-01   4.030425e+00  -9.695746e-01   3.974861e+00  -1.025139e+00   4.013258e+00  -9.867420e-01   3.991401e+00  -1.008599e+00
27.4	   3.994244e+00  -1.005756e+00   4.049508e+00  -9.504924e-01   3.956547e+00  -1.043453e+00   4.033606e+00  -9.663944e-01   3.971401e+00  -1.028599e+00
27.5	   3.974334e+00  -1.025666e+00   4.066169e+00  -9.338309e-01   3.940734e+00  -1.059266e+00   4.052471e+00  -9.475289e-01   3.953269e+00  -1.046731e+00
27.6	   3.956042e+00  -1.043958e+00   4.079415e+00  -9.205847e-01   3.928106e+00  -1.071894e+00   4.068757e+00  -9.312432e-01   3.937830e+00  -1.062170e+00
27.7	   3.940196e+00  -1.059804e+00   4.088353e+00  -9.116469e-01   3.919202e+00  -1.080798e+00   4.081439e+00  -9.185609e-01   3.925766e+00  -1.074234e+00
27.8	   3.927506e+00  -1.072494e+00   4.092286e+00  -9.077138e-01   3.914383e+00  -1.085617e+00   4.089563e+00  -9.104371e-01   3.917563e+00  -1.082437e+00
27.9	   3.918538e+00  -1.081462e+00   4.090854e+00  -9.091462e-01   3.913860e+00  -1.086140e+00   4.092510e+00  -9.074896e-01   3.913547e+00  -1.086453e+00
28	   3.913708e+00  -1.086292e+00   4.084104e+00  -9.158961e-01   3.917657e+00  -1.082343e+00   4.090021e+00  -9.099787e-01   3.913849e+00  -1.086151e+00
28.1	   3.913234e+00  -1.086766e+00   4.072515e+00  -9.274853e-01   3.925632e+00  -1.074368e+00   4.082244e+00  -9.177562e-01   3.918472e+00  -1.081528e+00
28.2	   3.917159e+00  -1.082841e+00   4.056947e+00  -9.430532e-01   3.937452e+00  -1.062548e+00   4.069792e+00  -9.302083e-01   3.927215e+00  -1.072785e+00
28.3	   3.925362e+00  -1.074638e+00   4.038481e+00  -9.615189e-01   3.952614e+00  -1.047386e+00   4.053581e+00  -9.464189e-01   3.939731e+00  -1.060269e+00
28.4	   3.937503e+00  -1.062497e+00   4.018310e+00  -9.816900e-01   3.970425e+00  -1.029575e+00   4.034709e+00  -9.652906e-01   3.955488e+00  -1.044512e+00
28.5	   3.953068e+00  -1.046932e+00   3.997630e+00  -1.002370e+00   3.990095e+00  -1.009905e+00   4.014347e+00  -9.856532e-01   3.973809e+00  -1.026191e+00
28.6	   3.971302e+00  -1.028698e+00   3.977527e+00  -1.022473e+00   4.010616e+00  -9.893838e-01   3.993661e+00  -1.006339e+00   3.993847e+00  -1.006153e+00
28.7	   3.991299e+00  -1.008701e+00   3.959000e+00  -1.041000e+00   4.030971e+00  -9.690286e-01   3.973748e+00  -1.026252e+00   4.014643e+00  -9.853572e-01
28.8	   4.012008e+00  -9.879922e-01   3.942884e+00  -1.057116e+00   4.050054e+00  -9.499460e-01   3.955543e+00  -1.044457e+00   4.035065e+00  -9.649348e-01
28.9	   4.032350e+00  -9.676504e-01   3.929867e+00  -1.070133e+00   4.066704e+00  -9.332958e-01   3.939883e+00  -1.060117e+00   4.054003e+00  -9.459974e-01
29	   4.051274e+00  -9.487264e-01   3.920467e+00  -1.079533e+00   4.079884e+00  -9.201158e-01   3.927444e+00  -1.072556e+00   4.070301e+00  -9.296991e-01
29.1	   4.067788e+00  -9.322121e-01   3.915068e+00  -1.084932e+00   4.088638e+00  -9.113619e-01   3.918772e+00  -1.081228e+00   4.082879e+00  -9.171206e-01
29.2	   4.080820e+00  -9.191797e-01   3.913893e+00  -1.086107e+00   4.092282e+00  -9.077184e-01   3.914222e+00  -1.085778e+00   4.090892e+00  -9.091082e-01
29.3	   4.089412e+00  -9.105880e-01   3.917024e+00  -1.082976e+00   4.090470e+00  -9.095300e-01   3.913994e+00  -1.086006e+00   4.093648e+00  -9.063522e-01
29.4	   4.092884e+00  -9.071158e-01   3.924335e+00  -1.075665e+00   4.083308e+00  -9.166916e-01   3.918101e+00  -1.081899e+00   4.090931e+00  -9.090687e-01
29.5	   4.090904e+00  -9.090964e-01   3.935550e+00  -1.064450e+00   4.071383e+00  -9.286166e-01   3.926377e+00  -1.073623e+00   4.082939e+00  -9.170608e-01
29.6	   4.083596e+00  -9.164041e-01   3.950208e+00  -1.049792e+00   4.055626e+00  -9.443745e-01   3.938460e+00  -1.061540e+00   4.070242e+00  -9.297584e-01
29.7	   4.071560e+00  -9.284400e-01   3.967676e+00  -1.032324e+00   4.037118e+00  -9.628818e-01   3.953829e+00  -1.046171e+00   4.053736e+00  -9.462637e-01
29.8	   4.055717e+00  -9.442825e-01   3.987145e+00  -1.012855e+00   4.017003e+00  -9.829974e-01   3.971818e+00  -1.028182e+00   4.034543e+00  -9.654566e-01
29.9	   4.037163e+00  -9.628371e-01   4.007622e+00  -9.923778e-01   3.996411e+00  -1.003589e+00   3.991593e+00  -1.008407e+00   4.013847e+00  -9.861535e-01
30	   4.016994e+00  -9.830063e-01   4.028036e+00  -9.719638e-01   3.976412e+00  -1.023588e+00   4.012206e+00  -9.877937e-01   3.992822e+00  -1.007178e+00
30.1	   3.996334e+00  -1.003666e+00   4.047240e+00  -9.527599e-01   3.957985e+00  -1.042015e+00   4.032620e+00  -9.673795e-01   3.972604e+00  -1.027396e+00
30.2	   3.976272e+00  -1.023728e+00   4.064174e+00  -9.358255e-01   3.941981e+00  -1.058019e+00   4.051688e+00  -9.483121e-01   3.954177e+00  -1.045823e+00
30.3	   3.957754e+00  -1.042246e+00   4.077803e+00  -9.221968e-01   3.929120e+00  -1.070880e+00   4.068289e+00  -9.317113e-01   3.938385e+00  -1.061615e+00
30.4	   3.941602e+00  -1.058398e+00   4.087223e+00  -9.127772e-01   3.919942e+00  -1.080058e+00   4.081349e+00  -9.186511e-01   3.925897e+00  -1.074103e+00
30.5	   3.928546e+00  -1.071454e+00   4.091692e+00  -9.083084e-01   3.914853e+00  -1.085147e+00   4.089875e+00  -9.101254e-01   3.917245e+00  -1.082755e+00
30.6	   3.919134e+00  -1.080866e+00   4.090815e+00  -9.091850e-01   3.914061e+00  -1.085939e+00   4.093199e+00  -9.068008e-01   3.912768e+00  -1.087232e+00
30.7	   3.913832e+00  -1.086168e+00   4.084560e+00  -9.154405e-01   3.917609e+00  -1.082391e+00   4.091002e+00  -9.089981e-01   3.912641e+00  -1.087359e+00
30.8	   3.912860e+00  -1.087140e+00   4.073423e+00  -9.265773e-01   3.925320e+00  -1.074680e+00   4.083459e+00  -9.165411e-01   3.916849e+00  -1.083151e+00
30.9	   3.916315e+00  -1.083685e+00   4.058221e+00  -9.417794e-01   3.936876e+00  -1.063124e+00   4.071204e+00  -9.287961e-01   3.925217e+00  -1.074783e+00
31	   3.924068e+00  -1.075932e+00   4.040039e+00  -9.599608e-01   3.951780e+00  -1.048220e+00   4.055119e+00  -9.448805e-01   3.937393e+00  -1.062607e+00
31.1	   3.935817e+00  -1.064183e+00   4.020051e+00  -9.799490e-01   3.969374e+00  -1.030626e+00   4.036282e+00  -9.637178e-01   3.952884e+00  -1.047116e+00
31.2	   3.951045e+00  -1.048955e+00   3.999443e+00  -1.000557e+00   3.988882e+00  -1.011118e+00   4.015870e+00  -9.841304e-01   3.971046e+00  -1.028954e+00
31.3	   3.969040e+00  -1.030960e+00   3.979341e+00  -1.020659e+00   4.009351e+00  -9.906493e-01   3.995018e+00  -1.004982e+00   3.991100e+00  -1.008900e+00
31.4	   3.988892e+00  -1.011108e+00   3.960722e+00  -1.039278e+00   4.029729e+00  -9.702712e-01   3.974814e+00  -1.025186e+00   4.012065e+00  -9.879354e-01
31.5	   4.009550e+00  -9.904501e-01   3.944433e+00  -1.055567e+00   4.048933e+00  -9.510668e-01   3.956264e+00  -1.043736e+00   4.032865e+00  -9.671349e-01
31.6	   4.029995e+00  -9.700052e-01   3.931156e+00  -1.068844e+00   4.065849e+00  -9.341511e-01   3.940236e+00  -1.059764e+00   4.052324e+00  -9.476760e-01
31.7	   4.049143e+00  -9.508570e-01   3.921453e+00  -1.078547e+00   4.079367e+00  -9.206333e-01   3.927431e+00  -1.072569e+00   4.069189e+00  -9.308112e-01
31.8	   4.065963e+00  -9.340374e-01   3.915720e+00  -1.084280e+00   4.088514e+00  -9.114863e-01   3.918365e+00  -1.081635e+00   4.082397e+00  -9.176032e-01
31.9	   4.079442e+00  -9.205584e-01   3.914211e+00  -1.085789e+00   4.092545e+00  -9.074549e-01   3.913421e+00  -1.086579e+00   4.090986e+00  -9.090145e-01
32	   4.088583e+00  -9.114171e-01   3.916986e+00  -1.083014e+00   4.091092e+00  -9.089075e-01   3.912795e+00  -1.087205e+00   4.094321e+00  -9.056786e-01
32.1	   4.092635e+00  -9.073653e-01   3.923953e+00  -1.076047e+00   4.084250e+00  -9.157502e-01   3.916535e+00  -1.083465e+00   4.092140e+00  -9.078598e-01
32.2	   4.091286e+00  -9.087142e-01   3.934850e+00  -1.065150e+00   4.072636e+00  -9.273638e-01   3.924465e+00  -1.075535e+00   4.084657e+00  -9.153432e-01
32.3	   4.084566e+00  -9.154338e-01   3.949233e+00  -1.050767e+00   4.057087e+00  -9.429128e-01   3.936261e+00  -1.063739e+00   4.072453e+00  -9.275465e-01
32.4	   4.073046e+00  -9.269536e-01   3.966480e+00  -1.033520e+00   4.038674e+00  -9.613259e-01   3.951417e+00  -1.048583e+00   4.056407e+00  -9.435929e-01
32.5	   4.057619e+00  -9.423806e-01   3.985803e+00  -1.014197e+00   4.018535e+00  -9.814646e-01   3.969283e+00  -1.030717e+00   4.037595e+00  -9.624051e-01
32.6	   4.039360e+00  -9.606402e-01   4.006211e+00  -9.937891e-01   3.997796e+00  -1.002204e+00   3.989072e+00  -1.010928e+00   4.017151e+00  -9.828495e-01
32.7	   4.019363e+00  -9.806365e-01   4.026664e+00  -9.733365e-01   3.977544e+00  -1.022456e+00   4.009862e+00  -9.901384e-01   3.996217e+00  -1.003783e+00
32.8	   3.998760e+00  -1.001240e+00   4.046025e+00  -9.539749e-01   3.958787e+00  -1.041213e+00   4.030586e+00  -9.694138e-01   3.975889e+00  -1.024111e+00
32.9	   3.978645e+00  -1.021355e+00   4.063168e+00  -9.368324e-01   3.942427e+00  -1.057573e+00   4.050089e+00  -9.499111e-01   3.957173e+00  -1.042827e+00
33	   3.959960e+00  -1.040040e+00   4.077062e+00  -9.229375e-01   3.929191e+00  -1.070809e+00   4.067218e+00  -9.327819e-01   3.940945e+00  -1.059055e+00
33.1	   3.943559e+00  -1.056441e+00   4.086765e+00  -9.132351e-01   3.919651e+00  -1.080349e+00   4.080840e+00  -9.191604e-01   3.927920e+00  -1.072080e+00
33.2	   3.930180e+00  -1.069820e+00   4.091586e+00  -9.084136e-01   3.914188e+00  -1.085812e+00   4.090000e+00  -9.099996e-01   3.918626e+00  -1.081374e+00
33.3	   3.920395e+00  -1.079605e+00   4.091115e+00  -9.088851e-01   3.913029e+00  -1.086971e+00   4.093948e+00  -9.060524e-01   3.913448e+00  -1.086552e+00
33.4	   3.914659e+00  -1.085341e+00   4.085294e+00  -9.147059e-01   3.916211e+00  -1.083789e+00   4.092359e+00  -9.076405e-01   3.912577e+00  -1.087423e+00
33.5	   3.913241e+00  -1.086759e+00   4.074515e+00  -9.254846e-01   3.923610e+00  -1.076390e+00   4.085425e+00  -9.145755e-01   3.916065e+00  -1.083935e+00
33.6	   3.916229e+00  -1.083771e+00   4.059575e+00  -9.404247e-01   3.934910e+00  -1.065090e+00   4.073715e+00  -9.262851e-01   3.923751e+00  -1.076249e+00
33.7	   3.923539e+00  -1.076461e+00   4.041521e+00  -9.584794e-01   3.949637e+00  -1.050363e+00   4.058047e+00  -9.419527e-01   3.935330e+00  -1.064670e+00
33.8	   3.934863e+00  -1.065137e+00   4.021540e+00  -9.784596e-01   3.967143e+00  -1.032857e+00   4.039489e+00  -9.605114e-01   3.950307e+00  -1.049693e+00
33.9	   3.949714e+00  -1.050286e+00   4.000840e+00  -9.991604e-01   3.986650e+00  -1.013350e+00   4.019181e+00  -9.808192e-01   3.968055e+00  -1.031945e+00
34	   3.967384e+00  -1.032616e+00   3.980543e+00  -1.019457e+00   4.007254e+00  -9.927462e-01   3.998278e+00  -1.001722e+00   3.987738e+00  -1.012262e+00
34.1	   3.987002e+00  -1.012998e+00   3.961660e+00  -1.038340e+00   4.027920e+00  -9.720796e-01   3.977897e+00  -1.022103e+00   4.008431e+00  -9.915692e-01
34.2	   4.007528e+00  -9.924722e-01   3.945049e+00  -1.054951e+00   4.047515e+00  -9.524851e-01   3.959030e+00  -1.040970e+00   4.029092e+00  -9.709084e-01
34.3	   4.027903e+00  -9.720975e-01   3.931427e+00  -1.068573e+00   4.064916e+00  -9.350840e-01   3.942563e+00  -1.057437e+00   4.048552e+00  -9.514476e-01
34.4	   4.047084e+00  -9.529156e-01   3.921344e+00  -1.078656e+00   4.078987e+00  -9.210129e-01   3.929202e+00  -1.070798e+00   4.065671e+00  -9.343291e-01
34.5	   4.064042e+00  -9.359582e-01   3.915227e+00  -1.084773e+00   4.088749e+00  -9.112514e-01   3.919525e+00  -1.080475e+00   4.079297e+00  -9.207026e-01
34.6	   4.077779e+00  -9.222213e-01   3.913318e+00  -1.086682e+00   4.093370e+00  -9.066298e-01   3.913916e+00  -1.086084e+00   4.088515e+00  -9.114854e-01
34.7	   4.087255e+00  -9.127450e-01   3.915715e+00  -1.084285e+00   4.092511e+00  -9.074891e-01   3.912607e+00  -1.087393e+00   4.092547e+00  -9.074535e-01
34.8	   4.091729e+00  -9.082709e-01   3.922337e+00  -1.077663e+00   4.086273e+00  -9.137272e-01   3.915634e+00  -1.084366e+00   4.091140e+00  -9.088603e-01
34.9	   4.090827e+00  -9.091726e-01   3.932961e+00  -1.067039e+00   4.075119e+00  -9.248807e-01   3.922875e+00  -1.077125e+00   4.084419e+00  -9.155813e-01
35	   4.084581e+00  -9.154189e-01   3.947161e+00  -1.052839e+00   4.059936e+00  -9.400640e-01   3.934018e+00  -1.065982e+00   4.072927e+00  -9.270732e-01
35.1	   4.073487e+00  -9.265135e-01   3.964339e+00  -1.035661e+00   4.041749e+00  -9.582514e-01   3.948604e+00  -1.051396e+00   4.057511e+00  -9.424888e-01
35.2	   4.058402e+00  -9.415982e-01   3.983668e+00  -1.016332e+00   4.021672e+00  -9.783281e-01   3.966018e+00  -1.033982e+00   4.039266e+00  -9.607337e-01
35.3	   4.040408e+00  -9.595922e-01   4.004220e+00  -9.957803e-01   4.000842e+00  -9.991580e-01   3.985485e+00  -1.014515e+00   4.019326e+00  -9.806740e-01
35.4	   4.020594e+00  -9.794057e-01   4.024915e+00  -9.750849e-01   3.980369e+00  -1.019631e+00   4.006107e+00  -9.938932e-01   3.998823e+00  -1.001177e+00
35.5	   4.000069e+00  -9.999315e-01   4.044628e+00  -9.553717e-01   3.961277e+00  -1.038723e+00   4.026831e+00  -9.731692e-01   3.978835e+00  -1.021165e+00
35.6	   3.979943e+00  -1.020057e+00   4.062234e+00  -9.377656e-01   3.944453e+00  -1.055547e+00   4.046505e+00  -9.534948e-01   3.960344e+00  -1.039656e+00
35.7	   3.961181e+00  -1.038819e+00   4.076693e+00  -9.233074e-01   3.930659e+00  -1.069341e+00   4.063947e+00  -9.360535e-01   3.944204e+00  -1.055796e+00
35.8	   3.944618e+00  -1.055382e+00   4.087071e+00  -9.129288e-01   3.920484e+00  -1.079516e+00   4.078003e+00  -9.219970e-01   3.931108e+00  -1.068892e+00
35.9	   3.931020e+00  -1.068980e+00   4.092585e+00  -9.074146e-01   3.914361e+00  -1.085639e+00   4.087716e+00  -9.122838e-01   3.921611e+00  -1.078389e+00
36	   3.920968e+00  -1.079032e+00   4.092730e+00  -9.072703e-01   3.912524e+00  -1.087476e+00   4.092334e+00  -9.076658e-01   3.916081e+00  -1.083919e+00
36.1	   3.914954e+00  -1.085046e+00   4.087463e+00  -9.125368e-01   3.915051e+00  -1.084949e+00   4.091522e+00  -9.084784e-01   3.914743e+00  -1.085257e+00
36.2	   3.913236e+00  -1.086764e+00   4.077144e+00  -9.228564e-01   3.921819e+00  -1.078181e+00   4.085412e+00  -9.145881e-01   3.917642e+00  -1.082358e+00
36.3	   3.915932e+00  -1.084068e+00   4.062507e+00  -9.374930e-01   3.932542e+00  -1.067458e+00   4.074487e+00  -9.255128e-01   3.924667e+00  -1.075333e+00
36.4	   3.922949e+00  -1.077051e+00   4.044616e+00  -9.553835e-01   3.946752e+00  -1.053248e+00   4.059545e+00  -9.404553e-01   3.935512e+00  -1.064488e+00
36.5	   3.934020e+00  -1.065980e+00   4.024646e+00  -9.753544e-01   3.963856e+00  -1.036144e+00   4.041589e+00  -9.584106e-01   3.949734e+00  -1.050266e+00
36.6	   3.948673e+00  -1.051327e+00   4.003801e+00  -9.961994e-01   3.983102e+00  -1.016898e+00   4.021755e+00  -9.782455e-01   3.966725e+00  -1.033275e+00
36.7	   3.966236e+00  -1.033764e+00   3.983238e+00  -1.016762e+00   4.003566e+00  -9.964338e-01   4.001197e+00  -9.988033e-01   3.985708e+00  -1.014292e+00
36.8	   3.985818e+00  -1.014182e+00   3.963977e+00  -1.036023e+00   4.024258e+00  -9.757415e-01   3.981028e+00  -1.018972e+00   4.005819e+00  -9.941810e-01
36.9	   4.006412e+00  -9.935879e-01   3.946888e+00  -1.053112e+00   4.044059e+00  -9.559408e-01   3.962277e+00  -1.037723e+00   4.026018e+00  -9.739820e-01
37	   4.026943e+00  -9.730566e-01   3.932690e+00  -1.067310e+00   4.061815e+00  -9.381851e-01   3.945799e+00  -1.054201e+00   4.045195e+00  -9.548052e-01
37.1	   4.046344e+00  -9.536555e-01   3.921975e+00  -1.078025e+00   4.076342e+00  -9.236578e-01   3.932308e+00  -1.067692e+00   4.062114e+00  -9.378858e-01
37.2	   4.063606e+00  -9.363939e-01   3.915177e+00  -1.084823e+00   4.086682e+00  -9.133181e-01   3.922342e+00  -1.077658e+00   4.075672e+00  -9.243280e-01
37.3	   4.077655e+00  -9.223445e-01   3.912595e+00  -1.087405e+00   4.092024e+00  -9.079763e-01   3.916311e+00  -1.083689e+00   4.084917e+00  -9.150828e-01
37.4	   4.087510e+00  -9.124896e-01   3.914330e+00  -1.085670e+00   4.092006e+00  -9.079939e-01   3.914442e+00  -1.085558e+00   4.089171e+00  -9.108286e-01
37.5	   4.092364e+00  -9.076358e-01   3.920351e+00  -1.079649e+00   4.086604e+00  -9.133958e-01   3.916822e+00  -1.083178e+00   4.088137e+00  -9.118634e-01
37.6	   4.091822e+00  -9.081776e-01   3.930417e+00  -1.069583e+00   4.076292e+00  -9.237082e-01   3.923348e+00  -1.076652e+00   4.081895e+00  -9.181047e-01
37.7	   4.085869e+00  -9.141312e-01   3.944136e+00  -1.055864e+00   4.061852e+00  -9.381485e-01   3.933773e+00  -1.066227e+00   4.070968e+00  -9.290324e-01
37.8	   4.074978e+00  -9.250222e-01   3.960903e+00  -1.039097e+00   4.044279e+00  -9.557205e-01   3.947661e+00  -1.052339e+00   4.056215e+00  -9.437851e-01
37.9	   4.059995e+00  -9.400048e-01   3.979971e+00  -1.020029e+00   4.024678e+00  -9.753219e-01   3.964406e+00  -1.035594e+00   4.038636e+00  -9.613637e-01
38	   4.042012e+00  -9.579883e-01   4.000404e+00  -9.995965e-01   4.004173e+00  -9.958265e-01   3.983298e+00  -1.016702e+00   4.019340e+00  -9.806595e-01
38.1	   4.022125e+00  -9.778751e-01   4.021153e+00  -9.788468e-01   3.983869e+00  -1.016131e+00   4.003420e+00  -9.965797e-01   3.999442e+00  -1.000558e+00
38.2	   4.001423e+00  -9.985773e-01   4.041095e+00  -9.589048e-01   3.964785e+00  -1.035215e+00   4.023734e+00  -9.762657e-01   3.980021e+00  -1.019979e+00
38.3	   3.981040e+00  -1.018960e+00   4.059096e+00  -9.409041e-01   3.947813e+00  -1.052187e+00   4.043109e+00  -9.568906e-01   3.962039e+00  -1.037961e+00
38.4	   3.961961e+00  -1.038039e+00   4.074101e+00  -9.258985e-01   3.933722e+00  -1.066278e+00   4.060399e+00  -9.396006e-01   3.946319e+00  -1.053681e+00
38.5	   3.945047e+00  -1.054953e+00   4.085144e+00  -9.148561e-01   3.923133e+00  -1.076867e+00   4.074441e+00  -9.255585e-01   3.933561e+00  -1.066439e+00
38.6	   3.931050e+00  -1.068950e+00   4.091475e+00  -9.085250e-01   3.916474e+00  -1.083526e+00   4.084310e+00  -9.156903e-01   3.924284e+00  -1.075716e+00
38.7	   3.920577e+00  -1.079423e+00   4.092533e+00  -9.074668e-01   3.914029e+00  -1.085971e+00   4.089242e+00  -9.107583e-01   3.918850e+00  -1.081150e+00
38.8	   3.914116e+00  -1.085884e+00   4.088170e+00  -9.118301e-01   3.915883e+00  -1.084117e+00   4.088897e+00  -9.111026e-01   3.917438e+00  -1.082562e+00
38.9	   3.911970e+00  -1.088030e+00   4.078669e+00  -9.213310e-01   3.921953e+00  -1.078047e+00   4.083334e+00  -9.166658e-01   3.920114e+00  -1.079886e+00
39	   3.914237e+00  -1.085763e+00   4.064760e+00  -9.352397e-01   3.931943e+00  -1.068057e+00   4.073026e+00  -9.269739e-01   3.926774e+00  -1.073226e+00
39.1	   3.920879e+00  -1.079121e+00   4.047452e+00  -9.525479e-01   3.945427e+00  -1.054573e+00   4.058703e+00  -9.412966e-01   3.937184e+00  -1.062816e+00
39.2	   3.931635e+00  -1.068365e+00   4.027904e+00  -9.720955e-01   3.961816e+00  -1.038184e+00   4.041357e+00  -9.586426e-01   3.950897e+00  -1.049103e+00
39.3	   3.946073e+00  -1.053927e+00   4.007317e+00  -9.926830e-01   3.980389e+00  -1.019611e+00   4.022099e+00  -9.779014e-01   3.967332e+00  -1.032668e+00
39.4	   3.963524e+00  -1.036476e+00   3.986838e+00  -1.013162e+00   4.000293e+00  -9.997068e-01   4.002078e+00  -9.979220e-01   3.985744e+00  -1.014256e+00
39.5	   3.983133e+00  -1.016867e+00   3.967505e+00  -1.032495e+00   4.020578e+00  -9.794218e-01   3.982405e+00  -1.017595e+00   4.005265e+00  -9.947350e-01
39.6	   4.003893e+00  -9.961067e-01   3.950194e+00  -1.049806e+00   4.040122e+00  -9.598776e-01   3.964072e+00  -1.035928e+00   4.024853e+00  -9.751471e-01
39.7	   4.024748e+00  -9.752524e-01   3.935657e+00  -1.064343e+00   4.057799e+00  -9.422007e-01   3.947922e+00  -1.052078e+00   4.043413e+00  -9.565866e-01
39.8	   4.044624e+00  -9.553762e-01   3.924473e+00  -1.075527e+00   4.072528e+00  -9.274718e-01   3.934653e+00  -1.065347e+00   4.059824e+00  -9.401763e-01
39.9	   4.062438e+00  -9.375616e-01   3.917114e+00  -1.082886e+00   4.083253e+00  -9.167466e-01   3.924821e+00  -1.075179e+00   4.072990e+00  -9.270100e-01
40	   4.077210e+00  -9.227901e-01   3.913891e+00  -1.086109e+00   4.089138e+00  -9.108617e-01   3.918795e+00  -1.081205e+00   4.081963e+00  -9.180372e-01
40.1	   4.087825e+00  -9.121747e-01   3.914960e+00  -1.085040e+00   4.089706e+00  -9.102944e-01   3.916817e+00  -1.083183e+00   4.086094e+00  -9.139056e-01
40.2	   4.093458e+00  -9.065416e-01   3.920280e+00  -1.079720e+00   4.084921e+00  -9.150791e-01   3.918959e+00  -1.081041e+00   4.085077e+00  -9.149230e-01
40.3	   4.093616e+00  -9.063837e-01   3.929646e+00  -1.070354e+00   4.075249e+00  -9.247511e-01   3.925160e+00  -1.074840e+00   4.078992e+00  -9.210079e-01
40.4	   4.088276e+00  -9.117239e-01   3.942676e+00  -1.057324e+00   4.061459e+00  -9.385405e-01   3.935146e+00  -1.064854e+00   4.068347e+00  -9.316526e-01
40.5	   4.077870e+00  -9.221297e-01   3.958820e+00  -1.041180e+00   4.044495e+00  -9.555047e-01   3.948524e+00  -1.051476e+00   4.053908e+00  -9.460925e-01
40.6	   4.063220e+00  -9.367802e-01   3.977328e+00  -1.022672e+00   4.025443e+00  -9.745572e-01   3.964719e+00  -1.035281e+00   4.036688e+00  -9.633115e-01
40.7	   4.045378e+00  -9.546220e-01   3.997294e+00  -1.002706e+00   4.005422e+00  -9.945776e-01   3.983021e+00  -1.016979e+00   4.017812e+00  -9.821884e-01
40.8	   4.025455e+00  -9.745448e-01   4.017682e+00  -9.823181e-01   3.985543e+00  -1.014457e+00   4.002566e+00  -9.974338e-01   3.998398e+00  -1.001602e+00
40.9	   4.004569e+00  -9.954309e-01   4.037409e+00  -9.625914e-01   3.966820e+00  -1.033180e+00   4.022317e+00  -9.776833e-01   3.979512e+00  -1.020488e+00
41	   3.983863e+00  -1.016137e+00   4.055350e+00  -9.446505e-01   3.950143e+00  -1.049857e+00   4.041203e+00  -9.587966e-01   3.962090e+00  -1.037910e+00
41.1	   3.964348e+00  -1.035652e+00   4.070416e+00  -9.295837e-01   3.936267e+00  -1.063733e+00   4.058058e+00  -9.419421e-01   3.946935e+00  -1.053065e+00
41.2	   3.946903e+00  -1.053097e+00   4.081739e+00  -9.182612e-01   3.925783e+00  -1.074217e+00   4.071788e+00  -9.282118e-01   3.934688e+00  -1.065312e+00
41.3	   3.932316e+00  -1.067684e+00   4.088478e+00  -9.115223e-01   3.919122e+00  -1.080878e+00   4.081476e+00  -9.185236e-01   3.925859e+00  -1.074141e+00
41.4	   3.921190e+00  -1.078810e+00   4.090094e+00  -9.099056e-01   3.916521e+00  -1.083479e+00   4.086397e+00  -9.136031e-01   3.920777e+00  -1.079223e+00
41.5	   3.914048e+00  -1.085952e+00   4.086388e+00  -9.136121e-01   3.918072e+00  -1.081928e+00   4.086182e+00  -9.138183e-01   3.919638e+00  -1.080362e+00
41.6	   3.911204e+00  -1.088796e+00   4.077627e+00  -9.223733e-01   3.923702e+00  -1.076298e+00   4.080851e+00  -9.191488e-01   3.922480e+00  -1.077520e+00
41.7	   3.912806e+00  -1.087194e+00   4.064463e+00  -9.355374e-01   3.933178e+00  -1.066822e+00   4.070816e+00  -9.291838e-01   3.929204e+00  -1.070796e+00
41.8	   3.918803e+00  -1.081197e+00   4.047863e+00  -9.521366e-01   3.946091e+00  -1.053909e+00   4.056822e+00  -9.431776e-01   3.939535e+00  -1.060465e+00
41.9	   3.928969e+00  -1.071031e+00   4.028957e+00  -9.710426e-01   3.961877e+00  -1.038123e+00   4.039830e+00  -9.601699e-01   3.953049e+00  -1.046951e+00
42	   3.942868e+00  -1.057132e+00   4.008913e+00  -9.910870e-01   3.979857e+00  -1.020143e+00   4.020958e+00  -9.790422e-01   3.969135e+00  -1.030865e+00
42.1	   3.959887e+00  -1.040113e+00   3.988865e+00  -1.011135e+00   3.999185e+00  -1.000815e+00   4.001363e+00  -9.986367e-01   3.987095e+00  -1.012905e+00
42.2	   3.979213e+00  -1.020787e+00   3.969839e+00  -1.030161e+00   4.018939e+00  -9.810612e-01   3.982131e+00  -1.017869e+00   4.006041e+00  -9.939586e-01
42.3	   3.999848e+00  -1.000152e+00   3.952719e+00  -1.047281e+00   4.038084e+00  -9.619157e-01   3.964241e+00  -1.035759e+00   4.025003e+00  -9.749967e-01
42.4	   4.020722e+00  -9.792783e-01   3.938244e+00  -1.061756e+00   4.055479e+00  -9.445208e-01   3.948528e+00  -1.051472e+00   4.042929e+00  -9.570706e-01
42.5	   4.040811e+00  -9.591892e-01   3.927045e+00  -1.072955e+00   4.069974e+00  -9.300261e-01   3.935677e+00  -1.064323e+00   4.058721e+00  -9.412791e-01
42.6	   4.059073e+00  -9.409274e-01   3.919575e+00  -1.080425e+00   4.080591e+00  -9.194086e-01   3.926215e+00  -1.073785e+00   4.071348e+00  -9.286520e-01
42.7	   4.074444e+00  -9.255563e-01   3.916135e+00  -1.083865e+00   4.086451e+00  -9.135493e-01   3.920520e+00  -1.079480e+00   4.079892e+00  -9.201079e-01
42.8	   4.085909e+00  -9.140910e-01   3.916852e+00  -1.083148e+00   4.087104e+00  -9.128961e-01   3.918779e+00  -1.081221e+00   4.083732e+00  -9.162681e-01
42.9	   4.092532e+00  -9.074683e-01   3.921735e+00  -1.078265e+00   4.082515e+00  -9.174851e-01   3.921059e+00  -1.078941e+00   4.082527e+00  -9.174730e-01
43	   4.093762e+00  -9.062377e-01   3.930600e+00  -1.069400e+00   4.073121e+00  -9.268791e-01   3.927269e+00  -1.072731e+00   4.076348e+00  -9.236522e-01
43.1	   4.089451e+00  -9.105486e-01   3.943112e+00  -1.056888e+00   4.059633e+00  -9.403666e-01   3.937176e+00  -1.062824e+00   4.065660e+00  -9.343400e-01
43.2	   4.079963e+00  -9.200365e-01   3.958726e+00  -1.041274e+00   4.043026e+00  -9.569739e-01   3.950369e+00  -1.049631e+00   4.051299e+00  -9.487011e-01
43.3	   4.066055e+00  -9.339448e-01   3.976739e+00  -1.023261e+00   4.024363e+00  -9.756370e-01   3.966310e+00  -1.033690e+00   4.034285e+00  -9.657147e-01
43.4	   4.048768e+00  -9.512319e-01   3.996249e+00  -1.003751e+00   4.004746e+00  -9.952539e-01   3.984259e+00  -1.015741e+00   4.015728e+00  -9.842723e-01
43.5	   4.029207e+00  -9.707928e-01   4.016240e+00  -9.837602e-01   3.985276e+00  -1.014724e+00   4.003378e+00  -9.966224e-01   3.996742e+00  -1.003258e+00
43.6	   4.008482e+00  -9.915184e-01   4.035610e+00  -9.643898e-01   3.966964e+00  -1.033036e+00   4.022660e+00  -9.773403e-01   3.978360e+00  -1.021640e+00
43.7	   3.987738e+00  -1.012262e+00   4.053291e+00  -9.467091e-01   3.950693e+00  -1.049307e+00   4.041020e+00  -9.589805e-01   3.961505e+00  -1.038495e+00
43.8	   3.968003e+00  -1.031997e+00   4.068242e+00  -9.317583e-01   3.937194e+00  -1.062806e+00   4.057360e+00  -9.426403e-01   3.946948e+00  -1.053052e+00
43.9	   3.950202e+00  -1.049798e+00   4.079458e+00  -9.205419e-01   3.927045e+00  -1.072955e+00   4.070598e+00  -9.294021e-01   3.935299e+00  -1.064701e+00
44	   3.935139e+00  -1.064861e+00   4.086186e+00  -9.138135e-01   3.920650e+00  -1.079350e+00   4.079870e+00  -9.201302e-01   3.927014e+00  -1.072986e+00
44.1	   3.923470e+00  -1.076530e+00   4.087874e+00  -9.121265e-01   3.918272e+00  -1.081728e+00   4.084499e+00  -9.155006e-01   3.922438e+00  -1.077562e+00
44.2	   3.915688e+00  -1.084312e+00   4.084313e+00  -9.156870e-01   3.919976e+00  -1.080024e+00   4.084119e+00  -9.158809e-01   3.921734e+00  -1.078266e+00
44.3	   3.912146e+00  -1.087854e+00   4.075775e+00  -9.242250e-01   3.925684e+00  -1.074316e+00   4.078698e+00  -9.213024e-01   3.924933e+00  -1.075067e+00
44.4	   3.912988e+00  -1.087012e+00   4.062892e+00  -9.371084e-01   3.935121e+00  -1.064879e+00   4.068645e+00  -9.313546e-01   3.931869e+00  -1.068131e+00
44.5	   3.918231e+00  -1.081769e+00   4.046602e+00  -9.533976e-01   3.947890e+00  -1.052110e+00   4.054687e+00  -9.453129e-01   3.942249e+00  -1.057751e+00
44.6	   3.927655e+00  -1.072345e+00   4.028042e+00  -9.719578e-01   3.963434e+00  -1.036566e+00   4.037810e+00  -9.621903e-01   3.955623e+00  -1.044377e+00
44.7	   3.940862e+00  -1.059138e+00   4.008368e+00  -9.916315e-01   3.981098e+00  -1.018902e+00   4.019120e+00  -9.808801e-01   3.971396e+00  -1.028604e+00
44.8	   3.957244e+00  -1.042756e+00   3.988705e+00  -1.011295e+00   4.000100e+00  -9.998997e-01   3.999771e+00  -1.000229e+00   3.988862e+00  -1.011138e+00
44.9	   3.976008e+00  -1.023992e+00   3.970055e+00  -1.029945e+00   4.019475e+00  -9.805252e-01   3.980855e+00  -1.019145e+00   4.007198e+00  -9.928024e-01
45	   3.996155e+00  -1.003845e+00   3.953278e+00  -1.046722e+00   4.038196e+00  -9.618041e-01   3.963352e+00  -1.036648e+00   4.025462e+00  -9.745381e-01
45.1	   4.016665e+00  -9.833351e-01   3.939112e+00  -1.060888e+00   4.055114e+00  -9.448856e-01   3.948100e+00  -1.051900e+00   4.042629e+00  -9.573712e-01
45.2	   4.036518e+00  -9.634821e-01   3.928152e+00  -1.071848e+00   4.069145e+00  -9.308551e-01   3.935734e+00  -1.064266e+00   4.057700e+00  -9.422998e-01
45.3	   4.054766e+00  -9.452339e-01   3.920865e+00  -1.079135e+00   4.079268e+00  -9.207320e-01   3.926764e+00  -1.073236e+00   4.069670e+00  -9.303301e-01
45.4	   4.070381e+00  -9.296186e-01   3.917537e+00  -1.082463e+00   4.084777e+00  -9.152234e-01   3.921529e+00  -1.078471e+00   4.077713e+00  -9.222866e-01
45.5	   4.082356e+00  -9.176436e-01   3.918314e+00  -1.081686e+00   4.085231e+00  -9.147694e-01   3.920220e+00  -1.079780e+00   4.081143e+00  -9.188569e-01
45.6	   4.089673e+00  -9.103274e-01   3.923166e+00  -1.076834e+00   4.080601e+00  -9.193990e-01   3.922870e+00  -1.077130e+00   4.079641e+00  -9.203593e-01
45.7	   4.091731e+00  -9.082693e-01   3.931940e+00  -1.068060e+00   4.071246e+00  -9.287537e-01   3.929375e+00  -1.070625e+00   4.073290e+00  -9.267097e-01
45.8	   4.088388e+00  -9.116115e-01   3.944283e+00  -1.055717e+00   4.057886e+00  -9.421137e-01   3.939453e+00  -1.060547e+00   4.062597e+00  -9.374029e-01
45.9	   4.079902e+00  -9.200981e-01   3.959688e+00  -1.040312e+00   4.041420e+00  -9.585800e-01   3.952690e+00  -1.047310e+00   4.048363e+00  -9.516365e-01
46	   4.066959e+00  -9.330413e-01   3.977455e+00  -1.022545e+00   4.022902e+00  -9.770984e-01   3.968519e+00  -1.031481e+00   4.031595e+00  -9.684047e-01
46.1	   4.050501e+00  -9.494986e-01   3.996720e+00  -1.003280e+00   4.003453e+00  -9.965473e-01   3.986224e+00  -1.013776e+00   4.013397e+00  -9.866030e-01
46.2	   4.031621e+00  -9.683791e-01   4.016471e+00  -9.835294e-01   3.984163e+00  -1.015837e+00   4.004938e+00  -9.950618e-01   3.994875e+00  -1.005125e+00
46.3	   4.011427e+00  -9.885728e-01   4.035620e+00  -9.643798e-01   3.966047e+00  -1.033953e+00   4.023756e+00  -9.762444e-01   3.977063e+00  -1.022937e+00
46.4	   3.991070e+00  -1.008930e+00   4.053118e+00  -9.468822e-01   3.949998e+00  -1.050002e+00   4.041599e+00  -9.584008e-01   3.960853e+00  -1.039147e+00
46.5	   3.971554e+00  -1.028446e+00   4.067895e+00  -9.321046e-01   3.936767e+00  -1.063233e+00   4.057409e+00  -9.425908e-01   3.946977e+00  -1.053023e+00
46.6	   3.953759e+00  -1.046241e+00   4.079000e+00  -9.210005e-01   3.926920e+00  -1.073080e+00   4.070184e+00  -9.298157e-01   3.936029e+00  -1.063971e+00
46.7	   3.938524e+00  -1.061476e+00   4.085624e+00  -9.143764e-01   3.920875e+00  -1.079125e+00   4.079013e+00  -9.209865e-01   3.928464e+00  -1.071536e+00
46.8	   3.926524e+00  -1.073476e+00   4.087220e+00  -9.127804e-01   3.918839e+00  -1.081161e+00   4.083245e+00  -9.167548e-01   3.924533e+00  -1.075467e+00
46.9	   3.918304e+00  -1.081696e+00   4.083539e+00  -9.164608e-01   3.920884e+00  -1.079116e+00   4.082454e+00  -9.175459e-01   3.924358e+00  -1.075642e+00
47	   3.914218e+00  -1.085782e+00   4.074848e+00  -9.251523e-01   3.926888e+00  -1.073112e+00   4.076675e+00  -9.233249e-01   3.927905e+00  -1.072095e+00
47.1	   3.914463e+00  -1.085537e+00   4.061807e+00  -9.381929e-01   3.936584e+00  -1.063416e+00   4.066326e+00  -9.336738e-01   3.935005e+00  -1.064995e+00
47.2	   3.919048e+00  -1.080952e+00   4.045398e+00  -9.546019e-01   3.949536e+00  -1.050464e+00   4.052147e+00  -9.478527e-01   3.945330e+00  -1.054670e+00
47.3	   3.927806e+00  -1.072194e+00   4.026740e+00  -9.732596e-01   3.965172e+00  -1.034828e+00   4.035130e+00  -9.648699e-01   3.958422e+00  -1.041578e+00
47.4	   3.940352e+00  -1.059648e+00   4.007000e+00  -9.929996e-01   3.982841e+00  -1.017159e+00   4.016443e+00  -9.835573e-01   3.973697e+00  -1.026303e+00
47.5	   3.956113e+00  -1.043887e+00   3.987317e+00  -1.012683e+00   4.001719e+00  -9.982812e-01   3.997258e+00  -1.002742e+00   3.990474e+00  -1.009526e+00
47.6	   3.974302e+00  -1.025698e+00   3.968731e+00  -1.031269e+00   4.020850e+00  -9.791502e-01   3.978659e+00  -1.021341e+00   4.007947e+00  -9.920528e-01
47.7	   3.993922e+00  -1.006078e+00   3.952128e+00  -1.047872e+00   4.039236e+00  -9.607638e-01   3.961598e+00  -1.038402e+00   4.025247e+00  -9.747530e-01
47.8	   4.013911e+00  -9.860886e-01   3.938209e+00  -1.061791e+00   4.055753e+00  -9.442473e-01   3.946854e+00  -1.053146e+00   4.041446e+00  -9.585541e-01
47.9	   4.033279e+00  -9.667205e-01   3.927546e+00  -1.072454e+00   4.069357e+00  -9.306434e-01   3.935075e+00  -1.064925e+00   4.055593e+00  -9.444071e-01
48	   4.051121e+00  -9.488790e-01   3.920554e+00  -1.079446e+00   4.079123e+00  -9.208766e-01   3.926737e+00  -1.073263e+00   4.066795e+00  -9.332051e-01
48.1	   4.066488e+00  -9.335116e-01   3.917525e+00  -1.082475e+00   4.084305e+00  -9.156952e-01   3.922153e+00  -1.077847e+00   4.074242e+00  -9.257579e-01
48.2	   4.078444e+00  -9.215556e-01   3.918586e+00  -1.081414e+00   4.084479e+00  -9.155205e-01   3.921448e+00  -1.078552e+00   4.077329e+00  -9.226713e-01
48.3	   4.085984e+00  -9.140161e-01   3.923709e+00  -1.076291e+00   4.079568e+00  -9.204318e-01   3.924630e+00  -1.075370e+00   4.075676e+00  -9.243237e-01
48.4	   4.088513e+00  -9.114866e-01   3.932681e+00  -1.067319e+00   4.069975e+00  -9.300251e-01   3.931528e+00  -1.068472e+00   4.069400e+00  -9.305996e-01
48.5	   4.085839e+00  -9.141613e-01   3.945180e+00  -1.054820e+00   4.056374e+00  -9.436255e-01   3.941858e+00  -1.058142e+00   4.058953e+00  -9.410473e-01
48.6	   4.078159e+00  -9.218408e-01   3.960674e+00  -1.039326e+00   4.039703e+00  -9.602972e-01   3.955166e+00  -1.044834e+00   4.045127e+00  -9.548731e-01
48.7	   4.066068e+00  -9.339322e-01   3.978461e+00  -1.021539e+00   4.021031e+00  -9.789685e-01   3.970891e+00  -1.029109e+00   4.028911e+00  -9.710890e-01
48.8	   4.050478e+00  -9.495224e-01   3.997669e+00  -1.002331e+00   4.001485e+00  -9.985151e-01   3.988312e+00  -1.011688e+00   4.011398e+00  -9.886024e-01
48.9	   4.032412e+00  -9.675881e-01   4.017324e+00  -9.826763e-01   3.982191e+00  -1.017809e+00   4.006636e+00  -9.933641e-01   3.993658e+00  -1.006342e+00
49	   4.012912e+00  -9.870883e-01   4.036381e+00  -9.636185e-01   3.964160e+00  -1.035840e+00   4.024897e+00  -9.751035e-01   3.976677e+00  -1.023323e+00
49.1	   3.993104e+00  -1.006896e+00   4.053787e+00  -9.462132e-01   3.948297e+00  -1.051703e+00   4.042102e+00  -9.578983e-01   3.961325e+00  -1.038675e+00
49.2	   3.974002e+00  -1.025998e+00   4.068479e+00  -9.315213e-01   3.935345e+00  -1.064655e+00   4.057224e+00  -9.427757e-01   3.948303e+00  -1.051697e+00
49.3	   3.956476e+00  -1.043524e+00   4.079481e+00  -9.205192e-01   3.925858e+00  -1.074142e+00   4.069324e+00  -9.306758e-01   3.938173e+00  -1.061827e+00
49.4	   3.941344e+00  -1.058656e+00   4.086019e+00  -9.139807e-01   3.920216e+00  -1.079784e+00   4.077557e+00  -9.224425e-01   3.931296e+00  -1.068704e+00
49.5	   3.929302e+00  -1.070698e+00   4.087526e+00  -9.124736e-01   3.918607e+00  -1.081393e+00   4.081303e+00  -9.186971e-01   3.927889e+00  -1.072111e+00
49.6	   3.920887e+00  -1.079113e+00   4.083736e+00  -9.162640e-01   3.921068e+00  -1.078932e+00   4.080175e+00  -9.198250e-01   3.927997e+00  -1.072003e+00
49.7	   3.916483e+00  -1.083517e+00   4.074829e+00  -9.251712e-01   3.927475e+00  -1.072525e+00   4.074164e+00  -9.258360e-01   3.931599e+00  -1.068401e+00
49.8	   3.916295e+00  -1.083705e+00   4.061472e+00  -9.385285e-01   3.937523e+00  -1.062477e+00   4.063653e+00  -9.363474e-01   3.938478e+00  -1.061522e+00
49.9	   3.920413e+00  -1.079587e+00   4.044652e+00  -9.553476e-01   3.950771e+00  -1.049229e+00   4.049420e+00  -9.505801e-01   3.948297e+00  -1.051703e+00
50	   3.928663e+00  -1.071337e+00   4.025573e+00  -9.744266e-01   3.966623e+00  -1.033377e+00   4.032477e+00  -9.675226e-01   3.960627e+00  -1.039373e+00
50.1	   3.940674e+00  -1.059326e+00   4.005467e+00  -9.945328e-01   3.984411e+00  -1.015589e+00   4.013963e+00  -9.860371e-01   3.974952e+00  -1.025048e+00
50.2	   3.955874e+00  -1.044126e+00   3.985494e+00  -1.014506e+00   4.003292e+00  -9.967080e-01   3.995049e+00  -1.004951e+00   3.990622e+00  -1.009378e+00
50.3	   3.973521e+00  -1.026479e+00   3.966715e+00  -1.033285e+00   4.022370e+00  -9.776297e-01   3.976830e+00  -1.023170e+00   4.006951e+00  -9.930485e-01
50.4	   3.992635e+00  -1.007365e+00   3.950023e+00  -1.049977e+00   4.040622e+00  -9.593776e-01   3.960247e+00  -1.039753e+00   4.023169e+00  -9.768306e-01
50.5	   4.012122e+00  -9.878780e-01   3.936164e+00  -1.063836e+00   4.056958e+00  -9.430418e-01   3.946097e+00  -1.053903e+00   4.038433e+00  -9.615667e-01
50.6	   4.030996e+00  -9.690044e-01   3.925693e+00  -1.074307e+00   4.070338e+00  -9.296618e-01   3.934984e+00  -1.065016e+00   4.051874e+00  -9.481264e-01
50.7	   4.048317e+00  -9.516827e-01   3.919015e+00  -1.080985e+00   4.079765e+00  -9.202351e-01   3.927353e+00  -1.072647e+00   4.062626e+00  -9.373739e-01
50.8	   4.063214e+00  -9.367864e-01   3.916372e+00  -1.083628e+00   4.084536e+00  -9.154640e-01   3.923447e+00  -1.076553e+00   4.069888e+00  -9.301122e-01
50.9	   4.074822e+00  -9.251780e-01   3.917872e+00  -1.082128e+00   4.084195e+00  -9.158050e-01   3.923355e+00  -1.076645e+00   4.073018e+00  -9.269822e-01
51	   4.082221e+00  -9.177789e-01   3.923441e+00  -1.076559e+00   4.078749e+00  -9.212506e-01   3.927026e+00  -1.072974e+00   4.071646e+00  -9.283535e-01
51.1	   4.084876e+00  -9.151244e-01   3.932857e+00  -1.067143e+00   4.068652e+00  -9.313483e-01   3.934272e+00  -1.065728e+00   4.065844e+00  -9.341562e-01
51.2	   4.082635e+00  -9.173652e-01   3.945720e+00  -1.054280e+00   4.054628e+00  -9.453719e-01   3.944733e+00  -1.055267e+00   4.056053e+00  -9.439470e-01
51.3	   4.075553e+00  -9.244471e-01   3.961501e+00  -1.038499e+00   4.037661e+00  -9.623391e-01   3.957947e+00  -1.042053e+00   4.043027e+00  -9.569730e-01
51.4	   4.064146e+00  -9.358541e-01   3.979485e+00  -1.020515e+00   4.018810e+00  -9.811898e-01   3.973333e+00  -1.026667e+00   4.027744e+00  -9.722560e-01
51.5	   4.049259e+00  -9.507412e-01   3.998822e+00  -1.001178e+00   3.999204e+00  -1.000796e+00   3.990199e+00  -1.009801e+00   4.011226e+00  -9.887738e-01
51.6	   4.031909e+00  -9.680913e-01   4.018505e+00  -9.814948e-01   3.979970e+00  -1.020030e+00   4.007755e+00  -9.922452e-01   3.994490e+00  -1.005510e+00
51.7	   4.013124e+00  -9.868760e-01   4.037501e+00  -9.624985e-01   3.962137e+00  -1.037863e+00   4.025133e+00  -9.748668e-01   3.978454e+00  -1.021546e+00
51.8	   3.993974e+00  -1.006026e+00   4.054813e+00  -9.451868e-01   3.946578e+00  -1.053422e+00   4.041422e+00  -9.585784e-01   3.963929e+00  -1.036071e+00
51.9	   3.975449e+00  -1.024551e+00   4.069410e+00  -9.305903e-01   3.934035e+00  -1.065965e+00   4.055694e+00  -9.443056e-01   3.951575e+00  -1.048425e+00
52	   3.958361e+00  -1.041639e+00   4.080340e+00  -9.196595e-01   3.925040e+00  -1.074960e+00   4.067085e+00  -9.329151e-01   3.941891e+00  -1.058109e+00
52.1	   3.943524e+00  -1.056476e+00   4.086799e+00  -9.132011e-01   3.919964e+00  -1.080036e+00   4.074765e+00  -9.252354e-01   3.935233e+00  -1.064767e+00
52.2	   3.931652e+00  -1.068348e+00   4.088221e+00  -9.117792e-01   3.918933e+00  -1.081067e+00   4.078149e+00  -9.218513e-01   3.931783e+00  -1.068217e+00
52.3	   3.923288e+00  -1.076712e+00   4.084348e+00  -9.156515e-01   3.921926e+00  -1.078074e+00   4.076900e+00  -9.231003e-01   3.931570e+00  -1.068430e+00
52.4	   3.918799e+00  -1.081201e+00   4.075292e+00  -9.247084e-01   3.928757e+00  -1.071243e+00   4.070922e+00  -9.290779e-01   3.934559e+00  -1.065441e+00
52.5	   3.918416e+00  -1.081584e+00   4.061649e+00  -9.383510e-01   3.939104e+00  -1.060896e+00   4.060601e+00  -9.393988e-01   3.940556e+00  -1.059444e+00
52.6	   3.922201e+00  -1.077799e+00   4.044411e+00  -9.555893e-01   3.952483e+00  -1.047517e+00   4.046690e+00  -9.533098e-01   3.949281e+00  -1.050719e+00
52.7	   3.930022e+00  -1.069978e+00   4.024809e+00  -9.751910e-01   3.968337e+00  -1.031663e+00   4.030191e+00  -9.698094e-01   3.960398e+00  -1.039602e+00
52.8	   3.941516e+00  -1.058484e+00   4.004163e+00  -9.958368e-01   3.985993e+00  -1.014007e+00   4.012230e+00  -9.877696e-01   3.973457e+00  -1.026543e+00
52.9	   3.956182e+00  -1.043818e+00   3.983739e+00  -1.016261e+00   4.004613e+00  -9.953875e-01   3.993960e+00  -1.006040e+00   3.987937e+00  -1.012063e+00
53	   3.973293e+00  -1.026707e+00   3.964640e+00  -1.035360e+00   4.023339e+00  -9.766607e-01   3.976450e+00  -1.023550e+00   4.003269e+00  -9.967315e-01
53.1	   3.991890e+00  -1.008110e+00   3.947800e+00  -1.052200e+00   4.041180e+00  -9.588197e-01   3.960619e+00  -1.039381e+00   4.018753e+00  -9.812474e-01
53.2	   4.010910e+00  -9.890900e-01   3.933950e+00  -1.066050e+00   4.057102e+00  -9.428976e-01   3.947211e+00  -1.052789e+00   4.033612e+00  -9.663884e-01
53.3	   4.029333e+00  -9.706674e-01   3.923655e+00  -1.076345e+00   4.070081e+00  -9.299194e-01   3.936797e+00  -1.063203e+00   4.046982e+00  -9.530177e-01
53.4	   4.046227e+00  -9.537727e-01   3.917298e+00  -1.082702e+00   4.079146e+00  -9.208542e-01   3.929747e+00  -1.070253e+00   4.058001e+00  -9.419985e-01
53.5	   4.060640e+00  -9.393600e-01   3.915105e+00  -1.084895e+00   4.083558e+00  -9.164424e-01   3.926279e+00  -1.073721e+00   4.065822e+00  -9.341776e-01
53.6	   4.071696e+00  -9.283037e-01   3.917111e+00  -1.082889e+00   4.082982e+00  -9.170176e-01   3.926440e+00  -1.073560e+00   4.069783e+00  -9.302174e-01
53.7	   4.078680e+00  -9.213196e-01   3.923216e+00  -1.076784e+00   4.077321e+00  -9.226785e-01   3.930143e+00  -1.069857e+00   4.069482e+00  -9.305182e-01
53.8	   4.081232e+00  -9.187678e-01   3.933144e+00  -1.066856e+00   4.066988e+00  -9.330122e-01   3.937128e+00  -1.062872e+00   4.064861e+00  -9.351392e-01
53.9	   4.079200e+00  -9.208003e-01   3.946480e+00  -1.053520e+00   4.052752e+00  -9.472485e-01   3.947097e+00  -1.052903e+00   4.056282e+00  -9.437179e-01
54	   4.072601e+00  -9.273993e-01   3.962629e+00  -1.037371e+00   4.035634e+00  -9.643659e-01   3.959607e+00  -1.040393e+00   4.044420e+00  -9.555799e-01
54.1	   4.061806e+00  -9.381942e-01   3.980842e+00  -1.019158e+00   4.016729e+00  -9.832710e-01   3.974105e+00  -1.025895e+00   4.030153e+00  -9.698473e-01
54.2	   4.047632e+00  -9.523682e-01   4.000288e+00  -9.997117e-01   3.997186e+00  -1.002814e+00   3.989950e+00  -1.010050e+00   4.014455e+00  -9.855453e-01
