           0.1	(   1.146642e+00   0.000000e+00  2.505439e-05) (   5.733208e+00   0.000000e+00  3.306137e-06) (   1.146642e+01   0.000000e+00  3.612056e-07) (   1.719963e+01   0.000000e+00  3.984488e-08) (   2.293283e+01   0.000000e+00  4.402679e-09) 
0.2	(   1.146642e+00   0.000000e+00  1.745652e-04) (   5.733208e+00   0.000000e+00  2.265021e-05) (   1.146642e+01   0.000000e+00  2.501766e-06) (   1.719963e+01   0.000000e+00  2.794659e-07) (   2.293283e+01   0.000000e+00  3.127238e-08) 
0.3	(   1.146642e+00   0.000000e+00  5.109021e-04) (   5.733208e+00   0.000000e+00  6.559781e-05) (   1.146642e+01   0.000000e+00  7.362984e-06) (   1.719963e+01   0.000000e+00  8.369243e-07) (   2.293283e+01   0.000000e+00  9.525878e-08) 
0.4	(   1.146642e+00   0.000000e+00  1.069561e-03) (   5.733208e+00   0.000000e+00  1.368948e-04) (   1.146642e+01   0.000000e+00  1.570012e-05) (   1.719963e+01   0.000000e+00  1.824561e-06) (   2.293283e+01   0.000000e+00  2.121243e-07) 
0.5	(   1.146642e+00   0.000000e+00  1.877643e-03) (   5.733208e+00   0.000000e+00  2.416588e-04) (   1.146642e+01   0.000000e+00  2.846133e-05) (   1.719963e+01   0.000000e+00  3.395388e-06) (   2.293283e+01   0.000000e+00  4.045502e-07) 
0.6	(   1.146642e+00   0.000000e+00  2.945811e-03) (   5.733208e+00   0.000000e+00  3.848703e-04) (   1.146642e+01   0.000000e+00  4.676184e-05) (   1.719963e+01   0.000000e+00  5.745824e-06) (   2.293283e+01   0.000000e+00  7.033362e-07) 
0.7	(   1.146642e+00   0.000000e+00  4.253059e-03) (   5.733208e+00   0.000000e+00  5.699634e-04) (   1.146642e+01   0.000000e+00  7.175812e-05) (   1.719963e+01   0.000000e+00  9.108075e-06) (   2.293283e+01   0.000000e+00  1.147666e-06) 
0.8	(   1.146642e+00   0.000000e+00  5.736468e-03) (   5.733208e+00   0.000000e+00  7.980662e-04) (   1.146642e+01   0.000000e+00  1.045836e-04) (   1.719963e+01   0.000000e+00  1.374943e-05) (   2.293283e+01   0.000000e+00  1.786330e-06) 
0.9	(   1.146642e+00   0.000000e+00  7.284017e-03) (   5.733208e+00   0.000000e+00  1.067563e-03) (   1.146642e+01   0.000000e+00  1.463128e-04) (   1.719963e+01   0.000000e+00  1.997515e-05) (   2.293283e+01   0.000000e+00  2.679626e-06) 
1	(   1.146642e+00   0.000000e+00  8.737782e-03) (   5.733208e+00   0.000000e+00  1.374578e-03) (   1.146642e+01   0.000000e+00  1.979925e-04) (   1.719963e+01   0.000000e+00  2.813649e-05) (   2.293283e+01   0.000000e+00  3.901779e-06) 
1.1	(   1.146642e+00   0.000000e+00  9.906685e-03) (   5.733208e+00   0.000000e+00  1.714315e-03) (   1.146642e+01   0.000000e+00  2.607763e-04) (   1.719963e+01   0.000000e+00  3.865206e-05) (   2.293283e+01   0.000000e+00  5.545367e-06) 
1.2	(   1.146642e+00   0.000000e+00  1.053902e-02) (   5.733208e+00   0.000000e+00  2.076155e-03) (   1.146642e+01   0.000000e+00  3.353578e-04) (   1.719963e+01   0.000000e+00  5.195167e-05) (   2.293283e+01   0.000000e+00  7.717447e-06) 
1.3	(   1.146642e+00   0.000000e+00  1.043106e-02) (   5.733208e+00   0.000000e+00  2.446919e-03) (   1.146642e+01   0.000000e+00  4.222480e-04) (   1.719963e+01   0.000000e+00  6.850881e-05) (   2.293283e+01   0.000000e+00  1.054534e-05) 
1.4	(   1.146642e+00   0.000000e+00  9.319967e-03) (   5.733208e+00   0.000000e+00  2.813243e-03) (   1.146642e+01   0.000000e+00  5.219608e-04) (   1.719963e+01   0.000000e+00  8.886265e-05) (   2.293283e+01   0.000000e+00  1.418157e-05) 
1.5	(   1.146642e+00   0.000000e+00  7.051370e-03) (   5.733208e+00   0.000000e+00  3.158086e-03) (   1.146642e+01   0.000000e+00  6.345651e-04) (   1.719963e+01   0.000000e+00  1.135700e-04) (   2.293283e+01   0.000000e+00  1.880156e-05) 
1.6	(   1.146642e+00   0.000000e+00  3.534734e-03) (   5.733208e+00   0.000000e+00  3.452960e-03) (   1.146642e+01   0.000000e+00  7.587202e-04) (   1.719963e+01   0.000000e+00  1.430915e-04) (   2.293283e+01   0.000000e+00  2.459308e-05) 
1.7	(   1.146642e+00   0.000000e+00 -1.132416e-03) (   5.733208e+00   0.000000e+00  3.668582e-03) (   1.146642e+01   0.000000e+00  8.927759e-04) (   1.719963e+01   0.000000e+00  1.779013e-04) (   2.293283e+01   0.000000e+00  3.177080e-05) 
1.8	(   1.146642e+00   0.000000e+00 -6.649363e-03) (   5.733208e+00   0.000000e+00  3.777628e-03) (   1.146642e+01   0.000000e+00  1.034674e-03) (   1.719963e+01   0.000000e+00  2.184606e-04) (   2.293283e+01   0.000000e+00  4.057518e-05) 
1.9	(   1.146642e+00   0.000000e+00 -1.259356e-02) (   5.733208e+00   0.000000e+00  3.751526e-03) (   1.146642e+01   0.000000e+00  1.181458e-03) (   1.719963e+01   0.000000e+00  2.651482e-04) (   2.293283e+01   0.000000e+00  5.126697e-05) 
2	(   1.146642e+00   0.000000e+00 -1.847339e-02) (   5.733208e+00   0.000000e+00  3.558878e-03) (   1.146642e+01   0.000000e+00  1.329857e-03) (   1.719963e+01   0.000000e+00  3.182909e-04) (   2.293283e+01   0.000000e+00  6.412934e-05) 
2.1	(   1.146642e+00   0.000000e+00 -2.385122e-02) (   5.733208e+00   0.000000e+00  3.175343e-03) (   1.146642e+01   0.000000e+00  1.475628e-03) (   1.719963e+01   0.000000e+00  3.780745e-04) (   2.293283e+01   0.000000e+00  7.945967e-05) 
2.2	(   1.146642e+00   0.000000e+00 -2.827830e-02) (   5.733208e+00   0.000000e+00  2.574250e-03) (   1.146642e+01   0.000000e+00  1.613008e-03) (   1.719963e+01   0.000000e+00  4.444480e-04) (   2.293283e+01   0.000000e+00  9.755718e-05) 
2.3	(   1.146642e+00   0.000000e+00 -3.134968e-02) (   5.733208e+00   0.000000e+00  1.734244e-03) (   1.146642e+01   0.000000e+00  1.735239e-03) (   1.719963e+01   0.000000e+00  5.171380e-04) (   2.293283e+01   0.000000e+00  1.187213e-04) 
2.4	(   1.146642e+00   0.000000e+00 -3.272000e-02) (   5.733208e+00   0.000000e+00  6.417116e-04) (   1.146642e+01   0.000000e+00  1.834420e-03) (   1.719963e+01   0.000000e+00  5.956045e-04) (   2.293283e+01   0.000000e+00  1.432414e-04) 
2.5	(   1.146642e+00   0.000000e+00 -3.212948e-02) (   5.733208e+00   0.000000e+00 -7.061122e-04) (   1.146642e+01   0.000000e+00  1.901964e-03) (   1.719963e+01   0.000000e+00  6.790007e-04) (   2.293283e+01   0.000000e+00  1.713870e-04) 
2.6	(   1.146642e+00   0.000000e+00 -2.930756e-02) (   5.733208e+00   0.000000e+00 -2.301636e-03) (   1.146642e+01   0.000000e+00  1.929470e-03) (   1.719963e+01   0.000000e+00  7.660844e-04) (   2.293283e+01   0.000000e+00  2.033847e-04) 
2.7	(   1.146642e+00   0.000000e+00 -2.431973e-02) (   5.733208e+00   0.000000e+00 -4.125143e-03) (   1.146642e+01   0.000000e+00  1.906187e-03) (   1.719963e+01   0.000000e+00  8.551660e-04) (   2.293283e+01   0.000000e+00  2.394028e-04) 
2.8	(   1.146642e+00   0.000000e+00 -1.742840e-02) (   5.733208e+00   0.000000e+00 -6.140843e-03) (   1.146642e+01   0.000000e+00  1.819538e-03) (   1.719963e+01   0.000000e+00  9.440817e-04) (   2.293283e+01   0.000000e+00  2.795330e-04) 
2.9	(   1.146642e+00   0.000000e+00 -8.983853e-03) (   5.733208e+00   0.000000e+00 -8.278804e-03) (   1.146642e+01   0.000000e+00  1.660284e-03) (   1.719963e+01   0.000000e+00  1.030350e-03) (   2.293283e+01   0.000000e+00  3.237920e-04) 
3	(   1.146642e+00   0.000000e+00  5.869538e-04) (   5.733208e+00   0.000000e+00 -1.045006e-02) (   1.146642e+01   0.000000e+00  1.420567e-03) (   1.719963e+01   0.000000e+00  1.111104e-03) (   2.293283e+01   0.000000e+00  3.720871e-04) 
3.1	(   1.146642e+00   0.000000e+00  1.070076e-02) (   5.733208e+00   0.000000e+00 -1.254535e-02) (   1.146642e+01   0.000000e+00  1.092109e-03) (   1.719963e+01   0.000000e+00  1.182776e-03) (   2.293283e+01   0.000000e+00  4.241686e-04) 
3.2	(   1.146642e+00   0.000000e+00  2.072364e-02) (   5.733208e+00   0.000000e+00 -1.444156e-02) (   1.146642e+01   0.000000e+00  6.676535e-04) (   1.719963e+01   0.000000e+00  1.241129e-03) (   2.293283e+01   0.000000e+00  4.796153e-04) 
3.3	(   1.146642e+00   0.000000e+00  3.004577e-02) (   5.733208e+00   0.000000e+00 -1.599430e-02) (   1.146642e+01   0.000000e+00  1.430288e-04) (   1.719963e+01   0.000000e+00  1.281684e-03) (   2.293283e+01   0.000000e+00  5.378254e-04) 
3.4	(   1.146642e+00   0.000000e+00  3.823124e-02) (   5.733208e+00   0.000000e+00 -1.704221e-02) (   1.146642e+01   0.000000e+00 -4.818620e-04) (   1.719963e+01   0.000000e+00  1.300245e-03) (   2.293283e+01   0.000000e+00  5.979970e-04) 
3.5	(   1.146642e+00   0.000000e+00  4.485378e-02) (   5.733208e+00   0.000000e+00 -1.743897e-02) (   1.146642e+01   0.000000e+00 -1.202636e-03) (   1.719963e+01   0.000000e+00  1.291807e-03) (   2.293283e+01   0.000000e+00  6.591034e-04) 
3.6	(   1.146642e+00   0.000000e+00  4.946495e-02) (   5.733208e+00   0.000000e+00 -1.703608e-02) (   1.146642e+01   0.000000e+00 -2.010287e-03) (   1.719963e+01   0.000000e+00  1.250256e-03) (   2.293283e+01   0.000000e+00  7.198721e-04) 
3.7	(   1.146642e+00   0.000000e+00  5.169902e-02) (   5.733208e+00   0.000000e+00 -1.567107e-02) (   1.146642e+01   0.000000e+00 -2.890704e-03) (   1.719963e+01   0.000000e+00  1.170527e-03) (   2.293283e+01   0.000000e+00  7.787682e-04) 
3.8	(   1.146642e+00   0.000000e+00  5.133784e-02) (   5.733208e+00   0.000000e+00 -1.326155e-02) (   1.146642e+01   0.000000e+00 -3.824196e-03) (   1.719963e+01   0.000000e+00  1.047654e-03) (   2.293283e+01   0.000000e+00  8.339883e-04) 
3.9	(   1.146642e+00   0.000000e+00  4.799955e-02) (   5.733208e+00   0.000000e+00 -9.778271e-03) (   1.146642e+01   0.000000e+00 -4.785900e-03) (   1.719963e+01   0.000000e+00  8.771146e-04) (   2.293283e+01   0.000000e+00  8.834243e-04) 
4	(   1.146642e+00   0.000000e+00  4.176183e-02) (   5.733208e+00   0.000000e+00 -5.262523e-03) (   1.146642e+01   0.000000e+00 -5.748399e-03) (   1.719963e+01   0.000000e+00  6.551921e-04) (   2.293283e+01   0.000000e+00  9.246652e-04) 
4.1	(   1.146642e+00   0.000000e+00  3.299208e-02) (   5.733208e+00   0.000000e+00  1.661562e-04) (   1.146642e+01   0.000000e+00 -6.672866e-03) (   1.719963e+01   0.000000e+00  3.792477e-04) (   2.293283e+01   0.000000e+00  9.551300e-04) 
4.2	(   1.146642e+00   0.000000e+00  2.184852e-02) (   5.733208e+00   0.000000e+00  6.298113e-03) (   1.146642e+01   0.000000e+00 -7.515010e-03) (   1.719963e+01   0.000000e+00  4.794733e-05) (   2.293283e+01   0.000000e+00  9.722548e-04) 
4.3	(   1.146642e+00   0.000000e+00  8.573438e-03) (   5.733208e+00   0.000000e+00  1.282241e-02) (   1.146642e+01   0.000000e+00 -8.229414e-03) (   1.719963e+01   0.000000e+00 -3.386805e-04) (   2.293283e+01   0.000000e+00  9.733400e-04) 
4.4	(   1.146642e+00   0.000000e+00 -6.266283e-03) (   5.733208e+00   0.000000e+00  1.936588e-02) (   1.146642e+01   0.000000e+00 -8.767124e-03) (   1.719963e+01   0.000000e+00 -7.786782e-04) (   2.293283e+01   0.000000e+00  9.545401e-04) 
4.5	(   1.146642e+00   0.000000e+00 -2.171941e-02) (   5.733208e+00   0.000000e+00  2.549811e-02) (   1.146642e+01   0.000000e+00 -9.080409e-03) (   1.719963e+01   0.000000e+00 -1.267624e-03) (   2.293283e+01   0.000000e+00  9.127301e-04) 
4.6	(   1.146642e+00   0.000000e+00 -3.685022e-02) (   5.733208e+00   0.000000e+00  3.083057e-02) (   1.146642e+01   0.000000e+00 -9.127037e-03) (   1.719963e+01   0.000000e+00 -1.798592e-03) (   2.293283e+01   0.000000e+00  8.447824e-04) 
4.7	(   1.146642e+00   0.000000e+00 -5.113126e-02) (   5.733208e+00   0.000000e+00  3.494060e-02) (   1.146642e+01   0.000000e+00 -8.854051e-03) (   1.719963e+01   0.000000e+00 -2.362593e-03) (   2.293283e+01   0.000000e+00  7.477174e-04) 
4.8	(   1.146642e+00   0.000000e+00 -6.364182e-02) (   5.733208e+00   0.000000e+00  3.742934e-02) (   1.146642e+01   0.000000e+00 -8.229749e-03) (   1.719963e+01   0.000000e+00 -2.947997e-03) (   2.293283e+01   0.000000e+00  6.188968e-04) 
4.9	(   1.146642e+00   0.000000e+00 -7.324401e-02) (   5.733208e+00   0.000000e+00  3.802927e-02) (   1.146642e+01   0.000000e+00 -7.228530e-03) (   1.719963e+01   0.000000e+00 -3.540252e-03) (   2.293283e+01   0.000000e+00  4.561641e-04) 
5	(   1.146642e+00   0.000000e+00 -7.896953e-02) (   5.733208e+00   0.000000e+00  3.640063e-02) (   1.146642e+01   0.000000e+00 -5.837577e-03) (   1.719963e+01   0.000000e+00 -4.124982e-03) (   2.293283e+01   0.000000e+00  2.580109e-04) 
5.1	(   1.146642e+00   0.000000e+00 -8.016553e-02) (   5.733208e+00   0.000000e+00  3.245750e-02) (   1.146642e+01   0.000000e+00 -4.060247e-03) (   1.719963e+01   0.000000e+00 -4.679845e-03) (   2.293283e+01   0.000000e+00  2.367542e-05) 
5.2	(   1.146642e+00   0.000000e+00 -7.633460e-02) (   5.733208e+00   0.000000e+00  2.619930e-02) (   1.146642e+01   0.000000e+00 -1.922585e-03) (   1.719963e+01   0.000000e+00 -5.183016e-03) (   2.293283e+01   0.000000e+00 -2.467501e-04) 
5.3	(   1.146642e+00   0.000000e+00 -6.741236e-02) (   5.733208e+00   0.000000e+00  1.774820e-02) (   1.146642e+01   0.000000e+00  5.295273e-04) (   1.719963e+01   0.000000e+00 -5.610610e-03) (   2.293283e+01   0.000000e+00 -5.521088e-04) 
5.4	(   1.146642e+00   0.000000e+00 -5.398199e-02) (   5.733208e+00   0.000000e+00  7.434025e-03) (   1.146642e+01   0.000000e+00  3.230589e-03) (   1.719963e+01   0.000000e+00 -5.937748e-03) (   2.293283e+01   0.000000e+00 -8.900246e-04) 
5.5	(   1.146642e+00   0.000000e+00 -3.733381e-02) (   5.733208e+00   0.000000e+00 -4.252626e-03) (   1.146642e+01   0.000000e+00  6.091244e-03) (   1.719963e+01   0.000000e+00 -6.142052e-03) (   2.293283e+01   0.000000e+00 -1.256818e-03) 
5.6	(   1.146642e+00   0.000000e+00 -1.900043e-02) (   5.733208e+00   0.000000e+00 -1.667484e-02) (   1.146642e+01   0.000000e+00  9.000526e-03) (   1.719963e+01   0.000000e+00 -6.204832e-03) (   2.293283e+01   0.000000e+00 -1.647408e-03) 
5.7	(   1.146642e+00   0.000000e+00  4.236933e-04) (   5.733208e+00   0.000000e+00 -2.910156e-02) (   1.146642e+01   0.000000e+00  1.182916e-02) (   1.719963e+01   0.000000e+00 -6.101201e-03) (   2.293283e+01   0.000000e+00 -2.055248e-03) 
5.8	(   1.146642e+00   0.000000e+00  1.979454e-02) (   5.733208e+00   0.000000e+00 -4.095927e-02) (   1.146642e+01   0.000000e+00  1.442831e-02) (   1.719963e+01   0.000000e+00 -5.813445e-03) (   2.293283e+01   0.000000e+00 -2.472370e-03) 
5.9	(   1.146642e+00   0.000000e+00  3.797630e-02) (   5.733208e+00   0.000000e+00 -5.140796e-02) (   1.146642e+01   0.000000e+00  1.663087e-02) (   1.719963e+01   0.000000e+00 -5.330161e-03) (   2.293283e+01   0.000000e+00 -2.890014e-03) 
6	(   1.146642e+00   0.000000e+00  5.467649e-02) (   5.733208e+00   0.000000e+00 -5.947771e-02) (   1.146642e+01   0.000000e+00  1.827901e-02) (   1.719963e+01   0.000000e+00 -4.644167e-03) (   2.293283e+01   0.000000e+00 -3.297958e-03) 
6.1	(   1.146642e+00   0.000000e+00  6.910437e-02) (   5.733208e+00   0.000000e+00 -6.442554e-02) (   1.146642e+01   0.000000e+00  1.924792e-02) (   1.719963e+01   0.000000e+00 -3.755236e-03) (   2.293283e+01   0.000000e+00 -3.682541e-03) 
6.2	(   1.146642e+00   0.000000e+00  8.016937e-02) (   5.733208e+00   0.000000e+00 -6.584520e-02) (   1.146642e+01   0.000000e+00  1.942873e-02) (   1.719963e+01   0.000000e+00 -2.671239e-03) (   2.293283e+01   0.000000e+00 -4.030270e-03) 
6.3	(   1.146642e+00   0.000000e+00  8.696085e-02) (   5.733208e+00   0.000000e+00 -6.343991e-02) (   1.146642e+01   0.000000e+00  1.866268e-02) (   1.719963e+01   0.000000e+00 -1.408940e-03) (   2.293283e+01   0.000000e+00 -4.326762e-03) 
6.4	(   1.146642e+00   0.000000e+00  8.902072e-02) (   5.733208e+00   0.000000e+00 -5.713134e-02) (   1.146642e+01   0.000000e+00  1.685263e-02) (   1.719963e+01   0.000000e+00  5.654359e-06) (   2.293283e+01   0.000000e+00 -4.557587e-03) 
6.5	(   1.146642e+00   0.000000e+00  8.603385e-02) (   5.733208e+00   0.000000e+00 -4.734780e-02) (   1.146642e+01   0.000000e+00  1.396087e-02) (   1.719963e+01   0.000000e+00  1.537031e-03) (   2.293283e+01   0.000000e+00 -4.709557e-03) 
6.6	(   1.146642e+00   0.000000e+00  7.816660e-02) (   5.733208e+00   0.000000e+00 -3.487148e-02) (   1.146642e+01   0.000000e+00  9.996240e-03) (   1.719963e+01   0.000000e+00  3.140358e-03) (   2.293283e+01   0.000000e+00 -4.771589e-03) 
6.7	(   1.146642e+00   0.000000e+00  6.596639e-02) (   5.733208e+00   0.000000e+00 -2.043679e-02) (   1.146642e+01   0.000000e+00  5.020471e-03) (   1.719963e+01   0.000000e+00  4.761661e-03) (   2.293283e+01   0.000000e+00 -4.730877e-03) 
6.8	(   1.146642e+00   0.000000e+00  5.007570e-02) (   5.733208e+00   0.000000e+00 -4.579909e-03) (   1.146642e+01   0.000000e+00 -8.436164e-04) (   1.719963e+01   0.000000e+00  6.338763e-03) (   2.293283e+01   0.000000e+00 -4.575291e-03) 
6.9	(   1.146642e+00   0.000000e+00  3.161676e-02) (   5.733208e+00   0.000000e+00  1.184813e-02) (   1.146642e+01   0.000000e+00 -7.401750e-03) (   1.719963e+01   0.000000e+00  7.802982e-03) (   2.293283e+01   0.000000e+00 -4.298570e-03) 
7	(   1.146642e+00   0.000000e+00  1.153437e-02) (   5.733208e+00   0.000000e+00  2.795955e-02) (   1.146642e+01   0.000000e+00 -1.439045e-02) (   1.719963e+01   0.000000e+00  9.080880e-03) (   2.293283e+01   0.000000e+00 -3.896484e-03) 
7.1	(   1.146642e+00   0.000000e+00 -9.254594e-03) (   5.733208e+00   0.000000e+00  4.298050e-02) (   1.146642e+01   0.000000e+00 -2.148287e-02) (   1.719963e+01   0.000000e+00  1.009552e-02) (   2.293283e+01   0.000000e+00 -3.368325e-03) 
7.2	(   1.146642e+00   0.000000e+00 -2.934779e-02) (   5.733208e+00   0.000000e+00  5.639489e-02) (   1.146642e+01   0.000000e+00 -2.833152e-02) (   1.719963e+01   0.000000e+00  1.077738e-02) (   2.293283e+01   0.000000e+00 -2.717506e-03) 
7.3	(   1.146642e+00   0.000000e+00 -4.820484e-02) (   5.733208e+00   0.000000e+00  6.734846e-02) (   1.146642e+01   0.000000e+00 -3.455920e-02) (   1.719963e+01   0.000000e+00  1.107081e-02) (   2.293283e+01   0.000000e+00 -1.952192e-03) 
7.4	(   1.146642e+00   0.000000e+00 -6.522137e-02) (   5.733208e+00   0.000000e+00  7.506651e-02) (   1.146642e+01   0.000000e+00 -3.971467e-02) (   1.719963e+01   0.000000e+00  1.091600e-02) (   2.293283e+01   0.000000e+00 -1.085597e-03) 
7.5	(   1.146642e+00   0.000000e+00 -7.943936e-02) (   5.733208e+00   0.000000e+00  7.900809e-02) (   1.146642e+01   0.000000e+00 -4.328525e-02) (   1.719963e+01   0.000000e+00  1.024203e-02) (   2.293283e+01   0.000000e+00 -1.360696e-04) 
7.6	(   1.146642e+00   0.000000e+00 -8.988669e-02) (   5.733208e+00   0.000000e+00  7.890762e-02) (   1.146642e+01   0.000000e+00 -4.485294e-02) (   1.719963e+01   0.000000e+00  9.020891e-03) (   2.293283e+01   0.000000e+00  8.729051e-04) 
7.7	(   1.146642e+00   0.000000e+00 -9.547047e-02) (   5.733208e+00   0.000000e+00  7.438076e-02) (   1.146642e+01   0.000000e+00 -4.410570e-02) (   1.719963e+01   0.000000e+00  7.239436e-03) (   2.293283e+01   0.000000e+00  1.912871e-03) 
7.8	(   1.146642e+00   0.000000e+00 -9.508668e-02) (   5.733208e+00   0.000000e+00  6.571585e-02) (   1.146642e+01   0.000000e+00 -4.064166e-02) (   1.719963e+01   0.000000e+00  4.907650e-03) (   2.293283e+01   0.000000e+00  2.950848e-03) 
7.9	(   1.146642e+00   0.000000e+00 -8.783145e-02) (   5.733208e+00   0.000000e+00  5.334501e-02) (   1.146642e+01   0.000000e+00 -3.474517e-02) (   1.719963e+01   0.000000e+00  2.062075e-03) (   2.293283e+01   0.000000e+00  3.949791e-03) 
8	(   1.146642e+00   0.000000e+00 -7.497675e-02) (   5.733208e+00   0.000000e+00  3.789094e-02) (   1.146642e+01   0.000000e+00 -2.669435e-02) (   1.719963e+01   0.000000e+00 -1.233087e-03) (   2.293283e+01   0.000000e+00  4.869732e-03) 
8.1	(   1.146642e+00   0.000000e+00 -5.839712e-02) (   5.733208e+00   0.000000e+00  2.025113e-02) (   1.146642e+01   0.000000e+00 -1.662159e-02) (   1.719963e+01   0.000000e+00 -4.883735e-03) (   2.293283e+01   0.000000e+00  5.668254e-03) 
8.2	(   1.146642e+00   0.000000e+00 -3.961177e-02) (   5.733208e+00   0.000000e+00  7.813881e-04) (   1.146642e+01   0.000000e+00 -5.005378e-03) (   1.719963e+01   0.000000e+00 -8.766247e-03) (   2.293283e+01   0.000000e+00  6.301548e-03) 
8.3	(   1.146642e+00   0.000000e+00 -1.995172e-02) (   5.733208e+00   0.000000e+00 -1.948204e-02) (   1.146642e+01   0.000000e+00  7.550700e-03) (   1.719963e+01   0.000000e+00 -1.273005e-02) (   2.293283e+01   0.000000e+00  6.730611e-03) 
8.4	(   1.146642e+00   0.000000e+00  4.964516e-04) (   5.733208e+00   0.000000e+00 -3.954792e-02) (   1.146642e+01   0.000000e+00  2.035840e-02) (   1.719963e+01   0.000000e+00 -1.660133e-02) (   2.293283e+01   0.000000e+00  6.924460e-03) 
8.5	(   1.146642e+00   0.000000e+00  2.061805e-02) (   5.733208e+00   0.000000e+00 -5.864266e-02) (   1.146642e+01   0.000000e+00  3.266068e-02) (   1.719963e+01   0.000000e+00 -2.019688e-02) (   2.293283e+01   0.000000e+00  6.849079e-03) 
8.6	(   1.146642e+00   0.000000e+00  3.917384e-02) (   5.733208e+00   0.000000e+00 -7.517318e-02) (   1.146642e+01   0.000000e+00  4.405229e-02) (   1.719963e+01   0.000000e+00 -2.331954e-02) (   2.293283e+01   0.000000e+00  6.463036e-03) 
8.7	(   1.146642e+00   0.000000e+00  5.588105e-02) (   5.733208e+00   0.000000e+00 -8.753801e-02) (   1.146642e+01   0.000000e+00  5.389293e-02) (   1.719963e+01   0.000000e+00 -2.573342e-02) (   2.293283e+01   0.000000e+00  5.751003e-03) 
8.8	(   1.146642e+00   0.000000e+00  7.003806e-02) (   5.733208e+00   0.000000e+00 -9.458040e-02) (   1.146642e+01   0.000000e+00  6.138444e-02) (   1.719963e+01   0.000000e+00 -2.725564e-02) (   2.293283e+01   0.000000e+00  4.704690e-03) 
8.9	(   1.146642e+00   0.000000e+00  8.073284e-02) (   5.733208e+00   0.000000e+00 -9.578738e-02) (   1.146642e+01   0.000000e+00  6.583554e-02) (   1.719963e+01   0.000000e+00 -2.775154e-02) (   2.293283e+01   0.000000e+00  3.327941e-03) 
9	(   1.146642e+00   0.000000e+00  8.722192e-02) (   5.733208e+00   0.000000e+00 -9.072662e-02) (   1.146642e+01   0.000000e+00  6.681128e-02) (   1.719963e+01   0.000000e+00 -2.707964e-02) (   2.293283e+01   0.000000e+00  1.638308e-03) 
9.1	(   1.146642e+00   0.000000e+00  8.910561e-02) (   5.733208e+00   0.000000e+00 -7.978409e-02) (   1.146642e+01   0.000000e+00  6.387975e-02) (   1.719963e+01   0.000000e+00 -2.510729e-02) (   2.293283e+01   0.000000e+00 -3.316603e-04) 
9.2	(   1.146642e+00   0.000000e+00  8.612850e-02) (   5.733208e+00   0.000000e+00 -6.408748e-02) (   1.146642e+01   0.000000e+00  5.707708e-02) (   1.719963e+01   0.000000e+00 -2.182268e-02) (   2.293283e+01   0.000000e+00 -2.534180e-03) 
9.3	(   1.146642e+00   0.000000e+00  7.851051e-02) (   5.733208e+00   0.000000e+00 -4.502652e-02) (   1.146642e+01   0.000000e+00  4.680737e-02) (   1.719963e+01   0.000000e+00 -1.726905e-02) (   2.293283e+01   0.000000e+00 -4.906387e-03) 
9.4	(   1.146642e+00   0.000000e+00  6.674262e-02) (   5.733208e+00   0.000000e+00 -2.448347e-02) (   1.146642e+01   0.000000e+00  3.396168e-02) (   1.719963e+01   0.000000e+00 -1.156157e-02) (   2.293283e+01   0.000000e+00 -7.370875e-03) 
9.5	(   1.146642e+00   0.000000e+00  5.133885e-02) (   5.733208e+00   0.000000e+00 -3.279391e-03) (   1.146642e+01   0.000000e+00  1.904600e-02) (   1.719963e+01   0.000000e+00 -4.886912e-03) (   2.293283e+01   0.000000e+00 -9.836979e-03) 
9.6	(   1.146642e+00   0.000000e+00  3.325754e-02) (   5.733208e+00   0.000000e+00  1.759207e-02) (   1.146642e+01   0.000000e+00  2.311183e-03) (   1.719963e+01   0.000000e+00  2.502484e-03) (   2.293283e+01   0.000000e+00 -1.220371e-02) 
9.7	(   1.146642e+00   0.000000e+00  1.344940e-02) (   5.733208e+00   0.000000e+00  3.699594e-02) (   1.146642e+01   0.000000e+00 -1.534868e-02) (   1.719963e+01   0.000000e+00  1.029661e-02) (   2.293283e+01   0.000000e+00 -1.436249e-02) 
9.8	(   1.146642e+00   0.000000e+00 -7.261141e-03) (   5.733208e+00   0.000000e+00  5.442662e-02) (   1.146642e+01   0.000000e+00 -3.299921e-02) (   1.719963e+01   0.000000e+00  1.813923e-02) (   2.293283e+01   0.000000e+00 -1.620052e-02) 
9.9	(   1.146642e+00   0.000000e+00 -2.742964e-02) (   5.733208e+00   0.000000e+00  6.910912e-02) (   1.146642e+01   0.000000e+00 -5.031381e-02) (   1.719963e+01   0.000000e+00  2.563374e-02) (   2.293283e+01   0.000000e+00 -1.761333e-02) 
10	(   1.146642e+00   0.000000e+00 -4.643063e-02) (   5.733208e+00   0.000000e+00  8.013531e-02) (   1.146642e+01   0.000000e+00 -6.611203e-02) (   1.719963e+01   0.000000e+00  3.236053e-02) (   2.293283e+01   0.000000e+00 -1.849168e-02) 
10.1	(   1.146642e+00   0.000000e+00 -6.375312e-02) (   5.733208e+00   0.000000e+00  8.686541e-02) (   1.146642e+01   0.000000e+00 -7.872458e-02) (   1.719963e+01   0.000000e+00  3.800395e-02) (   2.293283e+01   0.000000e+00 -1.876330e-02) 
10.2	(   1.146642e+00   0.000000e+00 -7.838673e-02) (   5.733208e+00   0.000000e+00  8.899171e-02) (   1.146642e+01   0.000000e+00 -8.677148e-02) (   1.719963e+01   0.000000e+00  4.219800e-02) (   2.293283e+01   0.000000e+00 -1.834136e-02) 
10.3	(   1.146642e+00   0.000000e+00 -8.925669e-02) (   5.733208e+00   0.000000e+00  8.633845e-02) (   1.146642e+01   0.000000e+00 -8.942253e-02) (   1.719963e+01   0.000000e+00  4.462239e-02) (   2.293283e+01   0.000000e+00 -1.715988e-02) 
10.4	(   1.146642e+00   0.000000e+00 -9.525515e-02) (   5.733208e+00   0.000000e+00  7.899232e-02) (   1.146642e+01   0.000000e+00 -8.629885e-02) (   1.719963e+01   0.000000e+00  4.505236e-02) (   2.293283e+01   0.000000e+00 -1.520671e-02) 
10.5	(   1.146642e+00   0.000000e+00 -9.537808e-02) (   5.733208e+00   0.000000e+00  6.757357e-02) (   1.146642e+01   0.000000e+00 -7.739810e-02) (   1.719963e+01   0.000000e+00  4.318114e-02) (   2.293283e+01   0.000000e+00 -1.249668e-02) 
10.6	(   1.146642e+00   0.000000e+00 -8.873101e-02) (   5.733208e+00   0.000000e+00  5.278854e-02) (   1.146642e+01   0.000000e+00 -6.377033e-02) (   1.719963e+01   0.000000e+00  3.893579e-02) (   2.293283e+01   0.000000e+00 -9.080639e-03) 
10.7	(   1.146642e+00   0.000000e+00 -7.640145e-02) (   5.733208e+00   0.000000e+00  3.549543e-02) (   1.146642e+01   0.000000e+00 -4.675956e-02) (   1.719963e+01   0.000000e+00  3.252228e-02) (   2.293283e+01   0.000000e+00 -5.046802e-03) 
10.8	(   1.146642e+00   0.000000e+00 -6.016227e-02) (   5.733208e+00   0.000000e+00  1.661232e-02) (   1.146642e+01   0.000000e+00 -2.839346e-02) (   1.719963e+01   0.000000e+00  2.397892e-02) (   2.293283e+01   0.000000e+00 -5.200237e-04) 
10.9	(   1.146642e+00   0.000000e+00 -4.152274e-02) (   5.733208e+00   0.000000e+00 -3.421063e-03) (   1.146642e+01   0.000000e+00 -9.079419e-03) (   1.719963e+01   0.000000e+00  1.353302e-02) (   2.293283e+01   0.000000e+00  4.340747e-03) 
11	(   1.146642e+00   0.000000e+00 -2.192893e-02) (   5.733208e+00   0.000000e+00 -2.358157e-02) (   1.146642e+01   0.000000e+00  1.061962e-02) (   1.719963e+01   0.000000e+00  1.569003e-03) (   2.293283e+01   0.000000e+00  9.348272e-03) 
11.1	(   1.146642e+00   0.000000e+00 -1.508352e-03) (   5.733208e+00   0.000000e+00 -4.306761e-02) (   1.146642e+01   0.000000e+00  2.969360e-02) (   1.719963e+01   0.000000e+00 -1.137963e-02) (   2.293283e+01   0.000000e+00  1.429314e-02) 
11.2	(   1.146642e+00   0.000000e+00  1.870067e-02) (   5.733208e+00   0.000000e+00 -6.111165e-02) (   1.146642e+01   0.000000e+00  4.765388e-02) (   1.719963e+01   0.000000e+00 -2.466273e-02) (   2.293283e+01   0.000000e+00  1.895047e-02) 
11.3	(   1.146642e+00   0.000000e+00  3.741579e-02) (   5.733208e+00   0.000000e+00 -7.637985e-02) (   1.146642e+01   0.000000e+00  6.404430e-02) (   1.719963e+01   0.000000e+00 -3.770962e-02) (   2.293283e+01   0.000000e+00  2.308314e-02) 
11.4	(   1.146642e+00   0.000000e+00  5.430919e-02) (   5.733208e+00   0.000000e+00 -8.761769e-02) (   1.146642e+01   0.000000e+00  7.758529e-02) (   1.719963e+01   0.000000e+00 -4.985015e-02) (   2.293283e+01   0.000000e+00  2.644733e-02) 
11.5	(   1.146642e+00   0.000000e+00  6.874408e-02) (   5.733208e+00   0.000000e+00 -9.387612e-02) (   1.146642e+01   0.000000e+00  8.711449e-02) (   1.719963e+01   0.000000e+00 -6.009213e-02) (   2.293283e+01   0.000000e+00  2.887925e-02) 
11.6	(   1.146642e+00   0.000000e+00  7.981014e-02) (   5.733208e+00   0.000000e+00 -9.472344e-02) (   1.146642e+01   0.000000e+00  9.182445e-02) (   1.719963e+01   0.000000e+00 -6.746750e-02) (   2.293283e+01   0.000000e+00  3.021512e-02) 
11.7	(   1.146642e+00   0.000000e+00  8.674625e-02) (   5.733208e+00   0.000000e+00 -8.966456e-02) (   1.146642e+01   0.000000e+00  9.132710e-02) (   1.719963e+01   0.000000e+00 -7.122760e-02) (   2.293283e+01   0.000000e+00  3.032783e-02) 
11.8	(   1.146642e+00   0.000000e+00  8.909813e-02) (   5.733208e+00   0.000000e+00 -7.897617e-02) (   1.146642e+01   0.000000e+00  8.520726e-02) (   1.719963e+01   0.000000e+00 -7.097701e-02) (   2.293283e+01   0.000000e+00  2.904602e-02) 
11.9	(   1.146642e+00   0.000000e+00  8.663828e-02) (   5.733208e+00   0.000000e+00 -6.360648e-02) (   1.146642e+01   0.000000e+00  7.406165e-02) (   1.719963e+01   0.000000e+00 -6.622229e-02) (   2.293283e+01   0.000000e+00  2.632215e-02) 
12	(   1.146642e+00   0.000000e+00  7.946263e-02) (   5.733208e+00   0.000000e+00 -4.487932e-02) (   1.146642e+01   0.000000e+00  5.876605e-02) (   1.719963e+01   0.000000e+00 -5.721532e-02) (   2.293283e+01   0.000000e+00  2.216326e-02) 
12.1	(   1.146642e+00   0.000000e+00  6.808526e-02) (   5.733208e+00   0.000000e+00 -2.468659e-02) (   1.146642e+01   0.000000e+00  4.039695e-02) (   1.719963e+01   0.000000e+00 -4.458889e-02) (   2.293283e+01   0.000000e+00  1.664046e-02) 
12.2	(   1.146642e+00   0.000000e+00  5.300832e-02) (   5.733208e+00   0.000000e+00 -3.897261e-03) (   1.146642e+01   0.000000e+00  2.067551e-02) (   1.719963e+01   0.000000e+00 -2.954278e-02) (   2.293283e+01   0.000000e+00  9.894147e-03) 
12.3	(   1.146642e+00   0.000000e+00  3.512485e-02) (   5.733208e+00   0.000000e+00  1.647993e-02) (   1.146642e+01   0.000000e+00 -6.295291e-04) (   1.719963e+01   0.000000e+00 -1.274550e-02) (   2.293283e+01   0.000000e+00  2.139155e-03) 
12.4	(   1.146642e+00   0.000000e+00  1.547999e-02) (   5.733208e+00   0.000000e+00  3.536799e-02) (   1.146642e+01   0.000000e+00 -2.241424e-02) (   1.719963e+01   0.000000e+00  4.972235e-03) (   2.293283e+01   0.000000e+00 -6.334990e-03) 
12.5	(   1.146642e+00   0.000000e+00 -5.205144e-03) (   5.733208e+00   0.000000e+00  5.230911e-02) (   1.146642e+01   0.000000e+00 -4.390039e-02) (   1.719963e+01   0.000000e+00  2.263722e-02) (   2.293283e+01   0.000000e+00 -1.517140e-02) 
12.6	(   1.146642e+00   0.000000e+00 -2.547337e-02) (   5.733208e+00   0.000000e+00  6.669230e-02) (   1.146642e+01   0.000000e+00 -6.461624e-02) (   1.719963e+01   0.000000e+00  3.923408e-02) (   2.293283e+01   0.000000e+00 -2.395734e-02) 
12.7	(   1.146642e+00   0.000000e+00 -4.459035e-02) (   5.733208e+00   0.000000e+00  7.772648e-02) (   1.146642e+01   0.000000e+00 -8.247093e-02) (   1.719963e+01   0.000000e+00  5.422685e-02) (   2.293283e+01   0.000000e+00 -3.231537e-02) 
12.8	(   1.146642e+00   0.000000e+00 -6.212732e-02) (   5.733208e+00   0.000000e+00  8.481020e-02) (   1.146642e+01   0.000000e+00 -9.544927e-02) (   1.719963e+01   0.000000e+00  6.673446e-02) (   2.293283e+01   0.000000e+00 -3.987442e-02) 
12.9	(   1.146642e+00   0.000000e+00 -7.708085e-02) (   5.733208e+00   0.000000e+00  8.758876e-02) (   1.146642e+01   0.000000e+00 -1.021626e-01) (   1.719963e+01   0.000000e+00  7.588132e-02) (   2.293283e+01   0.000000e+00 -4.605850e-02) 
13	(   1.146642e+00   0.000000e+00 -8.836756e-02) (   5.733208e+00   0.000000e+00  8.590382e-02) (   1.146642e+01   0.000000e+00 -1.021437e-01) (   1.719963e+01   0.000000e+00  8.103494e-02) (   2.293283e+01   0.000000e+00 -5.030973e-02) 
13.1	(   1.146642e+00   0.000000e+00 -9.488258e-02) (   5.733208e+00   0.000000e+00  7.961970e-02) (   1.146642e+01   0.000000e+00 -9.497743e-02) (   1.719963e+01   0.000000e+00  8.186772e-02) (   2.293283e+01   0.000000e+00 -5.219488e-02) 
13.2	(   1.146642e+00   0.000000e+00 -9.562659e-02) (   5.733208e+00   0.000000e+00  6.918566e-02) (   1.146642e+01   0.000000e+00 -8.167186e-02) (   1.719963e+01   0.000000e+00  7.797148e-02) (   2.293283e+01   0.000000e+00 -5.143405e-02) 
13.3	(   1.146642e+00   0.000000e+00 -8.963040e-02) (   5.733208e+00   0.000000e+00  5.514459e-02) (   1.146642e+01   0.000000e+00 -6.390913e-02) (   1.719963e+01   0.000000e+00  6.955579e-02) (   2.293283e+01   0.000000e+00 -4.768341e-02) 
13.4	(   1.146642e+00   0.000000e+00 -7.779846e-02) (   5.733208e+00   0.000000e+00  3.820263e-02) (   1.146642e+01   0.000000e+00 -4.352196e-02) (   1.719963e+01   0.000000e+00  5.714200e-02) (   2.293283e+01   0.000000e+00 -4.111176e-02) 
13.5	(   1.146642e+00   0.000000e+00 -6.188945e-02) (   5.733208e+00   0.000000e+00  1.936876e-02) (   1.146642e+01   0.000000e+00 -2.296026e-02) (   1.719963e+01   0.000000e+00  4.143684e-02) (   2.293283e+01   0.000000e+00 -3.250368e-02) 
13.6	(   1.146642e+00   0.000000e+00 -4.343011e-02) (   5.733208e+00   0.000000e+00 -9.351504e-04) (   1.146642e+01   0.000000e+00 -2.047717e-03) (   1.719963e+01   0.000000e+00  2.349067e-02) (   2.293283e+01   0.000000e+00 -2.195843e-02) 
13.7	(   1.146642e+00   0.000000e+00 -2.392319e-02) (   5.733208e+00   0.000000e+00 -2.155609e-02) (   1.146642e+01   0.000000e+00  1.839012e-02) (   1.719963e+01   0.000000e+00  3.722202e-03) (   2.293283e+01   0.000000e+00 -9.861341e-03) 
13.8	(   1.146642e+00   0.000000e+00 -3.553833e-03) (   5.733208e+00   0.000000e+00 -4.148327e-02) (   1.146642e+01   0.000000e+00  3.740529e-02) (   1.719963e+01   0.000000e+00 -1.685515e-02) (   2.293283e+01   0.000000e+00  3.183595e-03) 
13.9	(   1.146642e+00   0.000000e+00  1.673267e-02) (   5.733208e+00   0.000000e+00 -5.988669e-02) (   1.146642e+01   0.000000e+00  5.493808e-02) (   1.719963e+01   0.000000e+00 -3.718585e-02) (   2.293283e+01   0.000000e+00  1.650483e-02) 
14	(   1.146642e+00   0.000000e+00  3.562426e-02) (   5.733208e+00   0.000000e+00 -7.541751e-02) (   1.146642e+01   0.000000e+00  7.010533e-02) (   1.719963e+01   0.000000e+00 -5.654203e-02) (   2.293283e+01   0.000000e+00  2.937388e-02) 
14.1	(   1.146642e+00   0.000000e+00  5.271238e-02) (   5.733208e+00   0.000000e+00 -8.692306e-02) (   1.146642e+01   0.000000e+00  8.173443e-02) (   1.719963e+01   0.000000e+00 -7.341808e-02) (   2.293283e+01   0.000000e+00  4.132684e-02) 
14.2	(   1.146642e+00   0.000000e+00  6.742955e-02) (   5.733208e+00   0.000000e+00 -9.354975e-02) (   1.146642e+01   0.000000e+00  8.897646e-02) (   1.719963e+01   0.000000e+00 -8.628640e-02) (   2.293283e+01   0.000000e+00  5.189215e-02) 
14.3	(   1.146642e+00   0.000000e+00  7.887315e-02) (   5.733208e+00   0.000000e+00 -9.485558e-02) (   1.146642e+01   0.000000e+00  9.135904e-02) (   1.719963e+01   0.000000e+00 -9.400456e-02) (   2.293283e+01   0.000000e+00  6.029606e-02) 
14.4	(   1.146642e+00   0.000000e+00  8.626342e-02) (   5.733208e+00   0.000000e+00 -9.033134e-02) (   1.146642e+01   0.000000e+00  8.865252e-02) (   1.719963e+01   0.000000e+00 -9.598468e-02) (   2.293283e+01   0.000000e+00  6.582314e-02) 
14.5	(   1.146642e+00   0.000000e+00  8.908212e-02) (   5.733208e+00   0.000000e+00 -8.009650e-02) (   1.146642e+01   0.000000e+00  8.095663e-02) (   1.719963e+01   0.000000e+00 -9.185259e-02) (   2.293283e+01   0.000000e+00  6.793903e-02) 
14.6	(   1.146642e+00   0.000000e+00  8.711769e-02) (   5.733208e+00   0.000000e+00 -6.506965e-02) (   1.146642e+01   0.000000e+00  6.901485e-02) (   1.719963e+01   0.000000e+00 -8.180609e-02) (   2.293283e+01   0.000000e+00  6.633105e-02) 
14.7	(   1.146642e+00   0.000000e+00  8.037490e-02) (   5.733208e+00   0.000000e+00 -4.659737e-02) (   1.146642e+01   0.000000e+00  5.370671e-02) (   1.719963e+01   0.000000e+00 -6.691595e-02) (   2.293283e+01   0.000000e+00  6.075375e-02) 
14.8	(   1.146642e+00   0.000000e+00  6.939724e-02) (   5.733208e+00   0.000000e+00 -2.655617e-02) (   1.146642e+01   0.000000e+00  3.612376e-02) (   1.719963e+01   0.000000e+00 -4.850543e-02) (   2.293283e+01   0.000000e+00  5.155761e-02) 
14.9	(   1.146642e+00   0.000000e+00  5.466550e-02) (   5.733208e+00   0.000000e+00 -5.889762e-03) (   1.146642e+01   0.000000e+00  1.752496e-02) (   1.719963e+01   0.000000e+00 -2.829390e-02) (   2.293283e+01   0.000000e+00  3.929359e-02) 
15	(   1.146642e+00   0.000000e+00  3.700111e-02) (   5.733208e+00   0.000000e+00  1.447895e-02) (   1.146642e+01   0.000000e+00 -2.341473e-03) (   1.719963e+01   0.000000e+00 -7.204881e-03) (   2.293283e+01   0.000000e+00  2.507236e-02) 
15.1	(   1.146642e+00   0.000000e+00  1.752219e-02) (   5.733208e+00   0.000000e+00  3.349864e-02) (   1.146642e+01   0.000000e+00 -2.247605e-02) (   1.719963e+01   0.000000e+00  1.394487e-02) (   2.293283e+01   0.000000e+00  8.712734e-03) 
15.2	(   1.146642e+00   0.000000e+00 -3.125018e-03) (   5.733208e+00   0.000000e+00  5.065021e-02) (   1.146642e+01   0.000000e+00 -4.224171e-02) (   1.719963e+01   0.000000e+00  3.404047e-02) (   2.293283e+01   0.000000e+00 -9.011139e-03) 
15.3	(   1.146642e+00   0.000000e+00 -2.349038e-02) (   5.733208e+00   0.000000e+00  6.536266e-02) (   1.146642e+01   0.000000e+00 -6.132162e-02) (   1.719963e+01   0.000000e+00  5.247252e-02) (   2.293283e+01   0.000000e+00 -2.713707e-02) 
15.4	(   1.146642e+00   0.000000e+00 -4.271980e-02) (   5.733208e+00   0.000000e+00  7.681736e-02) (   1.146642e+01   0.000000e+00 -7.805908e-02) (   1.719963e+01   0.000000e+00  6.846674e-02) (   2.293283e+01   0.000000e+00 -4.520494e-02) 
15.5	(   1.146642e+00   0.000000e+00 -6.044952e-02) (   5.733208e+00   0.000000e+00  8.435958e-02) (   1.146642e+01   0.000000e+00 -9.070804e-02) (   1.719963e+01   0.000000e+00  8.095868e-02) (   2.293283e+01   0.000000e+00 -6.245948e-02) 
15.6	(   1.146642e+00   0.000000e+00 -7.570851e-02) (   5.733208e+00   0.000000e+00  8.758939e-02) (   1.146642e+01   0.000000e+00 -9.791568e-02) (   1.719963e+01   0.000000e+00  8.914946e-02) (   2.293283e+01   0.000000e+00 -7.712661e-02) 
15.7	(   1.146642e+00   0.000000e+00 -8.741702e-02) (   5.733208e+00   0.000000e+00  8.634363e-02) (   1.146642e+01   0.000000e+00 -9.902064e-02) (   1.719963e+01   0.000000e+00  9.254557e-02) (   2.293283e+01   0.000000e+00 -8.749438e-02) 
15.8	(   1.146642e+00   0.000000e+00 -9.446290e-02) (   5.733208e+00   0.000000e+00  8.043160e-02) (   1.146642e+01   0.000000e+00 -9.347687e-02) (   1.719963e+01   0.000000e+00  9.090477e-02) (   2.293283e+01   0.000000e+00 -9.233122e-02) 
15.9	(   1.146642e+00   0.000000e+00 -9.582814e-02) (   5.733208e+00   0.000000e+00  7.031584e-02) (   1.146642e+01   0.000000e+00 -8.179925e-02) (   1.719963e+01   0.000000e+00  8.397514e-02) (   2.293283e+01   0.000000e+00 -9.109839e-02) 
16	(   1.146642e+00   0.000000e+00 -9.049743e-02) (   5.733208e+00   0.000000e+00  5.654932e-02) (   1.146642e+01   0.000000e+00 -6.536790e-02) (   1.719963e+01   0.000000e+00  7.235539e-02) (   2.293283e+01   0.000000e+00 -8.332954e-02) 
16.1	(   1.146642e+00   0.000000e+00 -7.917017e-02) (   5.733208e+00   0.000000e+00  3.982572e-02) (   1.146642e+01   0.000000e+00 -4.587639e-02) (   1.719963e+01   0.000000e+00  5.679881e-02) (   2.293283e+01   0.000000e+00 -6.996312e-02) 
16.2	(   1.146642e+00   0.000000e+00 -6.359687e-02) (   5.733208e+00   0.000000e+00  2.118244e-02) (   1.146642e+01   0.000000e+00 -2.569795e-02) (   1.719963e+01   0.000000e+00  3.825955e-02) (   2.293283e+01   0.000000e+00 -5.247639e-02) 
16.3	(   1.146642e+00   0.000000e+00 -4.533312e-02) (   5.733208e+00   0.000000e+00  1.023595e-03) (   1.146642e+01   0.000000e+00 -5.035494e-03) (   1.719963e+01   0.000000e+00  1.791220e-02) (   2.293283e+01   0.000000e+00 -3.293793e-02) 
16.4	(   1.146642e+00   0.000000e+00 -2.590703e-02) (   5.733208e+00   0.000000e+00 -1.957338e-02) (   1.146642e+01   0.000000e+00  1.540641e-02) (   1.719963e+01   0.000000e+00 -3.772067e-03) (   2.293283e+01   0.000000e+00 -1.262864e-02) 
16.5	(   1.146642e+00   0.000000e+00 -5.595874e-03) (   5.733208e+00   0.000000e+00 -3.955838e-02) (   1.146642e+01   0.000000e+00  3.459556e-02) (   1.719963e+01   0.000000e+00 -2.557205e-02) (   2.293283e+01   0.000000e+00  8.171290e-03) 
16.6	(   1.146642e+00   0.000000e+00  1.475976e-02) (   5.733208e+00   0.000000e+00 -5.816440e-02) (   1.146642e+01   0.000000e+00  5.236783e-02) (   1.719963e+01   0.000000e+00 -4.659511e-02) (   2.293283e+01   0.000000e+00  2.834513e-02) 
16.7	(   1.146642e+00   0.000000e+00  3.382432e-02) (   5.733208e+00   0.000000e+00 -7.404199e-02) (   1.146642e+01   0.000000e+00  6.798669e-02) (   1.719963e+01   0.000000e+00 -6.574370e-02) (   2.293283e+01   0.000000e+00  4.726240e-02) 
16.8	(   1.146642e+00   0.000000e+00  5.110273e-02) (   5.733208e+00   0.000000e+00 -8.599571e-02) (   1.146642e+01   0.000000e+00  8.024415e-02) (   1.719963e+01   0.000000e+00 -8.134926e-02) (   2.293283e+01   0.000000e+00  6.455797e-02) 
16.9	(   1.146642e+00   0.000000e+00  6.609101e-02) (   5.733208e+00   0.000000e+00 -9.313098e-02) (   1.146642e+01   0.000000e+00  8.821350e-02) (   1.719963e+01   0.000000e+00 -9.207283e-02) (   2.293283e+01   0.000000e+00  7.885383e-02) 
17	(   1.146642e+00   0.000000e+00  7.788713e-02) (   5.733208e+00   0.000000e+00 -9.495487e-02) (   1.146642e+01   0.000000e+00  9.134695e-02) (   1.719963e+01   0.000000e+00 -9.707788e-02) (   2.293283e+01   0.000000e+00  8.891234e-02) 
17.1	(   1.146642e+00   0.000000e+00  8.570241e-02) (   5.733208e+00   0.000000e+00 -9.099808e-02) (   1.146642e+01   0.000000e+00  8.941322e-02) (   1.719963e+01   0.000000e+00 -9.619366e-02) (   2.293283e+01   0.000000e+00  9.390847e-02) 
17.2	(   1.146642e+00   0.000000e+00  8.898126e-02) (   5.733208e+00   0.000000e+00 -8.126233e-02) (   1.146642e+01   0.000000e+00  8.235368e-02) (   1.719963e+01   0.000000e+00 -8.920897e-02) (   2.293283e+01   0.000000e+00  9.348265e-02) 
17.3	(   1.146642e+00   0.000000e+00  8.752176e-02) (   5.733208e+00   0.000000e+00 -6.663470e-02) (   1.146642e+01   0.000000e+00  7.089382e-02) (   1.719963e+01   0.000000e+00 -7.703625e-02) (   2.293283e+01   0.000000e+00  8.726470e-02) 
17.4	(   1.146642e+00   0.000000e+00  8.122901e-02) (   5.733208e+00   0.000000e+00 -4.844221e-02) (   1.146642e+01   0.000000e+00  5.589535e-02) (   1.719963e+01   0.000000e+00 -6.091171e-02) (   2.293283e+01   0.000000e+00  7.593856e-02) 
17.5	(   1.146642e+00   0.000000e+00  7.065390e-02) (   5.733208e+00   0.000000e+00 -2.851525e-02) (   1.146642e+01   0.000000e+00  3.839032e-02) (   1.719963e+01   0.000000e+00 -4.218620e-02) (   2.293283e+01   0.000000e+00  6.043889e-02) 
17.6	(   1.146642e+00   0.000000e+00  5.626290e-02) (   5.733208e+00   0.000000e+00 -7.907713e-03) (   1.146642e+01   0.000000e+00  1.982754e-02) (   1.719963e+01   0.000000e+00 -2.251904e-02) (   2.293283e+01   0.000000e+00  4.188248e-02) 
17.7	(   1.146642e+00   0.000000e+00  3.881293e-02) (   5.733208e+00   0.000000e+00  1.250512e-02) (   1.146642e+01   0.000000e+00 -9.512361e-05) (   1.719963e+01   0.000000e+00 -2.368351e-03) (   2.293283e+01   0.000000e+00  2.202451e-02) 
17.8	(   1.146642e+00   0.000000e+00  1.950868e-02) (   5.733208e+00   0.000000e+00  3.167997e-02) (   1.146642e+01   0.000000e+00 -2.043996e-02) (   1.719963e+01   0.000000e+00  1.741275e-02) (   2.293283e+01   0.000000e+00  6.907033e-04) 
17.9	(   1.146642e+00   0.000000e+00 -1.076496e-03) (   5.733208e+00   0.000000e+00  4.902042e-02) (   1.146642e+01   0.000000e+00 -4.046564e-02) (   1.719963e+01   0.000000e+00  3.587306e-02) (   2.293283e+01   0.000000e+00 -2.114008e-02) 
18	(   1.146642e+00   0.000000e+00 -2.152153e-02) (   5.733208e+00   0.000000e+00  6.400764e-02) (   1.146642e+01   0.000000e+00 -5.995444e-02) (   1.719963e+01   0.000000e+00  5.257117e-02) (   2.293283e+01   0.000000e+00 -4.265807e-02) 
18.1	(   1.146642e+00   0.000000e+00 -4.086000e-02) (   5.733208e+00   0.000000e+00  7.581637e-02) (   1.146642e+01   0.000000e+00 -7.726185e-02) (   1.719963e+01   0.000000e+00  6.679887e-02) (   2.293283e+01   0.000000e+00 -6.353595e-02) 
18.2	(   1.146642e+00   0.000000e+00 -5.878734e-02) (   5.733208e+00   0.000000e+00  8.376430e-02) (   1.146642e+01   0.000000e+00 -9.052739e-02) (   1.719963e+01   0.000000e+00  7.771220e-02) (   2.293283e+01   0.000000e+00 -8.180549e-02) 
18.3	(   1.146642e+00   0.000000e+00 -7.435277e-02) (   5.733208e+00   0.000000e+00  8.742464e-02) (   1.146642e+01   0.000000e+00 -9.826514e-02) (   1.719963e+01   0.000000e+00  8.469400e-02) (   2.293283e+01   0.000000e+00 -9.545420e-02) 
18.4	(   1.146642e+00   0.000000e+00 -8.646995e-02) (   5.733208e+00   0.000000e+00  8.663273e-02) (   1.146642e+01   0.000000e+00 -9.971061e-02) (   1.719963e+01   0.000000e+00  8.735711e-02) (   2.293283e+01   0.000000e+00 -1.030163e-01) 
18.5	(   1.146642e+00   0.000000e+00 -9.402295e-02) (   5.733208e+00   0.000000e+00  8.115629e-02) (   1.146642e+01   0.000000e+00 -9.433545e-02) (   1.719963e+01   0.000000e+00  8.551269e-02) (   2.293283e+01   0.000000e+00 -1.039417e-01) 
18.6	(   1.146642e+00   0.000000e+00 -9.598457e-02) (   5.733208e+00   0.000000e+00  7.143040e-02) (   1.146642e+01   0.000000e+00 -8.268836e-02) (   1.719963e+01   0.000000e+00  7.904769e-02) (   2.293283e+01   0.000000e+00 -9.762795e-02) 
18.7	(   1.146642e+00   0.000000e+00 -9.131270e-02) (   5.733208e+00   0.000000e+00  5.798927e-02) (   1.146642e+01   0.000000e+00 -6.630379e-02) (   1.719963e+01   0.000000e+00  6.847358e-02) (   2.293283e+01   0.000000e+00 -8.487515e-02) 
18.8	(   1.146642e+00   0.000000e+00 -8.049400e-02) (   5.733208e+00   0.000000e+00  4.150511e-02) (   1.146642e+01   0.000000e+00 -4.696345e-02) (   1.719963e+01   0.000000e+00  5.440140e-02) (   2.293283e+01   0.000000e+00 -6.728332e-02) 
18.9	(   1.146642e+00   0.000000e+00 -6.526824e-02) (   5.733208e+00   0.000000e+00  2.302568e-02) (   1.146642e+01   0.000000e+00 -2.699025e-02) (   1.719963e+01   0.000000e+00  3.761106e-02) (   2.293283e+01   0.000000e+00 -4.667616e-02) 
19	(   1.146642e+00   0.000000e+00 -4.722438e-02) (   5.733208e+00   0.000000e+00  2.979511e-03) (   1.146642e+01   0.000000e+00 -6.649995e-03) (   1.719963e+01   0.000000e+00  1.905972e-02) (   2.293283e+01   0.000000e+00 -2.547490e-02) 
19.1	(   1.146642e+00   0.000000e+00 -2.788762e-02) (   5.733208e+00   0.000000e+00 -1.761066e-02) (   1.146642e+01   0.000000e+00  1.351521e-02) (   1.719963e+01   0.000000e+00 -9.081639e-04) (   2.293283e+01   0.000000e+00 -3.869751e-03) 
19.2	(   1.146642e+00   0.000000e+00 -7.655432e-03) (   5.733208e+00   0.000000e+00 -3.764864e-02) (   1.146642e+01   0.000000e+00  3.255376e-02) (   1.719963e+01   0.000000e+00 -2.129240e-02) (   2.293283e+01   0.000000e+00  1.747752e-02) 
19.3	(   1.146642e+00   0.000000e+00  1.274470e-02) (   5.733208e+00   0.000000e+00 -5.641215e-02) (   1.146642e+01   0.000000e+00  5.026809e-02) (   1.719963e+01   0.000000e+00 -4.122663e-02) (   2.293283e+01   0.000000e+00  3.754174e-02) 
19.4	(   1.146642e+00   0.000000e+00  3.197299e-02) (   5.733208e+00   0.000000e+00 -7.259406e-02) (   1.146642e+01   0.000000e+00  6.608102e-02) (   1.719963e+01   0.000000e+00 -5.995098e-02) (   2.293283e+01   0.000000e+00  5.626303e-02) 
19.5	(   1.146642e+00   0.000000e+00  4.942103e-02) (   5.733208e+00   0.000000e+00 -8.497793e-02) (   1.146642e+01   0.000000e+00  7.878489e-02) (   1.719963e+01   0.000000e+00 -7.597417e-02) (   2.293283e+01   0.000000e+00  7.265596e-02) 
19.6	(   1.146642e+00   0.000000e+00  6.466704e-02) (   5.733208e+00   0.000000e+00 -9.263179e-02) (   1.146642e+01   0.000000e+00  8.738429e-02) (   1.719963e+01   0.000000e+00 -8.789463e-02) (   2.293283e+01   0.000000e+00  8.534673e-02) 
19.7	(   1.146642e+00   0.000000e+00  7.682181e-02) (   5.733208e+00   0.000000e+00 -9.498419e-02) (   1.146642e+01   0.000000e+00  9.123056e-02) (   1.719963e+01   0.000000e+00 -9.465240e-02) (   2.293283e+01   0.000000e+00  9.332071e-02) 
19.8	(   1.146642e+00   0.000000e+00  8.507428e-02) (   5.733208e+00   0.000000e+00 -9.161571e-02) (   1.146642e+01   0.000000e+00  9.005399e-02) (   1.719963e+01   0.000000e+00 -9.574852e-02) (   2.293283e+01   0.000000e+00  9.600057e-02) 
19.9	(   1.146642e+00   0.000000e+00  8.882926e-02) (   5.733208e+00   0.000000e+00 -8.239063e-02) (   1.146642e+01   0.000000e+00  8.361280e-02) (   1.719963e+01   0.000000e+00 -9.072605e-02) (   2.293283e+01   0.000000e+00  9.307507e-02) 
20	(   1.146642e+00   0.000000e+00  8.788082e-02) (   5.733208e+00   0.000000e+00 -6.816491e-02) (   1.146642e+01   0.000000e+00  7.256330e-02) (   1.719963e+01   0.000000e+00 -7.998777e-02) (   2.293283e+01   0.000000e+00  8.460345e-02) 
20.1	(   1.146642e+00   0.000000e+00  8.205787e-02) (   5.733208e+00   0.000000e+00 -5.024615e-02) (   1.146642e+01   0.000000e+00  5.775743e-02) (   1.719963e+01   0.000000e+00 -6.465270e-02) (   2.293283e+01   0.000000e+00  7.146573e-02) 
20.2	(   1.146642e+00   0.000000e+00  7.190556e-02) (   5.733208e+00   0.000000e+00 -3.041829e-02) (   1.146642e+01   0.000000e+00  4.022593e-02) (   1.719963e+01   0.000000e+00 -4.609615e-02) (   2.293283e+01   0.000000e+00  5.471152e-02) 
20.3	(   1.146642e+00   0.000000e+00  5.787371e-02) (   5.733208e+00   0.000000e+00 -9.862409e-03) (   1.146642e+01   0.000000e+00  2.160697e-02) (   1.719963e+01   0.000000e+00 -2.610886e-02) (   2.293283e+01   0.000000e+00  3.562902e-02) 
20.4	(   1.146642e+00   0.000000e+00  4.067856e-02) (   5.733208e+00   0.000000e+00  1.059171e-02) (   1.146642e+01   0.000000e+00  1.650688e-03) (   1.719963e+01   0.000000e+00 -5.463111e-03) (   2.293283e+01   0.000000e+00  1.561393e-02) 
20.5	(   1.146642e+00   0.000000e+00  2.153130e-02) (   5.733208e+00   0.000000e+00  2.991549e-02) (   1.146642e+01   0.000000e+00 -1.873555e-02) (   1.719963e+01   0.000000e+00  1.496789e-02) (   2.293283e+01   0.000000e+00 -5.489320e-03) 
20.6	(   1.146642e+00   0.000000e+00  1.011380e-03) (   5.733208e+00   0.000000e+00  4.742829e-02) (   1.146642e+01   0.000000e+00 -3.873313e-02) (   1.719963e+01   0.000000e+00  3.413413e-02) (   2.293283e+01   0.000000e+00 -2.650097e-02) 
20.7	(   1.146642e+00   0.000000e+00 -1.951140e-02) (   5.733208e+00   0.000000e+00  6.267283e-02) (   1.146642e+01   0.000000e+00 -5.820756e-02) (   1.719963e+01   0.000000e+00  5.149887e-02) (   2.293283e+01   0.000000e+00 -4.690765e-02) 
20.8	(   1.146642e+00   0.000000e+00 -3.896101e-02) (   5.733208e+00   0.000000e+00  7.482832e-02) (   1.146642e+01   0.000000e+00 -7.567048e-02) (   1.719963e+01   0.000000e+00  6.636878e-02) (   2.293283e+01   0.000000e+00 -6.599186e-02) 
20.9	(   1.146642e+00   0.000000e+00 -5.706585e-02) (   5.733208e+00   0.000000e+00  8.318164e-02) (   1.146642e+01   0.000000e+00 -8.930924e-02) (   1.719963e+01   0.000000e+00  7.784132e-02) (   2.293283e+01   0.000000e+00 -8.189988e-02) 
21	(   1.146642e+00   0.000000e+00 -7.291691e-02) (   5.733208e+00   0.000000e+00  8.727936e-02) (   1.146642e+01   0.000000e+00 -9.760537e-02) (   1.719963e+01   0.000000e+00  8.527361e-02) (   2.293283e+01   0.000000e+00 -9.303523e-02) 
21.1	(   1.146642e+00   0.000000e+00 -8.542698e-02) (   5.733208e+00   0.000000e+00  8.693825e-02) (   1.146642e+01   0.000000e+00 -9.968122e-02) (   1.719963e+01   0.000000e+00  8.826908e-02) (   2.293283e+01   0.000000e+00 -9.837290e-02) 
21.2	(   1.146642e+00   0.000000e+00 -9.347684e-02) (   5.733208e+00   0.000000e+00  8.190047e-02) (   1.146642e+01   0.000000e+00 -9.500295e-02) (   1.719963e+01   0.000000e+00  8.665322e-02) (   2.293283e+01   0.000000e+00 -9.763650e-02) 
21.3	(   1.146642e+00   0.000000e+00 -9.601761e-02) (   5.733208e+00   0.000000e+00  7.256991e-02) (   1.146642e+01   0.000000e+00 -8.390541e-02) (   1.719963e+01   0.000000e+00  8.029806e-02) (   2.293283e+01   0.000000e+00 -9.059642e-02) 
21.4	(   1.146642e+00   0.000000e+00 -9.202523e-02) (   5.733208e+00   0.000000e+00  5.946497e-02) (   1.146642e+01   0.000000e+00 -6.789412e-02) (   1.719963e+01   0.000000e+00  6.976477e-02) (   2.293283e+01   0.000000e+00 -7.821935e-02) 
21.5	(   1.146642e+00   0.000000e+00 -8.173929e-02) (   5.733208e+00   0.000000e+00  4.323455e-02) (   1.146642e+01   0.000000e+00 -4.877064e-02) (   1.719963e+01   0.000000e+00  5.569735e-02) (   2.293283e+01   0.000000e+00 -6.188961e-02) 
21.6	(   1.146642e+00   0.000000e+00 -6.687576e-02) (   5.733208e+00   0.000000e+00  2.491739e-02) (   1.146642e+01   0.000000e+00 -2.881993e-02) (   1.719963e+01   0.000000e+00  3.887881e-02) (   2.293283e+01   0.000000e+00 -4.308822e-02) 
21.7	(   1.146642e+00   0.000000e+00 -4.905738e-02) (   5.733208e+00   0.000000e+00  4.983084e-03) (   1.146642e+01   0.000000e+00 -8.547164e-03) (   1.719963e+01   0.000000e+00  2.032898e-02) (   2.293283e+01   0.000000e+00 -2.394884e-02) 
21.8	(   1.146642e+00   0.000000e+00 -2.980412e-02) (   5.733208e+00   0.000000e+00 -1.560167e-02) (   1.146642e+01   0.000000e+00  1.164281e-02) (   1.719963e+01   0.000000e+00  3.642331e-04) (   2.293283e+01   0.000000e+00 -4.225738e-03) 
21.9	(   1.146642e+00   0.000000e+00 -9.648754e-03) (   5.733208e+00   0.000000e+00 -3.569720e-02) (   1.146642e+01   0.000000e+00  3.080090e-02) (   1.719963e+01   0.000000e+00 -2.004386e-02) (   2.293283e+01   0.000000e+00  1.534851e-02) 
22	(   1.146642e+00   0.000000e+00  1.078961e-02) (   5.733208e+00   0.000000e+00 -5.460781e-02) (   1.146642e+01   0.000000e+00  4.862154e-02) (   1.719963e+01   0.000000e+00 -4.001277e-02) (   2.293283e+01   0.000000e+00  3.385855e-02) 
22.1	(   1.146642e+00   0.000000e+00  3.018248e-02) (   5.733208e+00   0.000000e+00 -7.108143e-02) (   1.146642e+01   0.000000e+00  6.465180e-02) (   1.719963e+01   0.000000e+00 -5.884703e-02) (   2.293283e+01   0.000000e+00  5.114971e-02) 
22.2	(   1.146642e+00   0.000000e+00  4.779811e-02) (   5.733208e+00   0.000000e+00 -8.388887e-02) (   1.146642e+01   0.000000e+00  7.769455e-02) (   1.719963e+01   0.000000e+00 -7.509043e-02) (   2.293283e+01   0.000000e+00  6.656033e-02) 
22.3	(   1.146642e+00   0.000000e+00  6.329496e-02) (   5.733208e+00   0.000000e+00 -9.205824e-02) (   1.146642e+01   0.000000e+00  8.670706e-02) (   1.719963e+01   0.000000e+00 -8.731693e-02) (   2.293283e+01   0.000000e+00  7.891233e-02) 
22.4	(   1.146642e+00   0.000000e+00  7.579806e-02) (   5.733208e+00   0.000000e+00 -9.494464e-02) (   1.146642e+01   0.000000e+00  9.098919e-02) (   1.719963e+01   0.000000e+00 -9.442937e-02) (   2.293283e+01   0.000000e+00  8.723495e-02) 
22.5	(   1.146642e+00   0.000000e+00  8.446898e-02) (   5.733208e+00   0.000000e+00 -9.217292e-02) (   1.146642e+01   0.000000e+00  9.025543e-02) (   1.719963e+01   0.000000e+00 -9.587767e-02) (   2.293283e+01   0.000000e+00  9.088324e-02) 
22.6	(   1.146642e+00   0.000000e+00  8.868063e-02) (   5.733208e+00   0.000000e+00 -8.347560e-02) (   1.146642e+01   0.000000e+00  8.422690e-02) (   1.719963e+01   0.000000e+00 -9.122834e-02) (   2.293283e+01   0.000000e+00  8.957268e-02) 
22.7	(   1.146642e+00   0.000000e+00  8.821405e-02) (   5.733208e+00   0.000000e+00 -6.967470e-02) (   1.146642e+01   0.000000e+00  7.354638e-02) (   1.719963e+01   0.000000e+00 -8.081140e-02) (   2.293283e+01   0.000000e+00  8.305578e-02) 
22.8	(   1.146642e+00   0.000000e+00  8.284271e-02) (   5.733208e+00   0.000000e+00 -5.205404e-02) (   1.146642e+01   0.000000e+00  5.905274e-02) (   1.719963e+01   0.000000e+00 -6.575196e-02) (   2.293283e+01   0.000000e+00  7.195288e-02) 
22.9	(   1.146642e+00   0.000000e+00  7.310193e-02) (   5.733208e+00   0.000000e+00 -3.234439e-02) (   1.146642e+01   0.000000e+00  4.175759e-02) (   1.719963e+01   0.000000e+00 -4.742962e-02) (   2.293283e+01   0.000000e+00  5.706833e-02) 
23	(   1.146642e+00   0.000000e+00  5.943756e-02) (   5.733208e+00   0.000000e+00 -1.186524e-02) (   1.146642e+01   0.000000e+00  2.328205e-02) (   1.719963e+01   0.000000e+00 -2.760286e-02) (   2.293283e+01   0.000000e+00  3.940724e-02) 
23.1	(   1.146642e+00   0.000000e+00  4.251679e-02) (   5.733208e+00   0.000000e+00  8.609105e-03) (   1.146642e+01   0.000000e+00  3.468691e-03) (   1.719963e+01   0.000000e+00 -7.111762e-03) (   2.293283e+01   0.000000e+00  2.051946e-02) 
23.2	(   1.146642e+00   0.000000e+00  2.354517e-02) (   5.733208e+00   0.000000e+00  2.806044e-02) (   1.146642e+01   0.000000e+00 -1.689255e-02) (   1.719963e+01   0.000000e+00  1.321932e-02) (   2.293283e+01   0.000000e+00  1.353810e-04) 
23.3	(   1.146642e+00   0.000000e+00  3.107456e-03) (   5.733208e+00   0.000000e+00  4.572271e-02) (   1.146642e+01   0.000000e+00 -3.692474e-02) (   1.719963e+01   0.000000e+00  3.237308e-02) (   2.293283e+01   0.000000e+00 -2.074195e-02) 
23.4	(   1.146642e+00   0.000000e+00 -1.748930e-02) (   5.733208e+00   0.000000e+00  6.119781e-02) (   1.146642e+01   0.000000e+00 -5.653252e-02) (   1.719963e+01   0.000000e+00  4.977675e-02) (   2.293283e+01   0.000000e+00 -4.130590e-02) 
23.5	(   1.146642e+00   0.000000e+00 -3.706270e-02) (   5.733208e+00   0.000000e+00  7.366728e-02) (   1.146642e+01   0.000000e+00 -7.430491e-02) (   1.719963e+01   0.000000e+00  6.482584e-02) (   2.293283e+01   0.000000e+00 -6.124319e-02) 
23.6	(   1.146642e+00   0.000000e+00 -5.534361e-02) (   5.733208e+00   0.000000e+00  8.239983e-02) (   1.146642e+01   0.000000e+00 -8.838405e-02) (   1.719963e+01   0.000000e+00  7.663157e-02) (   2.293283e+01   0.000000e+00 -7.874115e-02) 
23.7	(   1.146642e+00   0.000000e+00 -7.148019e-02) (   5.733208e+00   0.000000e+00  8.692394e-02) (   1.146642e+01   0.000000e+00 -9.719410e-02) (   1.719963e+01   0.000000e+00  8.451070e-02) (   2.293283e+01   0.000000e+00 -9.189337e-02) 
23.8	(   1.146642e+00   0.000000e+00 -8.439493e-02) (   5.733208e+00   0.000000e+00  8.704034e-02) (   1.146642e+01   0.000000e+00 -9.978775e-02) (   1.719963e+01   0.000000e+00  8.803424e-02) (   2.293283e+01   0.000000e+00 -9.930060e-02) 
23.9	(   1.146642e+00   0.000000e+00 -9.295689e-02) (   5.733208e+00   0.000000e+00  8.245461e-02) (   1.146642e+01   0.000000e+00 -9.568406e-02) (   1.719963e+01   0.000000e+00  8.703457e-02) (   2.293283e+01   0.000000e+00 -1.003480e-01) 
24	(   1.146642e+00   0.000000e+00 -9.608666e-02) (   5.733208e+00   0.000000e+00  7.352501e-02) (   1.146642e+01   0.000000e+00 -8.507491e-02) (   1.719963e+01   0.000000e+00  8.129074e-02) (   2.293283e+01   0.000000e+00 -9.458277e-02) 
24.1	(   1.146642e+00   0.000000e+00 -9.278955e-02) (   5.733208e+00   0.000000e+00  6.076438e-02) (   1.146642e+01   0.000000e+00 -6.943563e-02) (   1.719963e+01   0.000000e+00  7.129071e-02) (   2.293283e+01   0.000000e+00 -8.266572e-02) 
24.2	(   1.146642e+00   0.000000e+00 -8.306139e-02) (   5.733208e+00   0.000000e+00  4.480960e-02) (   1.146642e+01   0.000000e+00 -5.054445e-02) (   1.719963e+01   0.000000e+00  5.762226e-02) (   2.293283e+01   0.000000e+00 -6.609435e-02) 
24.3	(   1.146642e+00   0.000000e+00 -6.858117e-02) (   5.733208e+00   0.000000e+00  2.666050e-02) (   1.146642e+01   0.000000e+00 -3.061240e-02) (   1.719963e+01   0.000000e+00  4.103269e-02) (   2.293283e+01   0.000000e+00 -4.658721e-02) 
24.4	(   1.146642e+00   0.000000e+00 -5.100042e-02) (   5.733208e+00   0.000000e+00  6.852205e-03) (   1.146642e+01   0.000000e+00 -1.039176e-02) (   1.719963e+01   0.000000e+00  2.255291e-02) (   2.293283e+01   0.000000e+00 -2.645732e-02) 
24.5	(   1.146642e+00   0.000000e+00 -3.182852e-02) (   5.733208e+00   0.000000e+00 -1.370356e-02) (   1.146642e+01   0.000000e+00  9.842688e-03) (   1.719963e+01   0.000000e+00  2.537539e-03) (   2.293283e+01   0.000000e+00 -5.922911e-03) 
24.6	(   1.146642e+00   0.000000e+00 -1.175902e-02) (   5.733208e+00   0.000000e+00 -3.384396e-02) (   1.146642e+01   0.000000e+00  2.915161e-02) (   1.719963e+01   0.000000e+00 -1.808322e-02) (   2.293283e+01   0.000000e+00  1.440500e-02) 
24.7	(   1.146642e+00   0.000000e+00  8.699169e-03) (   5.733208e+00   0.000000e+00 -5.288262e-02) (   1.146642e+01   0.000000e+00  4.711190e-02) (   1.719963e+01   0.000000e+00 -3.833506e-02) (   2.293283e+01   0.000000e+00  3.352648e-02) 
24.8	(   1.146642e+00   0.000000e+00  2.824584e-02) (   5.733208e+00   0.000000e+00 -6.962771e-02) (   1.146642e+01   0.000000e+00  6.338411e-02) (   1.719963e+01   0.000000e+00 -5.751615e-02) (   2.293283e+01   0.000000e+00  5.124594e-02) 
24.9	(   1.146642e+00   0.000000e+00  4.602069e-02) (   5.733208e+00   0.000000e+00 -8.282746e-02) (   1.146642e+01   0.000000e+00  7.676680e-02) (   1.719963e+01   0.000000e+00 -7.412129e-02) (   2.293283e+01   0.000000e+00  6.690976e-02) 
25	(   1.146642e+00   0.000000e+00  6.175972e-02) (   5.733208e+00   0.000000e+00 -9.147855e-02) (   1.146642e+01   0.000000e+00  8.619330e-02) (   1.719963e+01   0.000000e+00 -8.667172e-02) (   2.293283e+01   0.000000e+00  7.933024e-02) 
25.1	(   1.146642e+00   0.000000e+00  7.460326e-02) (   5.733208e+00   0.000000e+00 -9.488500e-02) (   1.146642e+01   0.000000e+00  9.094111e-02) (   1.719963e+01   0.000000e+00 -9.407267e-02) (   2.293283e+01   0.000000e+00  8.757142e-02) 
25.2	(   1.146642e+00   0.000000e+00  8.369032e-02) (   5.733208e+00   0.000000e+00 -9.268456e-02) (   1.146642e+01   0.000000e+00  9.069232e-02) (   1.719963e+01   0.000000e+00 -9.580030e-02) (   2.293283e+01   0.000000e+00  9.104238e-02) 
25.3	(   1.146642e+00   0.000000e+00  8.836359e-02) (   5.733208e+00   0.000000e+00 -8.450066e-02) (   1.146642e+01   0.000000e+00  8.512276e-02) (   1.719963e+01   0.000000e+00 -9.152648e-02) (   2.293283e+01   0.000000e+00  8.950961e-02) 
25.4	(   1.146642e+00   0.000000e+00  8.838568e-02) (   5.733208e+00   0.000000e+00 -7.110703e-02) (   1.146642e+01   0.000000e+00  7.483243e-02) (   1.719963e+01   0.000000e+00 -8.156281e-02) (   2.293283e+01   0.000000e+00  8.283027e-02) 
25.5	(   1.146642e+00   0.000000e+00  8.349140e-02) (   5.733208e+00   0.000000e+00 -5.377276e-02) (   1.146642e+01   0.000000e+00  6.065056e-02) (   1.719963e+01   0.000000e+00 -6.700304e-02) (   2.293283e+01   0.000000e+00  7.169029e-02) 
25.6	(   1.146642e+00   0.000000e+00  7.418840e-02) (   5.733208e+00   0.000000e+00 -3.417109e-02) (   1.146642e+01   0.000000e+00  4.357685e-02) (   1.719963e+01   0.000000e+00 -4.914331e-02) (   2.293283e+01   0.000000e+00  5.691743e-02) 
25.7	(   1.146642e+00   0.000000e+00  6.091251e-02) (   5.733208e+00   0.000000e+00 -1.375878e-02) (   1.146642e+01   0.000000e+00  2.517635e-02) (   1.719963e+01   0.000000e+00 -2.961649e-02) (   2.293283e+01   0.000000e+00  3.950118e-02) 
25.8	(   1.146642e+00   0.000000e+00  4.429336e-02) (   5.733208e+00   0.000000e+00  6.751104e-03) (   1.146642e+01   0.000000e+00  5.469607e-03) (   1.719963e+01   0.000000e+00 -9.330393e-03) (   2.293283e+01   0.000000e+00  2.096622e-02) 
25.9	(   1.146642e+00   0.000000e+00  2.551020e-02) (   5.733208e+00   0.000000e+00  2.634286e-02) (   1.146642e+01   0.000000e+00 -1.488821e-02) (   1.719963e+01   0.000000e+00  1.096672e-02) (   2.293283e+01   0.000000e+00  1.020451e-03) 
26	(   1.146642e+00   0.000000e+00  5.193374e-03) (   5.733208e+00   0.000000e+00  4.417488e-02) (   1.146642e+01   0.000000e+00 -3.496555e-02) (   1.719963e+01   0.000000e+00  3.026764e-02) (   2.293283e+01   0.000000e+00 -1.943163e-02) 
26.1	(   1.146642e+00   0.000000e+00 -1.542967e-02) (   5.733208e+00   0.000000e+00  5.990527e-02) (   1.146642e+01   0.000000e+00 -5.468321e-02) (   1.719963e+01   0.000000e+00  4.787623e-02) (   2.293283e+01   0.000000e+00 -3.958395e-02) 
26.2	(   1.146642e+00   0.000000e+00 -3.510199e-02) (   5.733208e+00   0.000000e+00  7.272107e-02) (   1.146642e+01   0.000000e+00 -7.275673e-02) (   1.719963e+01   0.000000e+00  6.324097e-02) (   2.293283e+01   0.000000e+00 -5.922272e-02) 
26.3	(   1.146642e+00   0.000000e+00 -5.352695e-02) (   5.733208e+00   0.000000e+00  8.185995e-02) (   1.146642e+01   0.000000e+00 -8.729725e-02) (   1.719963e+01   0.000000e+00  7.544193e-02) (   2.293283e+01   0.000000e+00 -7.668883e-02) 
26.4	(   1.146642e+00   0.000000e+00 -6.990904e-02) (   5.733208e+00   0.000000e+00  8.681795e-02) (   1.146642e+01   0.000000e+00 -9.667571e-02) (   1.719963e+01   0.000000e+00  8.374484e-02) (   2.293283e+01   0.000000e+00 -9.009548e-02) 
26.5	(   1.146642e+00   0.000000e+00 -8.317726e-02) (   5.733208e+00   0.000000e+00  8.737609e-02) (   1.146642e+01   0.000000e+00 -9.985952e-02) (   1.719963e+01   0.000000e+00  8.768445e-02) (   2.293283e+01   0.000000e+00 -9.797898e-02) 
26.6	(   1.146642e+00   0.000000e+00 -9.220652e-02) (   5.733208e+00   0.000000e+00  8.323499e-02) (   1.146642e+01   0.000000e+00 -9.640675e-02) (   1.719963e+01   0.000000e+00  8.708695e-02) (   2.293283e+01   0.000000e+00 -9.960306e-02) 
26.7	(   1.146642e+00   0.000000e+00 -9.589512e-02) (   5.733208e+00   0.000000e+00  7.469285e-02) (   1.146642e+01   0.000000e+00 -8.635168e-02) (   1.719963e+01   0.000000e+00  8.170248e-02) (   2.293283e+01   0.000000e+00 -9.448529e-02) 
26.8	(   1.146642e+00   0.000000e+00 -9.327067e-02) (   5.733208e+00   0.000000e+00  6.224954e-02) (   1.146642e+01   0.000000e+00 -7.113853e-02) (   1.719963e+01   0.000000e+00  7.202054e-02) (   2.293283e+01   0.000000e+00 -8.310754e-02) 
26.9	(   1.146642e+00   0.000000e+00 -8.411358e-02) (   5.733208e+00   0.000000e+00  4.653974e-02) (   1.146642e+01   0.000000e+00 -5.253459e-02) (   1.719963e+01   0.000000e+00  5.864116e-02) (   2.293283e+01   0.000000e+00 -6.693582e-02) 
27	(   1.146642e+00   0.000000e+00 -7.003652e-02) (   5.733208e+00   0.000000e+00  2.853648e-02) (   1.146642e+01   0.000000e+00 -3.265365e-02) (   1.719963e+01   0.000000e+00  4.230837e-02) (   2.293283e+01   0.000000e+00 -4.768489e-02) 
27.1	(   1.146642e+00   0.000000e+00 -5.271460e-02) (   5.733208e+00   0.000000e+00  8.850665e-03) (   1.146642e+01   0.000000e+00 -1.254603e-02) (   1.719963e+01   0.000000e+00  2.406043e-02) (   2.293283e+01   0.000000e+00 -2.764302e-02) 
27.2	(   1.146642e+00   0.000000e+00 -3.364339e-02) (   5.733208e+00   0.000000e+00 -1.169157e-02) (   1.146642e+01   0.000000e+00  7.684947e-03) (   1.719963e+01   0.000000e+00  4.267070e-03) (   2.293283e+01   0.000000e+00 -7.188162e-03) 
27.3	(   1.146642e+00   0.000000e+00 -1.367420e-02) (   5.733208e+00   0.000000e+00 -3.191031e-02) (   1.146642e+01   0.000000e+00  2.710669e-02) (   1.719963e+01   0.000000e+00 -1.621199e-02) (   2.293283e+01   0.000000e+00  1.312928e-02) 
27.4	(   1.146642e+00   0.000000e+00  6.788415e-03) (   5.733208e+00   0.000000e+00 -5.110592e-02) (   1.146642e+01   0.000000e+00  4.515470e-02) (   1.719963e+01   0.000000e+00 -3.639039e-02) (   2.293283e+01   0.000000e+00  3.230882e-02) 
27.5	(   1.146642e+00   0.000000e+00  2.648268e-02) (   5.733208e+00   0.000000e+00 -6.815448e-02) (   1.146642e+01   0.000000e+00  6.161755e-02) (   1.719963e+01   0.000000e+00 -5.562010e-02) (   2.293283e+01   0.000000e+00  5.010073e-02) 
27.6	(   1.146642e+00   0.000000e+00  4.441446e-02) (   5.733208e+00   0.000000e+00 -8.179374e-02) (   1.146642e+01   0.000000e+00  7.532081e-02) (   1.719963e+01   0.000000e+00 -7.245826e-02) (   2.293283e+01   0.000000e+00  6.594151e-02) 
27.7	(   1.146642e+00   0.000000e+00  6.038635e-02) (   5.733208e+00   0.000000e+00 -9.097867e-02) (   1.146642e+01   0.000000e+00  8.516303e-02) (   1.719963e+01   0.000000e+00 -8.538007e-02) (   2.293283e+01   0.000000e+00  7.863698e-02) 
27.8	(   1.146642e+00   0.000000e+00  7.355424e-02) (   5.733208e+00   0.000000e+00 -9.495057e-02) (   1.146642e+01   0.000000e+00  9.038850e-02) (   1.719963e+01   0.000000e+00 -9.322335e-02) (   2.293283e+01   0.000000e+00  8.721687e-02) 
27.9	(   1.146642e+00   0.000000e+00  8.303584e-02) (   5.733208e+00   0.000000e+00 -9.334798e-02) (   1.146642e+01   0.000000e+00  9.065240e-02) (   1.719963e+01   0.000000e+00 -9.538543e-02) (   2.293283e+01   0.000000e+00  9.106194e-02) 
28	(   1.146642e+00   0.000000e+00  8.814712e-02) (   5.733208e+00   0.000000e+00 -8.572003e-02) (   1.146642e+01   0.000000e+00  8.560497e-02) (   1.719963e+01   0.000000e+00 -9.158972e-02) (   2.293283e+01   0.000000e+00  8.992860e-02) 
28.1	(   1.146642e+00   0.000000e+00  8.861729e-02) (   5.733208e+00   0.000000e+00 -7.277970e-02) (   1.146642e+01   0.000000e+00  7.577931e-02) (   1.719963e+01   0.000000e+00 -8.203250e-02) (   2.293283e+01   0.000000e+00  8.361041e-02) 
28.2	(   1.146642e+00   0.000000e+00  8.416127e-02) (   5.733208e+00   0.000000e+00 -5.577020e-02) (   1.146642e+01   0.000000e+00  6.198316e-02) (   1.719963e+01   0.000000e+00 -6.781085e-02) (   2.293283e+01   0.000000e+00  7.275486e-02) 
28.3	(   1.146642e+00   0.000000e+00  7.524905e-02) (   5.733208e+00   0.000000e+00 -3.630469e-02) (   1.146642e+01   0.000000e+00  4.520715e-02) (   1.719963e+01   0.000000e+00 -5.020780e-02) (   2.293283e+01   0.000000e+00  5.816354e-02) 
28.4	(   1.146642e+00   0.000000e+00  6.231907e-02) (   5.733208e+00   0.000000e+00 -1.598970e-02) (   1.146642e+01   0.000000e+00  2.696445e-02) (   1.719963e+01   0.000000e+00 -3.081760e-02) (   2.293283e+01   0.000000e+00  4.078404e-02) 
28.5	(   1.146642e+00   0.000000e+00  4.596962e-02) (   5.733208e+00   0.000000e+00  4.523973e-03) (   1.146642e+01   0.000000e+00  7.444818e-03) (   1.719963e+01   0.000000e+00 -1.062724e-02) (   2.293283e+01   0.000000e+00  2.220776e-02) 
28.6	(   1.146642e+00   0.000000e+00  2.733920e-02) (   5.733208e+00   0.000000e+00  2.423169e-02) (   1.146642e+01   0.000000e+00 -1.282881e-02) (   1.719963e+01   0.000000e+00  9.655993e-03) (   2.293283e+01   0.000000e+00  2.149433e-03) 
28.7	(   1.146642e+00   0.000000e+00  7.113808e-03) (   5.733208e+00   0.000000e+00  4.222483e-02) (   1.146642e+01   0.000000e+00 -3.287832e-02) (   1.719963e+01   0.000000e+00  2.902958e-02) (   2.293283e+01   0.000000e+00 -1.851836e-02) 
28.8	(   1.146642e+00   0.000000e+00 -1.356647e-02) (   5.733208e+00   0.000000e+00  5.819125e-02) (   1.146642e+01   0.000000e+00 -5.259486e-02) (   1.719963e+01   0.000000e+00  4.672513e-02) (   2.293283e+01   0.000000e+00 -3.893523e-02) 
28.9	(   1.146642e+00   0.000000e+00 -3.337840e-02) (   5.733208e+00   0.000000e+00  7.134037e-02) (   1.146642e+01   0.000000e+00 -7.083860e-02) (   1.719963e+01   0.000000e+00  6.222563e-02) (   2.293283e+01   0.000000e+00 -5.890853e-02) 
29	(   1.146642e+00   0.000000e+00 -5.197377e-02) (   5.733208e+00   0.000000e+00  8.089349e-02) (   1.146642e+01   0.000000e+00 -8.571837e-02) (   1.719963e+01   0.000000e+00  7.461748e-02) (   2.293283e+01   0.000000e+00 -7.677224e-02) 
29.1	(   1.146642e+00   0.000000e+00 -6.862464e-02) (   5.733208e+00   0.000000e+00  8.632034e-02) (   1.146642e+01   0.000000e+00 -9.556534e-02) (   1.719963e+01   0.000000e+00  8.315911e-02) (   2.293283e+01   0.000000e+00 -9.057824e-02) 
29.2	(   1.146642e+00   0.000000e+00 -8.227102e-02) (   5.733208e+00   0.000000e+00  8.736775e-02) (   1.146642e+01   0.000000e+00 -9.926878e-02) (   1.719963e+01   0.000000e+00  8.737483e-02) (   2.293283e+01   0.000000e+00 -9.881578e-02) 
29.3	(   1.146642e+00   0.000000e+00 -9.178840e-02) (   5.733208e+00   0.000000e+00  8.374341e-02) (   1.146642e+01   0.000000e+00 -9.639323e-02) (   1.719963e+01   0.000000e+00  8.708300e-02) (   2.293283e+01   0.000000e+00 -1.007214e-01) 
29.4	(   1.146642e+00   0.000000e+00 -9.605407e-02) (   5.733208e+00   0.000000e+00  7.566656e-02) (   1.146642e+01   0.000000e+00 -8.687387e-02) (   1.719963e+01   0.000000e+00  8.200906e-02) (   2.293283e+01   0.000000e+00 -9.586824e-02) 
29.5	(   1.146642e+00   0.000000e+00 -9.410072e-02) (   5.733208e+00   0.000000e+00  6.363155e-02) (   1.146642e+01   0.000000e+00 -7.210305e-02) (   1.719963e+01   0.000000e+00  7.260591e-02) (   2.293283e+01   0.000000e+00 -8.469565e-02) 
29.6	(   1.146642e+00   0.000000e+00 -8.550901e-02) (   5.733208e+00   0.000000e+00  4.826141e-02) (   1.146642e+01   0.000000e+00 -5.381643e-02) (   1.719963e+01   0.000000e+00  5.945848e-02) (   2.293283e+01   0.000000e+00 -6.867768e-02) 
29.7	(   1.146642e+00   0.000000e+00 -7.181773e-02) (   5.733208e+00   0.000000e+00  3.048647e-02) (   1.146642e+01   0.000000e+00 -3.405192e-02) (   1.719963e+01   0.000000e+00  4.329312e-02) (   2.293283e+01   0.000000e+00 -4.952422e-02) 
29.8	(   1.146642e+00   0.000000e+00 -5.472993e-02) (   5.733208e+00   0.000000e+00  1.100008e-02) (   1.146642e+01   0.000000e+00 -1.407371e-02) (   1.719963e+01   0.000000e+00  2.513250e-02) (   2.293283e+01   0.000000e+00 -2.944083e-02) 
29.9	(   1.146642e+00   0.000000e+00 -3.571530e-02) (   5.733208e+00   0.000000e+00 -9.450444e-03) (   1.146642e+01   0.000000e+00  6.119698e-03) (   1.719963e+01   0.000000e+00  5.374653e-03) (   2.293283e+01   0.000000e+00 -9.003880e-03) 
30	(   1.146642e+00   0.000000e+00 -1.582233e-02) (   5.733208e+00   0.000000e+00 -2.967093e-02) (   1.146642e+01   0.000000e+00  2.559095e-02) (   1.719963e+01   0.000000e+00 -1.515946e-02) (   2.293283e+01   0.000000e+00  1.140715e-02) 
30.1	(   1.146642e+00   0.000000e+00  4.676672e-03) (   5.733208e+00   0.000000e+00 -4.892834e-02) (   1.146642e+01   0.000000e+00  4.368551e-02) (   1.719963e+01   0.000000e+00 -3.546174e-02) (   2.293283e+01   0.000000e+00  3.081105e-02) 
30.2	(   1.146642e+00   0.000000e+00  2.456748e-02) (   5.733208e+00   0.000000e+00 -6.618208e-02) (   1.146642e+01   0.000000e+00  6.026276e-02) (   1.719963e+01   0.000000e+00 -5.488773e-02) (   2.293283e+01   0.000000e+00  4.888685e-02) 
30.3	(   1.146642e+00   0.000000e+00  4.272348e-02) (   5.733208e+00   0.000000e+00 -8.017093e-02) (   1.146642e+01   0.000000e+00  7.417306e-02) (   1.719963e+01   0.000000e+00 -7.200206e-02) (   2.293283e+01   0.000000e+00  6.518334e-02) 
30.4	(   1.146642e+00   0.000000e+00  5.895671e-02) (   5.733208e+00   0.000000e+00 -8.982252e-02) (   1.146642e+01   0.000000e+00  8.428579e-02) (   1.719963e+01   0.000000e+00 -8.525728e-02) (   2.293283e+01   0.000000e+00  7.849037e-02) 
30.5	(   1.146642e+00   0.000000e+00  7.246622e-02) (   5.733208e+00   0.000000e+00 -9.432902e-02) (   1.146642e+01   0.000000e+00  8.981966e-02) (   1.719963e+01   0.000000e+00 -9.347891e-02) (   2.293283e+01   0.000000e+00  8.776436e-02) 
30.6	(   1.146642e+00   0.000000e+00  8.237778e-02) (   5.733208e+00   0.000000e+00 -9.330755e-02) (   1.146642e+01   0.000000e+00  9.041362e-02) (   1.719963e+01   0.000000e+00 -9.602916e-02) (   2.293283e+01   0.000000e+00  9.231727e-02) 
30.7	(   1.146642e+00   0.000000e+00  8.798242e-02) (   5.733208e+00   0.000000e+00 -8.624950e-02) (   1.146642e+01   0.000000e+00  8.572213e-02) (   1.719963e+01   0.000000e+00 -9.265564e-02) (   2.293283e+01   0.000000e+00  9.184796e-02) 
30.8	(   1.146642e+00   0.000000e+00  8.896683e-02) (   5.733208e+00   0.000000e+00 -7.379539e-02) (   1.146642e+01   0.000000e+00  7.622895e-02) (   1.719963e+01   0.000000e+00 -8.345409e-02) (   2.293283e+01   0.000000e+00  8.605236e-02) 
30.9	(   1.146642e+00   0.000000e+00  8.502914e-02) (   5.733208e+00   0.000000e+00 -5.715899e-02) (   1.146642e+01   0.000000e+00  6.272452e-02) (   1.719963e+01   0.000000e+00 -6.947486e-02) (   2.293283e+01   0.000000e+00  7.551590e-02) 
31	(   1.146642e+00   0.000000e+00  7.657881e-02) (   5.733208e+00   0.000000e+00 -3.790686e-02) (   1.146642e+01   0.000000e+00  4.617724e-02) (   1.719963e+01   0.000000e+00 -5.198138e-02) (   2.293283e+01   0.000000e+00  6.103905e-02) 
31.1	(   1.146642e+00   0.000000e+00  6.406185e-02) (   5.733208e+00   0.000000e+00 -1.774142e-02) (   1.146642e+01   0.000000e+00  2.805727e-02) (   1.719963e+01   0.000000e+00 -3.252546e-02) (   2.293283e+01   0.000000e+00  4.360451e-02) 
31.2	(   1.146642e+00   0.000000e+00  4.803877e-02) (   5.733208e+00   0.000000e+00  2.709220e-03) (   1.146642e+01   0.000000e+00  8.666835e-03) (   1.719963e+01   0.000000e+00 -1.222829e-02) (   2.293283e+01   0.000000e+00  2.478434e-02) 
31.3	(   1.146642e+00   0.000000e+00  2.959106e-02) (   5.733208e+00   0.000000e+00  2.245076e-02) (   1.146642e+01   0.000000e+00 -1.157196e-02) (   1.719963e+01   0.000000e+00  8.254323e-03) (   2.293283e+01   0.000000e+00  4.570119e-03) 
31.4	(   1.146642e+00   0.000000e+00  9.505895e-03) (   5.733208e+00   0.000000e+00  4.053647e-02) (   1.146642e+01   0.000000e+00 -3.166062e-02) (   1.719963e+01   0.000000e+00  2.790724e-02) (   2.293283e+01   0.000000e+00 -1.633771e-02) 
31.5	(   1.146642e+00   0.000000e+00 -1.118539e-02) (   5.733208e+00   0.000000e+00  5.663060e-02) (   1.146642e+01   0.000000e+00 -5.145756e-02) (   1.719963e+01   0.000000e+00  4.590380e-02) (   2.293283e+01   0.000000e+00 -3.696460e-02) 
31.6	(   1.146642e+00   0.000000e+00 -3.111465e-02) (   5.733208e+00   0.000000e+00  6.998695e-02) (   1.146642e+01   0.000000e+00 -6.992802e-02) (   1.719963e+01   0.000000e+00  6.177680e-02) (   2.293283e+01   0.000000e+00 -5.716653e-02) 
31.7	(   1.146642e+00   0.000000e+00 -4.985890e-02) (   5.733208e+00   0.000000e+00  7.982132e-02) (   1.146642e+01   0.000000e+00 -8.516577e-02) (   1.719963e+01   0.000000e+00  7.461041e-02) (   2.293283e+01   0.000000e+00 -7.541454e-02) 
31.8	(   1.146642e+00   0.000000e+00 -6.678336e-02) (   5.733208e+00   0.000000e+00  8.557923e-02) (   1.146642e+01   0.000000e+00 -9.544804e-02) (   1.719963e+01   0.000000e+00  8.362630e-02) (   2.293283e+01   0.000000e+00 -8.977667e-02) 
31.9	(   1.146642e+00   0.000000e+00 -8.083036e-02) (   5.733208e+00   0.000000e+00  8.698064e-02) (   1.146642e+01   0.000000e+00 -9.960189e-02) (   1.719963e+01   0.000000e+00  8.831400e-02) (   2.293283e+01   0.000000e+00 -9.872954e-02) 
32	(   1.146642e+00   0.000000e+00 -9.087536e-02) (   5.733208e+00   0.000000e+00  8.375347e-02) (   1.146642e+01   0.000000e+00 -9.720783e-02) (   1.719963e+01   0.000000e+00  8.846674e-02) (   2.293283e+01   0.000000e+00 -1.014327e-01) 
32.1	(   1.146642e+00   0.000000e+00 -9.578853e-02) (   5.733208e+00   0.000000e+00  7.603949e-02) (   1.146642e+01   0.000000e+00 -8.808964e-02) (   1.719963e+01   0.000000e+00  8.379701e-02) (   2.293283e+01   0.000000e+00 -9.752856e-02) 
32.2	(   1.146642e+00   0.000000e+00 -9.459438e-02) (   5.733208e+00   0.000000e+00  6.432499e-02) (   1.146642e+01   0.000000e+00 -7.359181e-02) (   1.719963e+01   0.000000e+00  7.471818e-02) (   2.293283e+01   0.000000e+00 -8.718088e-02) 
32.3	(   1.146642e+00   0.000000e+00 -8.668993e-02) (   5.733208e+00   0.000000e+00  4.922188e-02) (   1.146642e+01   0.000000e+00 -5.543943e-02) (   1.719963e+01   0.000000e+00  6.180074e-02) (   2.293283e+01   0.000000e+00 -7.175314e-02) 
32.4	(   1.146642e+00   0.000000e+00 -7.350273e-02) (   5.733208e+00   0.000000e+00  3.163070e-02) (   1.146642e+01   0.000000e+00 -3.559449e-02) (   1.719963e+01   0.000000e+00  4.575559e-02) (   2.293283e+01   0.000000e+00 -5.290853e-02) 
32.5	(   1.146642e+00   0.000000e+00 -5.676163e-02) (   5.733208e+00   0.000000e+00  1.229577e-02) (   1.146642e+01   0.000000e+00 -1.558115e-02) (   1.719963e+01   0.000000e+00  2.757487e-02) (   2.293283e+01   0.000000e+00 -3.272869e-02) 
32.6	(   1.146642e+00   0.000000e+00 -3.791692e-02) (   5.733208e+00   0.000000e+00 -8.089979e-03) (   1.146642e+01   0.000000e+00  4.755468e-03) (   1.719963e+01   0.000000e+00  7.753122e-03) (   2.293283e+01   0.000000e+00 -1.230632e-02) 
32.7	(   1.146642e+00   0.000000e+00 -1.818068e-02) (   5.733208e+00   0.000000e+00 -2.833400e-02) (   1.146642e+01   0.000000e+00  2.446565e-02) (   1.719963e+01   0.000000e+00 -1.297258e-02) (   2.293283e+01   0.000000e+00  8.229239e-03) 
32.8	(   1.146642e+00   0.000000e+00  2.251566e-03) (   5.733208e+00   0.000000e+00 -4.767074e-02) (   1.146642e+01   0.000000e+00  4.283086e-02) (   1.719963e+01   0.000000e+00 -3.353878e-02) (   2.293283e+01   0.000000e+00  2.788642e-02) 
32.9	(   1.146642e+00   0.000000e+00  2.220488e-02) (   5.733208e+00   0.000000e+00 -6.510582e-02) (   1.146642e+01   0.000000e+00  5.975301e-02) (   1.719963e+01   0.000000e+00 -5.330560e-02) (   2.293283e+01   0.000000e+00  4.613583e-02) 
33	(   1.146642e+00   0.000000e+00  4.050362e-02) (   5.733208e+00   0.000000e+00 -7.937512e-02) (   1.146642e+01   0.000000e+00  7.408780e-02) (   1.719963e+01   0.000000e+00 -7.091234e-02) (   2.293283e+01   0.000000e+00  6.274135e-02) 
33.1	(   1.146642e+00   0.000000e+00  5.693472e-02) (   5.733208e+00   0.000000e+00 -8.938565e-02) (   1.146642e+01   0.000000e+00  8.466392e-02) (   1.719963e+01   0.000000e+00 -8.477584e-02) (   2.293283e+01   0.000000e+00  7.654181e-02) 
33.2	(   1.146642e+00   0.000000e+00  7.075131e-02) (   5.733208e+00   0.000000e+00 -9.429205e-02) (   1.146642e+01   0.000000e+00  9.066834e-02) (   1.719963e+01   0.000000e+00 -9.368177e-02) (   2.293283e+01   0.000000e+00  8.645678e-02) 
33.3	(   1.146642e+00   0.000000e+00  8.105261e-02) (   5.733208e+00   0.000000e+00 -9.368965e-02) (   1.146642e+01   0.000000e+00  9.170191e-02) (   1.719963e+01   0.000000e+00 -9.692306e-02) (   2.293283e+01   0.000000e+00  9.174877e-02) 
33.4	(   1.146642e+00   0.000000e+00  8.711315e-02) (   5.733208e+00   0.000000e+00 -8.703591e-02) (   1.146642e+01   0.000000e+00  8.741682e-02) (   1.719963e+01   0.000000e+00 -9.430619e-02) (   2.293283e+01   0.000000e+00  9.208710e-02) 
33.5	(   1.146642e+00   0.000000e+00  8.856774e-02) (   5.733208e+00   0.000000e+00 -7.490390e-02) (   1.146642e+01   0.000000e+00  7.820532e-02) (   1.719963e+01   0.000000e+00 -8.575452e-02) (   2.293283e+01   0.000000e+00  8.712710e-02) 
33.6	(   1.146642e+00   0.000000e+00  8.514342e-02) (   5.733208e+00   0.000000e+00 -5.847782e-02) (   1.146642e+01   0.000000e+00  6.486895e-02) (   1.719963e+01   0.000000e+00 -7.226634e-02) (   2.293283e+01   0.000000e+00  7.736636e-02) 
33.7	(   1.146642e+00   0.000000e+00  7.715999e-02) (   5.733208e+00   0.000000e+00 -3.928457e-02) (   1.146642e+01   0.000000e+00  4.838943e-02) (   1.719963e+01   0.000000e+00 -5.507912e-02) (   2.293283e+01   0.000000e+00  6.356113e-02) 
33.8	(   1.146642e+00   0.000000e+00  6.508415e-02) (   5.733208e+00   0.000000e+00 -1.911023e-02) (   1.146642e+01   0.000000e+00  3.018277e-02) (   1.719963e+01   0.000000e+00 -3.565990e-02) (   2.293283e+01   0.000000e+00  4.665272e-02) 
33.9	(   1.146642e+00   0.000000e+00  4.945672e-02) (   5.733208e+00   0.000000e+00  1.437537e-03) (   1.146642e+01   0.000000e+00  1.077733e-02) (   1.719963e+01   0.000000e+00 -1.539086e-02) (   2.293283e+01   0.000000e+00  2.810332e-02) 
34	(   1.146642e+00   0.000000e+00  3.130153e-02) (   5.733208e+00   0.000000e+00  2.134713e-02) (   1.146642e+01   0.000000e+00 -9.589416e-03) (   1.719963e+01   0.000000e+00  5.201559e-03) (   2.293283e+01   0.000000e+00  8.211329e-03) 
34.1	(   1.146642e+00   0.000000e+00  1.146034e-02) (   5.733208e+00   0.000000e+00  3.966477e-02) (   1.146642e+01   0.000000e+00 -2.990509e-02) (   1.719963e+01   0.000000e+00  2.509131e-02) (   2.293283e+01   0.000000e+00 -1.254733e-02) 
34.2	(   1.146642e+00   0.000000e+00 -9.124645e-03) (   5.733208e+00   0.000000e+00  5.604256e-02) (   1.146642e+01   0.000000e+00 -4.997418e-02) (   1.719963e+01   0.000000e+00  4.336404e-02) (   2.293283e+01   0.000000e+00 -3.308966e-02) 
34.3	(   1.146642e+00   0.000000e+00 -2.904689e-02) (   5.733208e+00   0.000000e+00  6.974631e-02) (   1.146642e+01   0.000000e+00 -6.890576e-02) (   1.719963e+01   0.000000e+00  5.963852e-02) (   2.293283e+01   0.000000e+00 -5.322253e-02) 
34.4	(   1.146642e+00   0.000000e+00 -4.779073e-02) (   5.733208e+00   0.000000e+00  7.996764e-02) (   1.146642e+01   0.000000e+00 -8.476644e-02) (   1.719963e+01   0.000000e+00  7.300822e-02) (   2.293283e+01   0.000000e+00 -7.166500e-02) 
34.5	(   1.146642e+00   0.000000e+00 -6.479104e-02) (   5.733208e+00   0.000000e+00  8.612271e-02) (   1.146642e+01   0.000000e+00 -9.576942e-02) (   1.719963e+01   0.000000e+00  8.265249e-02) (   2.293283e+01   0.000000e+00 -8.647569e-02) 
34.6	(   1.146642e+00   0.000000e+00 -7.902195e-02) (   5.733208e+00   0.000000e+00  8.790658e-02) (   1.146642e+01   0.000000e+00 -1.006625e-01) (   1.719963e+01   0.000000e+00  8.804044e-02) (   2.293283e+01   0.000000e+00 -9.609364e-02) 
34.7	(   1.146642e+00   0.000000e+00 -8.937836e-02) (   5.733208e+00   0.000000e+00  8.507733e-02) (   1.146642e+01   0.000000e+00 -9.900465e-02) (   1.719963e+01   0.000000e+00  8.893016e-02) (   2.293283e+01   0.000000e+00 -9.957991e-02) 
34.8	(   1.146642e+00   0.000000e+00 -9.473834e-02) (   5.733208e+00   0.000000e+00  7.768617e-02) (   1.146642e+01   0.000000e+00 -9.051865e-02) (   1.719963e+01   0.000000e+00  8.502874e-02) (   2.293283e+01   0.000000e+00 -9.663962e-02) 
34.9	(   1.146642e+00   0.000000e+00 -9.412472e-02) (   5.733208e+00   0.000000e+00  6.620041e-02) (   1.146642e+01   0.000000e+00 -7.647124e-02) (   1.719963e+01   0.000000e+00  7.663388e-02) (   2.293283e+01   0.000000e+00 -8.723793e-02) 
35	(   1.146642e+00   0.000000e+00 -8.680810e-02) (   5.733208e+00   0.000000e+00  5.122590e-02) (   1.146642e+01   0.000000e+00 -5.856335e-02) (   1.719963e+01   0.000000e+00  6.430501e-02) (   2.293283e+01   0.000000e+00 -7.266511e-02) 
