           0.1	   3.999899e+00  -1.000101e+00   3.999985e+00  -1.000015e+00   3.999998e+00  -1.000002e+00   4.000000e+00  -1.000000e+00   4.000000e+00  -1.000000e+00
0.2	   3.999391e+00  -1.000609e+00   3.999910e+00  -1.000090e+00   3.999988e+00  -1.000012e+00   3.999998e+00  -1.000002e+00   4.000000e+00  -1.000000e+00
0.3	   3.998298e+00  -1.001702e+00   3.999753e+00  -1.000247e+00   3.999966e+00  -1.000034e+00   3.999995e+00  -1.000005e+00   3.999999e+00  -1.000001e+00
0.4	   3.996518e+00  -1.003482e+00   3.999499e+00  -1.000501e+00   3.999930e+00  -1.000070e+00   3.999990e+00  -1.000010e+00   3.999999e+00  -1.000001e+00
0.5	   3.993994e+00  -1.006006e+00   3.999134e+00  -1.000866e+00   3.999876e+00  -1.000124e+00   3.999982e+00  -1.000018e+00   3.999997e+00  -1.000003e+00
0.6	   3.990764e+00  -1.009236e+00   3.998653e+00  -1.001347e+00   3.999801e+00  -1.000199e+00   3.999970e+00  -1.000030e+00   3.999996e+00  -1.000004e+00
0.7	   3.986951e+00  -1.013049e+00   3.998050e+00  -1.001950e+00   3.999702e+00  -1.000298e+00   3.999954e+00  -1.000046e+00   3.999993e+00  -1.000007e+00
0.8	   3.982730e+00  -1.017270e+00   3.997315e+00  -1.002685e+00   3.999574e+00  -1.000426e+00   3.999932e+00  -1.000068e+00   3.999989e+00  -1.000011e+00
0.9	   3.978499e+00  -1.021501e+00   3.996458e+00  -1.003542e+00   3.999414e+00  -1.000586e+00   3.999902e+00  -1.000098e+00   3.999984e+00  -1.000016e+00
1	   3.974765e+00  -1.025235e+00   3.995491e+00  -1.004509e+00   3.999217e+00  -1.000783e+00   3.999865e+00  -1.000135e+00   3.999977e+00  -1.000023e+00
1.1	   3.972151e+00  -1.027849e+00   3.994436e+00  -1.005564e+00   3.998983e+00  -1.001017e+00   3.999817e+00  -1.000183e+00   3.999968e+00  -1.000032e+00
1.2	   3.971396e+00  -1.028604e+00   3.993337e+00  -1.006663e+00   3.998710e+00  -1.001290e+00   3.999757e+00  -1.000243e+00   3.999956e+00  -1.000044e+00
1.3	   3.973198e+00  -1.026802e+00   3.992247e+00  -1.007753e+00   3.998398e+00  -1.001602e+00   3.999685e+00  -1.000315e+00   3.999941e+00  -1.000059e+00
1.4	   3.978182e+00  -1.021818e+00   3.991233e+00  -1.008767e+00   3.998050e+00  -1.001950e+00   3.999597e+00  -1.000403e+00   3.999922e+00  -1.000078e+00
1.5	   3.986770e+00  -1.013230e+00   3.990386e+00  -1.009614e+00   3.997674e+00  -1.002326e+00   3.999494e+00  -1.000506e+00   3.999898e+00  -1.000102e+00
1.6	   3.998993e+00  -1.001007e+00   3.989797e+00  -1.010203e+00   3.997275e+00  -1.002725e+00   3.999374e+00  -1.000626e+00   3.999869e+00  -1.000131e+00
1.7	   4.014355e+00  -9.856451e-01   3.989553e+00  -1.010447e+00   3.996862e+00  -1.003138e+00   3.999236e+00  -1.000764e+00   3.999834e+00  -1.000166e+00
1.8	   4.031933e+00  -9.680665e-01   3.989748e+00  -1.010252e+00   3.996447e+00  -1.003553e+00   3.999079e+00  -1.000921e+00   3.999791e+00  -1.000209e+00
1.9	   4.050383e+00  -9.496175e-01   3.990485e+00  -1.009515e+00   3.996045e+00  -1.003955e+00   3.998904e+00  -1.001096e+00   3.999740e+00  -1.000260e+00
2	   4.067889e+00  -9.321112e-01   3.991825e+00  -1.008175e+00   3.995670e+00  -1.004330e+00   3.998710e+00  -1.001290e+00   3.999681e+00  -1.000319e+00
2.1	   4.082718e+00  -9.172821e-01   3.993844e+00  -1.006156e+00   3.995342e+00  -1.004658e+00   3.998500e+00  -1.001500e+00   3.999612e+00  -1.000388e+00
2.2	   4.093130e+00  -9.068703e-01   3.996585e+00  -1.003415e+00   3.995085e+00  -1.004915e+00   3.998275e+00  -1.001725e+00   3.999532e+00  -1.000468e+00
2.3	   4.097481e+00  -9.025185e-01   4.000075e+00  -9.999252e-01   3.994921e+00  -1.005079e+00   3.998038e+00  -1.001962e+00   3.999441e+00  -1.000559e+00
2.4	   4.094235e+00  -9.057650e-01   4.004305e+00  -9.956948e-01   3.994879e+00  -1.005121e+00   3.997794e+00  -1.002206e+00   3.999338e+00  -1.000662e+00
2.5	   4.082804e+00  -9.171958e-01   4.009228e+00  -9.907723e-01   3.994987e+00  -1.005013e+00   3.997548e+00  -1.002452e+00   3.999224e+00  -1.000776e+00
2.6	   4.064048e+00  -9.359515e-01   4.014745e+00  -9.852551e-01   3.995275e+00  -1.004725e+00   3.997309e+00  -1.002691e+00   3.999097e+00  -1.000903e+00
2.7	   4.039676e+00  -9.603240e-01   4.020724e+00  -9.792757e-01   3.995774e+00  -1.004226e+00   3.997085e+00  -1.002915e+00   3.998960e+00  -1.001040e+00
2.8	   4.011756e+00  -9.882444e-01   4.026984e+00  -9.730163e-01   3.996513e+00  -1.003487e+00   3.996886e+00  -1.003114e+00   3.998812e+00  -1.001188e+00
2.9	   3.982374e+00  -1.017626e+00   4.033258e+00  -9.667424e-01   3.997521e+00  -1.002479e+00   3.996727e+00  -1.003273e+00   3.998655e+00  -1.001345e+00
3	   3.953425e+00  -1.046575e+00   4.039172e+00  -9.608284e-01   3.998813e+00  -1.001187e+00   3.996619e+00  -1.003381e+00   3.998493e+00  -1.001507e+00
3.1	   3.926527e+00  -1.073473e+00   4.044267e+00  -9.557332e-01   4.000394e+00  -9.996058e-01   3.996576e+00  -1.003424e+00   3.998326e+00  -1.001674e+00
3.2	   3.903074e+00  -1.096926e+00   4.048038e+00  -9.519623e-01   4.002262e+00  -9.977375e-01   3.996613e+00  -1.003387e+00   3.998159e+00  -1.001841e+00
3.3	   3.884105e+00  -1.115895e+00   4.049906e+00  -9.500938e-01   4.004399e+00  -9.956015e-01   3.996746e+00  -1.003254e+00   3.997997e+00  -1.002003e+00
3.4	   3.870631e+00  -1.129369e+00   4.049343e+00  -9.506572e-01   4.006774e+00  -9.932263e-01   3.996989e+00  -1.003011e+00   3.997844e+00  -1.002156e+00
3.5	   3.863498e+00  -1.136502e+00   4.045870e+00  -9.541304e-01   4.009343e+00  -9.906567e-01   3.997358e+00  -1.002642e+00   3.997706e+00  -1.002294e+00
3.6	   3.863180e+00  -1.136820e+00   4.039148e+00  -9.608518e-01   4.012042e+00  -9.879581e-01   3.997865e+00  -1.002135e+00   3.997591e+00  -1.002409e+00
3.7	   3.870198e+00  -1.129802e+00   4.029057e+00  -9.709429e-01   4.014790e+00  -9.852103e-01   3.998520e+00  -1.001480e+00   3.997505e+00  -1.002495e+00
3.8	   3.884837e+00  -1.115163e+00   4.015775e+00  -9.842252e-01   4.017490e+00  -9.825098e-01   3.999333e+00  -1.000667e+00   3.997458e+00  -1.002542e+00
3.9	   3.907104e+00  -1.092896e+00   3.999772e+00  -1.000228e+00   4.020030e+00  -9.799697e-01   4.000306e+00  -9.996942e-01   3.997458e+00  -1.002542e+00
4	   3.936625e+00  -1.063375e+00   3.981814e+00  -1.018186e+00   4.022277e+00  -9.777235e-01   4.001438e+00  -9.985616e-01   3.997515e+00  -1.002485e+00
4.1	   3.972795e+00  -1.027205e+00   3.962969e+00  -1.037031e+00   4.024088e+00  -9.759121e-01   4.002724e+00  -9.972761e-01   3.997638e+00  -1.002362e+00
4.2	   4.014602e+00  -9.853984e-01   3.944454e+00  -1.055546e+00   4.025317e+00  -9.746829e-01   4.004149e+00  -9.958510e-01   3.997836e+00  -1.002164e+00
4.3	   4.060670e+00  -9.393301e-01   3.927617e+00  -1.072383e+00   4.025820e+00  -9.741801e-01   4.005694e+00  -9.943060e-01   3.998117e+00  -1.001883e+00
4.4	   4.108842e+00  -8.911578e-01   3.913722e+00  -1.086278e+00   4.025460e+00  -9.745397e-01   4.007330e+00  -9.926703e-01   3.998491e+00  -1.001509e+00
4.5	   4.156158e+00  -8.438420e-01   3.903942e+00  -1.096058e+00   4.024113e+00  -9.758875e-01   4.009020e+00  -9.909804e-01   3.998963e+00  -1.001037e+00
4.6	   4.197718e+00  -8.022822e-01   3.899216e+00  -1.100784e+00   4.021687e+00  -9.783134e-01   4.010719e+00  -9.892812e-01   3.999538e+00  -1.000462e+00
4.7	   4.226937e+00  -7.730626e-01   3.900355e+00  -1.099645e+00   4.018141e+00  -9.818589e-01   4.012375e+00  -9.876249e-01   4.000218e+00  -9.997820e-01
4.8	   4.238266e+00  -7.617337e-01   3.907936e+00  -1.092064e+00   4.013485e+00  -9.865147e-01   4.013929e+00  -9.860707e-01   4.001004e+00  -9.989960e-01
4.9	   4.230487e+00  -7.695125e-01   3.922213e+00  -1.077787e+00   4.007781e+00  -9.922188e-01   4.015316e+00  -9.846839e-01   4.001893e+00  -9.981074e-01
5	   4.205277e+00  -7.947234e-01   3.943146e+00  -1.056854e+00   4.001171e+00  -9.988291e-01   4.016468e+00  -9.835322e-01   4.002877e+00  -9.971233e-01
5.1	   4.166235e+00  -8.337653e-01   3.970312e+00  -1.029688e+00   3.993856e+00  -1.006144e+00   4.017315e+00  -9.826855e-01   4.003946e+00  -9.960541e-01
5.2	   4.117545e+00  -8.824553e-01   4.002791e+00  -9.972094e-01   3.986108e+00  -1.013892e+00   4.017789e+00  -9.822114e-01   4.005086e+00  -9.949145e-01
5.3	   4.062774e+00  -9.372263e-01   4.039253e+00  -9.607472e-01   3.978258e+00  -1.021742e+00   4.017826e+00  -9.821741e-01   4.006275e+00  -9.937246e-01
5.4	   4.005710e+00  -9.942896e-01   4.077768e+00  -9.222321e-01   3.970709e+00  -1.029291e+00   4.017368e+00  -9.826319e-01   4.007492e+00  -9.925080e-01
5.5	   3.950463e+00  -1.049537e+00   4.115908e+00  -8.840919e-01   3.963921e+00  -1.036079e+00   4.016376e+00  -9.836242e-01   4.008708e+00  -9.912922e-01
5.6	   3.899806e+00  -1.100194e+00   4.150385e+00  -8.496150e-01   3.958335e+00  -1.041665e+00   4.014822e+00  -9.851776e-01   4.009890e+00  -9.901096e-01
5.7	   3.855470e+00  -1.144530e+00   4.177351e+00  -8.226489e-01   3.954395e+00  -1.045605e+00   4.012700e+00  -9.873001e-01   4.011004e+00  -9.889963e-01
5.8	   3.819490e+00  -1.180510e+00   4.193521e+00  -8.064787e-01   3.952526e+00  -1.047474e+00   4.010027e+00  -9.899731e-01   4.012009e+00  -9.879909e-01
5.9	   3.793260e+00  -1.206740e+00   4.196563e+00  -8.034365e-01   3.953113e+00  -1.046887e+00   4.006848e+00  -9.931517e-01   4.012866e+00  -9.871337e-01
6	   3.777637e+00  -1.222363e+00   4.185529e+00  -8.144714e-01   3.956487e+00  -1.043513e+00   4.003240e+00  -9.967596e-01   4.013536e+00  -9.864645e-01
6.1	   3.773033e+00  -1.226967e+00   4.161453e+00  -8.385474e-01   3.962866e+00  -1.037134e+00   3.999303e+00  -1.000697e+00   4.013977e+00  -9.860228e-01
6.2	   3.779990e+00  -1.220010e+00   4.126612e+00  -8.733876e-01   3.972357e+00  -1.027643e+00   3.995165e+00  -1.004835e+00   4.014155e+00  -9.858453e-01
6.3	   3.798662e+00  -1.201338e+00   4.083924e+00  -9.160756e-01   3.984934e+00  -1.015066e+00   3.990991e+00  -1.009009e+00   4.014037e+00  -9.859634e-01
6.4	   3.828761e+00  -1.171239e+00   4.036580e+00  -9.634197e-01   4.000403e+00  -9.995967e-01   3.986957e+00  -1.013043e+00   4.013595e+00  -9.864049e-01
6.5	   3.869464e+00  -1.130536e+00   3.987754e+00  -1.012246e+00   4.018373e+00  -9.816271e-01   3.983262e+00  -1.016738e+00   4.012814e+00  -9.871861e-01
6.6	   3.919609e+00  -1.080391e+00   3.940344e+00  -1.059656e+00   4.038250e+00  -9.617500e-01   3.980117e+00  -1.019883e+00   4.011687e+00  -9.883132e-01
6.7	   3.977648e+00  -1.022352e+00   3.896823e+00  -1.103177e+00   4.059178e+00  -9.408222e-01   3.977729e+00  -1.022271e+00   4.010220e+00  -9.897801e-01
6.8	   4.040410e+00  -9.595896e-01   3.859258e+00  -1.140742e+00   4.080071e+00  -9.199286e-01   3.976307e+00  -1.023693e+00   4.008433e+00  -9.915671e-01
6.9	   4.104176e+00  -8.958243e-01   3.829241e+00  -1.170759e+00   4.099578e+00  -9.004222e-01   3.976038e+00  -1.023962e+00   4.006361e+00  -9.936388e-01
7	   4.164170e+00  -8.358296e-01   3.807928e+00  -1.192072e+00   4.116140e+00  -8.838603e-01   3.977093e+00  -1.022907e+00   4.004056e+00  -9.959442e-01
7.1	   4.216005e+00  -7.839953e-01   3.796248e+00  -1.203752e+00   4.128060e+00  -8.719405e-01   3.979604e+00  -1.020396e+00   4.001581e+00  -9.984190e-01
7.2	   4.254990e+00  -7.450104e-01   3.794715e+00  -1.205285e+00   4.133665e+00  -8.663350e-01   3.983656e+00  -1.016344e+00   3.999017e+00  -1.000983e+00
7.3	   4.276060e+00  -7.239399e-01   3.803653e+00  -1.196347e+00   4.131577e+00  -8.684227e-01   3.989274e+00  -1.010726e+00   3.996456e+00  -1.003544e+00
7.4	   4.274700e+00  -7.253001e-01   3.823118e+00  -1.176882e+00   4.120858e+00  -8.791419e-01   3.996418e+00  -1.003582e+00   3.994006e+00  -1.005994e+00
7.5	   4.252257e+00  -7.477435e-01   3.852892e+00  -1.147108e+00   4.101558e+00  -8.984421e-01   4.004972e+00  -9.950282e-01   3.991781e+00  -1.008219e+00
7.6	   4.213605e+00  -7.863946e-01   3.892373e+00  -1.107627e+00   4.074627e+00  -9.253729e-01   4.014735e+00  -9.852646e-01   3.989896e+00  -1.010104e+00
7.7	   4.163614e+00  -8.363862e-01   3.940720e+00  -1.059280e+00   4.041752e+00  -9.582482e-01   4.025415e+00  -9.745850e-01   3.988473e+00  -1.011527e+00
7.8	   4.106979e+00  -8.930212e-01   3.996817e+00  -1.003183e+00   4.005155e+00  -9.948455e-01   4.036620e+00  -9.633795e-01   3.987625e+00  -1.012375e+00
7.9	   4.047641e+00  -9.523594e-01   4.058386e+00  -9.416137e-01   3.967318e+00  -1.032682e+00   4.047869e+00  -9.521312e-01   3.987458e+00  -1.012542e+00
8	   3.988841e+00  -1.011159e+00   4.122187e+00  -8.778133e-01   3.930623e+00  -1.069377e+00   4.058594e+00  -9.414061e-01   3.988069e+00  -1.011931e+00
8.1	   3.933322e+00  -1.066678e+00   4.182820e+00  -8.171804e-01   3.897240e+00  -1.102760e+00   4.068155e+00  -9.318447e-01   3.989530e+00  -1.010470e+00
8.2	   3.883457e+00  -1.116543e+00   4.233748e+00  -7.662520e-01   3.868999e+00  -1.131001e+00   4.075881e+00  -9.241189e-01   3.991891e+00  -1.008109e+00
8.3	   3.841414e+00  -1.158586e+00   4.268067e+00  -7.319332e-01   3.847396e+00  -1.152604e+00   4.081083e+00  -9.189169e-01   3.995170e+00  -1.004830e+00
8.4	   3.808679e+00  -1.191321e+00   4.280776e+00  -7.192241e-01   3.833588e+00  -1.166412e+00   4.083155e+00  -9.168447e-01   3.999347e+00  -1.000653e+00
8.5	   3.785981e+00  -1.214019e+00   4.270324e+00  -7.296760e-01   3.828432e+00  -1.171568e+00   4.081565e+00  -9.184347e-01   4.004365e+00  -9.956345e-01
8.6	   3.774063e+00  -1.225937e+00   4.239624e+00  -7.603761e-01   3.832428e+00  -1.167572e+00   4.075945e+00  -9.240553e-01   4.010125e+00  -9.898749e-01
8.7	   3.773224e+00  -1.226776e+00   4.193528e+00  -8.064721e-01   3.845897e+00  -1.154103e+00   4.066200e+00  -9.338000e-01   4.016475e+00  -9.835247e-01
8.8	   3.783715e+00  -1.216285e+00   4.136557e+00  -8.634432e-01   3.868767e+00  -1.131233e+00   4.052517e+00  -9.474827e-01   4.023223e+00  -9.767772e-01
8.9	   3.805594e+00  -1.194406e+00   4.073496e+00  -9.265040e-01   3.900691e+00  -1.099309e+00   4.035351e+00  -9.646485e-01   4.030122e+00  -9.698783e-01
9	   3.838325e+00  -1.161675e+00   4.009362e+00  -9.906378e-01   3.940869e+00  -1.059131e+00   4.015427e+00  -9.845732e-01   4.036894e+00  -9.631059e-01
9.1	   3.880973e+00  -1.119027e+00   3.948670e+00  -1.051330e+00   3.988112e+00  -1.011888e+00   3.993696e+00  -1.006304e+00   4.043213e+00  -9.567866e-01
9.2	   3.932442e+00  -1.067558e+00   3.894764e+00  -1.105236e+00   4.040630e+00  -9.593698e-01   3.971256e+00  -1.028744e+00   4.048744e+00  -9.512562e-01
9.3	   3.990922e+00  -1.009078e+00   3.849533e+00  -1.150467e+00   4.095564e+00  -9.044359e-01   3.949280e+00  -1.050720e+00   4.053129e+00  -9.468709e-01
9.4	   4.053409e+00  -9.465912e-01   3.814269e+00  -1.185731e+00   4.149200e+00  -8.508004e-01   3.928932e+00  -1.071068e+00   4.056034e+00  -9.439663e-01
9.5	   4.116297e+00  -8.837031e-01   3.789775e+00  -1.210225e+00   4.196950e+00  -8.030503e-01   3.911330e+00  -1.088670e+00   4.057156e+00  -9.428443e-01
9.6	   4.174922e+00  -8.250783e-01   3.776504e+00  -1.223496e+00   4.233439e+00  -7.665608e-01   3.897496e+00  -1.102504e+00   4.056239e+00  -9.437605e-01
9.7	   4.224335e+00  -7.756646e-01   3.774601e+00  -1.225399e+00   4.253871e+00  -7.461294e-01   3.888327e+00  -1.111673e+00   4.053093e+00  -9.469074e-01
9.8	   4.260308e+00  -7.396922e-01   3.783873e+00  -1.216127e+00   4.254937e+00  -7.450635e-01   3.884537e+00  -1.115463e+00   4.047658e+00  -9.523419e-01
9.9	   4.277886e+00  -7.221145e-01   3.803892e+00  -1.196108e+00   4.236110e+00  -7.638896e-01   3.886668e+00  -1.113332e+00   4.039981e+00  -9.600185e-01
10	   4.272542e+00  -7.274576e-01   3.833867e+00  -1.166133e+00   4.200340e+00  -7.996603e-01   3.895114e+00  -1.104886e+00   4.030244e+00  -9.697564e-01
10.1	   4.246504e+00  -7.534958e-01   3.872867e+00  -1.127133e+00   4.151623e+00  -8.483768e-01   3.910013e+00  -1.089987e+00   4.018745e+00  -9.812553e-01
10.2	   4.205064e+00  -7.949360e-01   3.919672e+00  -1.080328e+00   4.094773e+00  -9.052268e-01   3.931277e+00  -1.068723e+00   4.005903e+00  -9.940968e-01
10.3	   4.153175e+00  -8.468250e-01   3.972686e+00  -1.027314e+00   4.034490e+00  -9.655096e-01   3.958522e+00  -1.041478e+00   3.992241e+00  -1.007759e+00
10.4	   4.095495e+00  -9.045048e-01   4.029938e+00  -9.700617e-01   3.974763e+00  -1.025237e+00   3.991034e+00  -1.008966e+00   3.978349e+00  -1.021651e+00
10.5	   4.035872e+00  -9.641276e-01   4.089287e+00  -9.107129e-01   3.918894e+00  -1.081106e+00   4.027799e+00  -9.722012e-01   3.964858e+00  -1.035142e+00
10.6	   3.977397e+00  -1.022603e+00   4.147660e+00  -8.523397e-01   3.869550e+00  -1.130450e+00   4.067286e+00  -9.327142e-01   3.952424e+00  -1.047576e+00
10.7	   3.922777e+00  -1.077223e+00   4.201298e+00  -7.987016e-01   3.828728e+00  -1.171272e+00   4.107397e+00  -8.926026e-01   3.941696e+00  -1.058304e+00
10.8	   3.874326e+00  -1.125674e+00   4.244109e+00  -7.558913e-01   3.797782e+00  -1.202218e+00   4.145458e+00  -8.545421e-01   3.933268e+00  -1.066732e+00
10.9	   3.834100e+00  -1.165900e+00   4.270021e+00  -7.299788e-01   3.777744e+00  -1.222256e+00   4.178130e+00  -8.218702e-01   3.927699e+00  -1.072301e+00
11	   3.803324e+00  -1.196676e+00   4.274901e+00  -7.250987e-01   3.769188e+00  -1.230812e+00   4.201797e+00  -7.982030e-01   3.925436e+00  -1.074564e+00
11.1	   3.782619e+00  -1.217381e+00   4.258332e+00  -7.416679e-01   3.772428e+00  -1.227572e+00   4.212828e+00  -7.871723e-01   3.926839e+00  -1.073161e+00
11.2	   3.772790e+00  -1.227210e+00   4.222794e+00  -7.772064e-01   3.787634e+00  -1.212366e+00   4.208507e+00  -7.914928e-01   3.932183e+00  -1.067817e+00
11.3	   3.774162e+00  -1.225838e+00   4.172314e+00  -8.276863e-01   3.814593e+00  -1.185407e+00   4.188222e+00  -8.117782e-01   3.941567e+00  -1.058433e+00
11.4	   3.787017e+00  -1.212983e+00   4.112771e+00  -8.872287e-01   3.852705e+00  -1.147295e+00   4.153650e+00  -8.463495e-01   3.954947e+00  -1.045053e+00
11.5	   3.811104e+00  -1.188896e+00   4.050262e+00  -9.497383e-01   3.901084e+00  -1.098916e+00   4.108176e+00  -8.918239e-01   3.972100e+00  -1.027900e+00
11.6	   3.845835e+00  -1.154165e+00   3.989447e+00  -1.010553e+00   3.958564e+00  -1.041436e+00   4.056051e+00  -9.439487e-01   3.992616e+00  -1.007384e+00
11.7	   3.890283e+00  -1.109717e+00   3.933496e+00  -1.066504e+00   4.022719e+00  -9.772812e-01   4.001573e+00  -9.984265e-01   4.015876e+00  -9.841237e-01
11.8	   3.943355e+00  -1.056645e+00   3.884647e+00  -1.115353e+00   4.090238e+00  -9.097618e-01   3.948497e+00  -1.051503e+00   4.041010e+00  -9.589899e-01
11.9	   4.002949e+00  -9.970510e-01   3.844309e+00  -1.155691e+00   4.156155e+00  -8.438450e-01   3.899865e+00  -1.100135e+00   4.066858e+00  -9.331415e-01
12	   4.066062e+00  -9.339378e-01   3.813386e+00  -1.186614e+00   4.214432e+00  -7.855683e-01   3.857985e+00  -1.142015e+00   4.092049e+00  -9.079512e-01
12.1	   4.128640e+00  -8.713595e-01   3.792514e+00  -1.207486e+00   4.258193e+00  -7.418068e-01   3.824634e+00  -1.175366e+00   4.114951e+00  -8.850494e-01
12.2	   4.186022e+00  -8.139780e-01   3.781996e+00  -1.218004e+00   4.281939e+00  -7.180609e-01   3.800960e+00  -1.199040e+00   4.133803e+00  -8.661966e-01
12.3	   4.233140e+00  -7.668599e-01   3.781927e+00  -1.218073e+00   4.282557e+00  -7.174425e-01   3.787836e+00  -1.212164e+00   4.146790e+00  -8.532101e-01
12.4	   4.266024e+00  -7.339761e-01   3.792364e+00  -1.207636e+00   4.261054e+00  -7.389462e-01   3.785822e+00  -1.214178e+00   4.152238e+00  -8.477615e-01
12.5	   4.279178e+00  -7.208223e-01   3.812915e+00  -1.187085e+00   4.221775e+00  -7.782250e-01   3.795177e+00  -1.204823e+00   4.148936e+00  -8.510642e-01
12.6	   4.269268e+00  -7.307322e-01   3.842953e+00  -1.157047e+00   4.169925e+00  -8.300752e-01   3.815874e+00  -1.184126e+00   4.136396e+00  -8.636041e-01
12.7	   4.239536e+00  -7.604636e-01   3.881758e+00  -1.118242e+00   4.110418e+00  -8.895817e-01   3.847562e+00  -1.152438e+00   4.115042e+00  -8.849585e-01
12.8	   4.195501e+00  -8.044993e-01   3.928500e+00  -1.071500e+00   4.048046e+00  -9.519540e-01   3.889494e+00  -1.110506e+00   4.086048e+00  -9.139521e-01
12.9	   4.141955e+00  -8.580451e-01   3.981754e+00  -1.018246e+00   3.987177e+00  -1.012823e+00   3.940591e+00  -1.059409e+00   4.051319e+00  -9.486814e-01
13	   4.083487e+00  -9.165131e-01   4.039752e+00  -9.602477e-01   3.930958e+00  -1.069042e+00   3.999226e+00  -1.000774e+00   4.013181e+00  -9.868189e-01
13.1	   4.023680e+00  -9.763199e-01   4.099741e+00  -9.002594e-01   3.881702e+00  -1.118298e+00   4.062671e+00  -9.373291e-01   3.974017e+00  -1.025983e+00
13.2	   3.965712e+00  -1.034288e+00   4.158169e+00  -8.418310e-01   3.841038e+00  -1.158962e+00   4.127436e+00  -8.725636e-01   3.936156e+00  -1.063844e+00
13.3	   3.912061e+00  -1.087939e+00   4.209919e+00  -7.900815e-01   3.810040e+00  -1.189960e+00   4.188357e+00  -8.116429e-01   3.901659e+00  -1.098341e+00
13.4	   3.865104e+00  -1.134896e+00   4.249419e+00  -7.505813e-01   3.789294e+00  -1.210706e+00   4.239707e+00  -7.602926e-01   3.872182e+00  -1.127818e+00
13.5	   3.826782e+00  -1.173218e+00   4.270337e+00  -7.296635e-01   3.779138e+00  -1.220862e+00   4.274831e+00  -7.251686e-01   3.849222e+00  -1.150778e+00
13.6	   3.798031e+00  -1.201969e+00   4.270085e+00  -7.299147e-01   3.779687e+00  -1.220313e+00   4.288398e+00  -7.116024e-01   3.833873e+00  -1.166127e+00
13.7	   3.779604e+00  -1.220396e+00   4.249004e+00  -7.509960e-01   3.790962e+00  -1.209038e+00   4.277756e+00  -7.222440e-01   3.826996e+00  -1.173004e+00
13.8	   3.772024e+00  -1.227976e+00   4.209479e+00  -7.905210e-01   3.812526e+00  -1.187474e+00   4.244788e+00  -7.552116e-01   3.829121e+00  -1.170879e+00
13.9	   3.775706e+00  -1.224294e+00   4.157080e+00  -8.429199e-01   3.843755e+00  -1.156245e+00   4.194361e+00  -8.056385e-01   3.840658e+00  -1.159342e+00
14	   3.790864e+00  -1.209136e+00   4.097793e+00  -9.022075e-01   3.883803e+00  -1.116197e+00   4.132798e+00  -8.672021e-01   3.861578e+00  -1.138422e+00
14.1	   3.817197e+00  -1.182803e+00   4.036878e+00  -9.631223e-01   3.931573e+00  -1.068427e+00   4.066180e+00  -9.338203e-01   3.891679e+00  -1.108321e+00
14.2	   3.854016e+00  -1.145984e+00   3.978267e+00  -1.021733e+00   3.985746e+00  -1.014254e+00   3.999741e+00  -1.000259e+00   3.930312e+00  -1.069688e+00
14.3	   3.900289e+00  -1.099711e+00   3.924758e+00  -1.075242e+00   4.044602e+00  -9.553984e-01   3.937523e+00  -1.062477e+00   3.976496e+00  -1.023504e+00
14.4	   3.954860e+00  -1.045140e+00   3.878275e+00  -1.121725e+00   4.105545e+00  -8.944546e-01   3.882327e+00  -1.117673e+00   4.028825e+00  -9.711753e-01
14.5	   4.015420e+00  -9.845803e-01   3.840097e+00  -1.159903e+00   4.165924e+00  -8.340762e-01   3.836227e+00  -1.163773e+00   4.084911e+00  -9.150891e-01
14.6	   4.078694e+00  -9.213060e-01   3.811143e+00  -1.188857e+00   4.220225e+00  -7.797747e-01   3.800639e+00  -1.199361e+00   4.141446e+00  -8.585535e-01
14.7	   4.140666e+00  -8.593335e-01   3.792111e+00  -1.207889e+00   4.260411e+00  -7.395886e-01   3.776438e+00  -1.223562e+00   4.194074e+00  -8.059262e-01
14.8	   4.196355e+00  -8.036452e-01   3.783353e+00  -1.216647e+00   4.278691e+00  -7.213092e-01   3.764150e+00  -1.235850e+00   4.237220e+00  -7.627800e-01
14.9	   4.241160e+00  -7.588404e-01   3.784970e+00  -1.215030e+00   4.272597e+00  -7.274028e-01   3.764010e+00  -1.235990e+00   4.264415e+00  -7.355851e-01
15	   4.270321e+00  -7.296791e-01   3.796865e+00  -1.203135e+00   4.245843e+00  -7.541570e-01   3.775969e+00  -1.224031e+00   4.270291e+00  -7.297093e-01
15.1	   4.278878e+00  -7.211218e-01   3.818720e+00  -1.181280e+00   4.202829e+00  -7.971706e-01   3.799756e+00  -1.200244e+00   4.252382e+00  -7.476175e-01
15.2	   4.264516e+00  -7.354838e-01   3.850032e+00  -1.149968e+00   4.148904e+00  -8.510957e-01   3.834662e+00  -1.165338e+00   4.213165e+00  -7.868354e-01
15.3	   4.231581e+00  -7.684190e-01   3.890042e+00  -1.109958e+00   4.089456e+00  -9.105440e-01   3.879760e+00  -1.120240e+00   4.158565e+00  -8.414352e-01
15.4	   4.185281e+00  -8.147195e-01   3.937909e+00  -1.062091e+00   4.029212e+00  -9.707882e-01   3.933743e+00  -1.066257e+00   4.095258e+00  -9.047420e-01
15.5	   4.130463e+00  -8.695367e-01   3.992067e+00  -1.007933e+00   3.971657e+00  -1.028343e+00   3.994435e+00  -1.005565e+00   4.029158e+00  -9.708422e-01
15.6	   4.071527e+00  -9.284729e-01   4.050762e+00  -9.492380e-01   3.919275e+00  -1.080725e+00   4.058644e+00  -9.413561e-01   3.965125e+00  -1.034875e+00
15.7	   4.011982e+00  -9.880181e-01   4.110711e+00  -8.892886e-01   3.873845e+00  -1.126155e+00   4.122224e+00  -8.777762e-01   3.906690e+00  -1.093310e+00
15.8	   3.954739e+00  -1.045261e+00   4.167978e+00  -8.320216e-01   3.836589e+00  -1.163411e+00   4.180638e+00  -8.193616e-01   3.856360e+00  -1.143640e+00
15.9	   3.902211e+00  -1.097789e+00   4.217349e+00  -7.826513e-01   3.808378e+00  -1.191622e+00   4.228552e+00  -7.714476e-01   3.815831e+00  -1.184169e+00
16	   3.856653e+00  -1.143347e+00   4.252993e+00  -7.470073e-01   3.789817e+00  -1.210183e+00   4.261635e+00  -7.383653e-01   3.786198e+00  -1.213802e+00
16.1	   3.820005e+00  -1.179995e+00   4.269777e+00  -7.302231e-01   3.781342e+00  -1.218658e+00   4.276369e+00  -7.236311e-01   3.768249e+00  -1.231751e+00
16.2	   3.793167e+00  -1.206833e+00   4.265900e+00  -7.340996e-01   3.783193e+00  -1.216807e+00   4.270299e+00  -7.297012e-01   3.762391e+00  -1.237609e+00
16.3	   3.776890e+00  -1.223110e+00   4.241719e+00  -7.582810e-01   3.795585e+00  -1.204415e+00   4.244253e+00  -7.557475e-01   3.768810e+00  -1.231190e+00
16.4	   3.771558e+00  -1.228442e+00   4.200191e+00  -7.998087e-01   3.818392e+00  -1.181608e+00   4.201740e+00  -7.982597e-01   3.787434e+00  -1.212566e+00
16.5	   3.777491e+00  -1.222509e+00   4.146686e+00  -8.533144e-01   3.851265e+00  -1.148735e+00   4.148065e+00  -8.519347e-01   3.817842e+00  -1.182158e+00
16.6	   3.794897e+00  -1.205103e+00   4.087103e+00  -9.128972e-01   3.893520e+00  -1.106480e+00   4.088386e+00  -9.116144e-01   3.859287e+00  -1.140713e+00
16.7	   3.823460e+00  -1.176540e+00   4.026510e+00  -9.734905e-01   3.944146e+00  -1.055854e+00   4.027371e+00  -9.726294e-01   3.910826e+00  -1.089174e+00
16.8	   3.862437e+00  -1.137563e+00   3.968748e+00  -1.031252e+00   4.001504e+00  -9.984965e-01   3.968740e+00  -1.031260e+00   3.970831e+00  -1.029169e+00
16.9	   3.910689e+00  -1.089311e+00   3.916410e+00  -1.083590e+00   4.063167e+00  -9.368330e-01   3.915299e+00  -1.084701e+00   4.036980e+00  -9.630201e-01
17	   3.966824e+00  -1.033176e+00   3.871288e+00  -1.128712e+00   4.125453e+00  -8.745472e-01   3.869021e+00  -1.130979e+00   4.105774e+00  -8.942259e-01
17.1	   4.028345e+00  -9.716545e-01   3.834622e+00  -1.165378e+00   4.183463e+00  -8.165371e-01   3.831292e+00  -1.168708e+00   4.172594e+00  -8.274062e-01
17.2	   4.091791e+00  -9.082091e-01   3.807299e+00  -1.192701e+00   4.231289e+00  -7.687111e-01   3.803082e+00  -1.196918e+00   4.231373e+00  -7.686273e-01
17.3	   4.152756e+00  -8.472439e-01   3.789920e+00  -1.210080e+00   4.262888e+00  -7.371118e-01   3.785008e+00  -1.214992e+00   4.275446e+00  -7.245540e-01
17.4	   4.206520e+00  -7.934798e-01   3.782860e+00  -1.217140e+00   4.274059e+00  -7.259410e-01   3.777498e+00  -1.222502e+00   4.297984e+00  -7.020161e-01
17.5	   4.248589e+00  -7.514114e-01   3.786194e+00  -1.213806e+00   4.263249e+00  -7.367514e-01   3.780718e+00  -1.219282e+00   4.294481e+00  -7.055186e-01
17.6	   4.274158e+00  -7.258423e-01   3.799837e+00  -1.200163e+00   4.231946e+00  -7.680538e-01   3.794699e+00  -1.205301e+00   4.265262e+00  -7.347384e-01
17.7	   4.278215e+00  -7.217847e-01   3.823469e+00  -1.176531e+00   4.185981e+00  -8.140189e-01   3.819213e+00  -1.180787e+00   4.216114e+00  -7.838856e-01
17.8	   4.259622e+00  -7.403778e-01   3.856549e+00  -1.143451e+00   4.131244e+00  -8.687565e-01   3.853750e+00  -1.146250e+00   4.154648e+00  -8.453524e-01
17.9	   4.223595e+00  -7.764049e-01   3.898339e+00  -1.101661e+00   4.072642e+00  -9.273582e-01   3.897541e+00  -1.102459e+00   4.087796e+00  -9.122036e-01
18	   4.175127e+00  -8.248726e-01   3.947648e+00  -1.052352e+00   4.014078e+00  -9.859219e-01   3.949556e+00  -1.050444e+00   4.021120e+00  -9.788802e-01
18.1	   4.119007e+00  -8.809925e-01   4.002862e+00  -9.971380e-01   3.958425e+00  -1.041575e+00   4.008167e+00  -9.918327e-01   3.958526e+00  -1.041474e+00
18.2	   4.059546e+00  -9.404545e-01   4.061726e+00  -9.382743e-01   3.907991e+00  -1.092009e+00   4.071174e+00  -9.288261e-01   3.902781e+00  -1.097219e+00
18.3	   4.000160e+00  -9.998403e-01   4.121527e+00  -8.784733e-01   3.864711e+00  -1.135289e+00   4.134973e+00  -8.650270e-01   3.855705e+00  -1.144295e+00
18.4	   3.943615e+00  -1.056385e+00   4.177935e+00  -8.220654e-01   3.829738e+00  -1.170262e+00   4.193837e+00  -8.061631e-01   3.818582e+00  -1.181418e+00
18.5	   3.892249e+00  -1.107751e+00   4.225515e+00  -7.744853e-01   3.803914e+00  -1.196086e+00   4.240218e+00  -7.597819e-01   3.792110e+00  -1.207890e+00
18.6	   3.848319e+00  -1.151681e+00   4.258421e+00  -7.415789e-01   3.787922e+00  -1.212078e+00   4.266923e+00  -7.330771e-01   3.776684e+00  -1.223316e+00
18.7	   3.813592e+00  -1.186408e+00   4.271751e+00  -7.282486e-01   3.782302e+00  -1.217698e+00   4.272673e+00  -7.273267e-01   3.772490e+00  -1.227510e+00
18.8	   3.788750e+00  -1.211250e+00   4.263489e+00  -7.365109e-01   3.787245e+00  -1.212755e+00   4.259410e+00  -7.405904e-01   3.779442e+00  -1.220558e+00
18.9	   3.774685e+00  -1.225315e+00   4.235331e+00  -7.646691e-01   3.802791e+00  -1.197209e+00   4.228904e+00  -7.710964e-01   3.797275e+00  -1.202725e+00
19	   3.771671e+00  -1.228329e+00   4.191036e+00  -8.089643e-01   3.828624e+00  -1.171376e+00   4.183602e+00  -8.163979e-01   3.825398e+00  -1.174602e+00
19.1	   3.779969e+00  -1.220031e+00   4.135837e+00  -8.641628e-01   3.864036e+00  -1.135964e+00   4.128375e+00  -8.716255e-01   3.862986e+00  -1.137014e+00
19.2	   3.799625e+00  -1.200375e+00   4.075637e+00  -9.243628e-01   3.908032e+00  -1.091968e+00   4.068512e+00  -9.314884e-01   3.908842e+00  -1.091158e+00
19.3	   3.830325e+00  -1.169675e+00   4.015238e+00  -9.847624e-01   3.959450e+00  -1.040550e+00   4.008375e+00  -9.916251e-01   3.961529e+00  -1.038471e+00
19.4	   3.871196e+00  -1.128804e+00   3.958143e+00  -1.041857e+00   4.016776e+00  -9.832242e-01   3.951301e+00  -1.048699e+00   4.019074e+00  -9.809263e-01
19.5	   3.921185e+00  -1.078815e+00   3.906845e+00  -1.093155e+00   4.077077e+00  -9.229230e-01   3.899846e+00  -1.100154e+00   4.078904e+00  -9.210964e-01
19.6	   3.978702e+00  -1.021298e+00   3.863080e+00  -1.136920e+00   4.136788e+00  -8.632119e-01   3.855838e+00  -1.144162e+00   4.137819e+00  -8.621809e-01
19.7	   4.040951e+00  -9.590491e-01   3.828080e+00  -1.171920e+00   4.191188e+00  -8.088117e-01   3.820703e+00  -1.179297e+00   4.191728e+00  -8.082716e-01
19.8	   4.104368e+00  -8.956316e-01   3.802603e+00  -1.197397e+00   4.234441e+00  -7.655589e-01   3.795499e+00  -1.204501e+00   4.236881e+00  -7.631192e-01
19.9	   4.164368e+00  -8.356320e-01   3.787204e+00  -1.212796e+00   4.262241e+00  -7.377594e-01   3.780956e+00  -1.219044e+00   4.267256e+00  -7.327444e-01
20	   4.216230e+00  -7.837701e-01   3.782144e+00  -1.217856e+00   4.269420e+00  -7.305798e-01   3.777358e+00  -1.222642e+00   4.278085e+00  -7.219154e-01
20.1	   4.255111e+00  -7.448887e-01   3.787538e+00  -1.212462e+00   4.253451e+00  -7.465487e-01   3.784851e+00  -1.215149e+00   4.265836e+00  -7.341640e-01
20.2	   4.276831e+00  -7.231690e-01   3.803298e+00  -1.196702e+00   4.218575e+00  -7.814251e-01   3.803324e+00  -1.196676e+00   4.232162e+00  -7.678384e-01
20.3	   4.276107e+00  -7.238935e-01   3.829002e+00  -1.170998e+00   4.170870e+00  -8.291302e-01   3.832394e+00  -1.167606e+00   4.182928e+00  -8.170720e-01
20.4	   4.253526e+00  -7.464737e-01   3.863958e+00  -1.136042e+00   4.115952e+00  -8.840475e-01   3.871270e+00  -1.128730e+00   4.124547e+00  -8.754534e-01
20.5	   4.214528e+00  -7.854718e-01   3.907319e+00  -1.092681e+00   4.058458e+00  -9.415421e-01   3.918896e+00  -1.081104e+00   4.062480e+00  -9.375197e-01
20.6	   4.164104e+00  -8.358965e-01   3.957915e+00  -1.042085e+00   4.001480e+00  -9.985199e-01   3.973528e+00  -1.026472e+00   4.000988e+00  -9.990117e-01
20.7	   4.106979e+00  -8.930212e-01   4.014089e+00  -9.859110e-01   3.947983e+00  -1.052017e+00   4.032541e+00  -9.674588e-01   3.943336e+00  -1.056664e+00
20.8	   4.047214e+00  -9.527858e-01   4.073720e+00  -9.262804e-01   3.899979e+00  -1.100021e+00   4.092925e+00  -9.070755e-01   3.891965e+00  -1.108035e+00
20.9	   3.988115e+00  -1.011885e+00   4.133443e+00  -8.665574e-01   3.859098e+00  -1.140902e+00   4.151216e+00  -8.487845e-01   3.848586e+00  -1.151414e+00
21	   3.932368e+00  -1.067632e+00   4.188599e+00  -8.114006e-01   3.826601e+00  -1.173399e+00   4.203375e+00  -7.966249e-01   3.814502e+00  -1.185498e+00
21.1	   3.882309e+00  -1.117691e+00   4.233677e+00  -7.663233e-01   3.803307e+00  -1.196693e+00   4.243728e+00  -7.562720e-01   3.790600e+00  -1.209400e+00
21.2	   3.840155e+00  -1.159845e+00   4.262711e+00  -7.372890e-01   3.789699e+00  -1.210301e+00   4.267239e+00  -7.327606e-01   3.777479e+00  -1.222521e+00
21.3	   3.807362e+00  -1.192638e+00   4.271450e+00  -7.285495e-01   3.786056e+00  -1.213944e+00   4.269008e+00  -7.309923e-01   3.775418e+00  -1.224582e+00
21.4	   3.784665e+00  -1.215335e+00   4.259363e+00  -7.406373e-01   3.792579e+00  -1.207421e+00   4.249471e+00  -7.505289e-01   3.784459e+00  -1.215541e+00
21.5	   3.772838e+00  -1.227162e+00   4.228181e+00  -7.718189e-01   3.809455e+00  -1.190545e+00   4.213155e+00  -7.868452e-01   3.804341e+00  -1.195659e+00
21.6	   3.772176e+00  -1.227824e+00   4.181514e+00  -8.184862e-01   3.836343e+00  -1.163657e+00   4.164454e+00  -8.355462e-01   3.834699e+00  -1.165301e+00
21.7	   3.782900e+00  -1.217100e+00   4.124889e+00  -8.751110e-01   3.872457e+00  -1.127543e+00   4.107825e+00  -8.921751e-01   3.874975e+00  -1.125025e+00
21.8	   3.804938e+00  -1.195062e+00   4.064212e+00  -9.357875e-01   3.917204e+00  -1.082796e+00   4.047958e+00  -9.520425e-01   3.924035e+00  -1.075965e+00
21.9	   3.837905e+00  -1.162095e+00   4.004107e+00  -9.958929e-01   3.969334e+00  -1.030666e+00   3.988958e+00  -1.011042e+00   3.980323e+00  -1.019677e+00
22	   3.880835e+00  -1.119165e+00   3.947851e+00  -1.052149e+00   4.026492e+00  -9.735081e-01   3.934018e+00  -1.065982e+00   4.041125e+00  -9.588747e-01
22.1	   3.932578e+00  -1.067422e+00   3.897829e+00  -1.102171e+00   4.086306e+00  -9.136937e-01   3.885478e+00  -1.114522e+00   4.102916e+00  -8.970838e-01
22.2	   3.991314e+00  -1.008686e+00   3.855625e+00  -1.144375e+00   4.145181e+00  -8.548195e-01   3.845082e+00  -1.154918e+00   4.161008e+00  -8.389923e-01
22.3	   4.054034e+00  -9.459658e-01   3.822336e+00  -1.177664e+00   4.198505e+00  -8.014949e-01   3.813973e+00  -1.186027e+00   4.210986e+00  -7.890141e-01
22.4	   4.117047e+00  -8.829527e-01   3.798748e+00  -1.201252e+00   4.240429e+00  -7.595708e-01   3.792926e+00  -1.207074e+00   4.249114e+00  -7.508859e-01
22.5	   4.175785e+00  -8.242152e-01   3.785336e+00  -1.214664e+00   4.264982e+00  -7.350176e-01   3.782381e+00  -1.217619e+00   4.272236e+00  -7.277638e-01
22.6	   4.225516e+00  -7.744835e-01   3.782343e+00  -1.217657e+00   4.266787e+00  -7.332131e-01   3.782489e+00  -1.217511e+00   4.275791e+00  -7.242087e-01
22.7	   4.261356e+00  -7.386437e-01   3.789849e+00  -1.210151e+00   4.246313e+00  -7.536870e-01   3.793312e+00  -1.206688e+00   4.254994e+00  -7.450064e-01
22.8	   4.279002e+00  -7.209984e-01   3.807603e+00  -1.192397e+00   4.208353e+00  -7.916471e-01   3.814526e+00  -1.185474e+00   4.212864e+00  -7.871355e-01
22.9	   4.273481e+00  -7.265194e-01   3.835180e+00  -1.164820e+00   4.159594e+00  -8.404064e-01   3.845526e+00  -1.154474e+00   4.157744e+00  -8.422561e-01
23	   4.247210e+00  -7.527904e-01   3.871800e+00  -1.128200e+00   4.104901e+00  -8.950991e-01   3.885485e+00  -1.114515e+00   4.096594e+00  -9.034060e-01
23.1	   4.205461e+00  -7.945388e-01   3.916527e+00  -1.083473e+00   4.047988e+00  -9.520121e-01   3.933625e+00  -1.066375e+00   4.034484e+00  -9.655157e-01
23.2	   4.153189e+00  -8.468105e-01   3.968369e+00  -1.031631e+00   3.992067e+00  -1.007933e+00   3.988330e+00  -1.011670e+00   3.975092e+00  -1.024908e+00
23.3	   4.095159e+00  -9.048409e-01   4.025532e+00  -9.744683e-01   3.939669e+00  -1.060331e+00   4.047351e+00  -9.526493e-01   3.921164e+00  -1.078836e+00
23.4	   4.035234e+00  -9.647660e-01   4.085546e+00  -9.144539e-01   3.892985e+00  -1.107015e+00   4.107269e+00  -8.927312e-01   3.874601e+00  -1.125399e+00
23.5	   3.976543e+00  -1.023457e+00   4.144558e+00  -8.554417e-01   3.853446e+00  -1.146554e+00   4.163880e+00  -8.361198e-01   3.836704e+00  -1.163296e+00
23.6	   3.921735e+00  -1.078265e+00   4.198186e+00  -8.018143e-01   3.822275e+00  -1.177725e+00   4.212019e+00  -7.879809e-01   3.808329e+00  -1.191671e+00
23.7	   3.873118e+00  -1.126882e+00   4.240383e+00  -7.596175e-01   3.800420e+00  -1.199580e+00   4.247149e+00  -7.528508e-01   3.790081e+00  -1.209919e+00
23.8	   3.832777e+00  -1.167223e+00   4.266116e+00  -7.338841e-01   3.788394e+00  -1.211606e+00   4.264683e+00  -7.353167e-01   3.782278e+00  -1.217722e+00
23.9	   3.802006e+00  -1.197994e+00   4.271415e+00  -7.285848e-01   3.786629e+00  -1.213371e+00   4.262967e+00  -7.370328e-01   3.785025e+00  -1.214975e+00
24	   3.781409e+00  -1.218591e+00   4.255466e+00  -7.445340e-01   3.795124e+00  -1.204876e+00   4.241649e+00  -7.583508e-01   3.798146e+00  -1.201854e+00
24.1	   3.771733e+00  -1.228267e+00   4.220522e+00  -7.794781e-01   3.813643e+00  -1.186357e+00   4.202811e+00  -7.971892e-01   3.821153e+00  -1.178847e+00
24.2	   3.773302e+00  -1.226698e+00   4.170961e+00  -8.290386e-01   3.842023e+00  -1.157977e+00   4.151055e+00  -8.489452e-01   3.853590e+00  -1.146410e+00
24.3	   3.786382e+00  -1.213618e+00   4.112792e+00  -8.872081e-01   3.879814e+00  -1.120186e+00   4.092194e+00  -9.078060e-01   3.894566e+00  -1.105434e+00
24.4	   3.810712e+00  -1.189288e+00   4.051656e+00  -9.483435e-01   3.926093e+00  -1.073907e+00   4.031776e+00  -9.682245e-01   3.942974e+00  -1.057026e+00
24.5	   3.845696e+00  -1.154304e+00   3.991924e+00  -1.008076e+00   3.979334e+00  -1.020666e+00   3.973814e+00  -1.026186e+00   3.997581e+00  -1.002419e+00
24.6	   3.890381e+00  -1.109619e+00   3.936684e+00  -1.063316e+00   4.037866e+00  -9.621344e-01   3.921041e+00  -1.078959e+00   4.056902e+00  -9.430984e-01
24.7	   3.943672e+00  -1.056328e+00   3.888096e+00  -1.111904e+00   4.098023e+00  -9.019772e-01   3.875381e+00  -1.124619e+00   4.117112e+00  -8.828878e-01
24.8	   4.003428e+00  -9.965723e-01   3.847635e+00  -1.152365e+00   4.156334e+00  -8.436656e-01   3.838240e+00  -1.161760e+00   4.174500e+00  -8.254998e-01
24.9	   4.066447e+00  -9.335526e-01   3.816370e+00  -1.183630e+00   4.207564e+00  -7.924357e-01   3.810491e+00  -1.189509e+00   4.222797e+00  -7.772034e-01
25	   4.128911e+00  -8.710894e-01   3.794911e+00  -1.205089e+00   4.246232e+00  -7.537681e-01   3.792781e+00  -1.207219e+00   4.256890e+00  -7.431097e-01
25.1	   4.186207e+00  -8.137929e-01   3.783663e+00  -1.216337e+00   4.266782e+00  -7.332179e-01   3.785499e+00  -1.214501e+00   4.272113e+00  -7.278874e-01
25.2	   4.233337e+00  -7.666629e-01   3.782789e+00  -1.217211e+00   4.265510e+00  -7.344901e-01   3.788558e+00  -1.211442e+00   4.264809e+00  -7.351908e-01
25.3	   4.266057e+00  -7.339434e-01   3.792306e+00  -1.207694e+00   4.241828e+00  -7.581718e-01   3.801004e+00  -1.198996e+00   4.235060e+00  -7.649405e-01
25.4	   4.279172e+00  -7.208283e-01   3.811943e+00  -1.188057e+00   4.201827e+00  -7.981733e-01   3.823449e+00  -1.176551e+00   4.188408e+00  -8.115921e-01
25.5	   4.269176e+00  -7.308243e-01   3.841279e+00  -1.158721e+00   4.151552e+00  -8.484476e-01   3.856229e+00  -1.143771e+00   4.132124e+00  -8.678762e-01
25.6	   4.239393e+00  -7.606071e-01   3.879623e+00  -1.120377e+00   4.095790e+00  -9.042101e-01   3.897452e+00  -1.102548e+00   4.072108e+00  -9.278920e-01
25.7	   4.195205e+00  -8.047947e-01   3.925999e+00  -1.074001e+00   4.038368e+00  -9.616317e-01   3.946045e+00  -1.053955e+00   4.012458e+00  -9.875415e-01
25.8	   4.141500e+00  -8.584998e-01   3.979027e+00  -1.020973e+00   3.982587e+00  -1.017413e+00   4.000323e+00  -9.996769e-01   3.956385e+00  -1.043615e+00
25.9	   4.082891e+00  -9.171086e-01   4.036972e+00  -9.630284e-01   3.930890e+00  -1.069110e+00   4.057747e+00  -9.422528e-01   3.906186e+00  -1.093814e+00
26	   4.023016e+00  -9.769839e-01   4.096936e+00  -9.030644e-01   3.885243e+00  -1.114757e+00   4.116270e+00  -8.837303e-01   3.863426e+00  -1.136574e+00
26.1	   3.965012e+00  -1.034988e+00   4.155733e+00  -8.442670e-01   3.847111e+00  -1.152889e+00   4.171650e+00  -8.283503e-01   3.829386e+00  -1.170614e+00
26.2	   3.911381e+00  -1.088619e+00   4.208289e+00  -7.917115e-01   3.817557e+00  -1.182443e+00   4.218003e+00  -7.819972e-01   3.804878e+00  -1.195122e+00
26.3	   3.864389e+00  -1.135611e+00   4.248436e+00  -7.515637e-01   3.797241e+00  -1.202759e+00   4.249705e+00  -7.502954e-01   3.790311e+00  -1.209689e+00
26.4	   3.825974e+00  -1.174026e+00   4.270479e+00  -7.295205e-01   3.786891e+00  -1.213109e+00   4.261811e+00  -7.381891e-01   3.785947e+00  -1.214053e+00
26.5	   3.797169e+00  -1.202831e+00   4.270967e+00  -7.290329e-01   3.786766e+00  -1.213234e+00   4.253886e+00  -7.461144e-01   3.791887e+00  -1.208113e+00
26.6	   3.778787e+00  -1.221213e+00   4.250396e+00  -7.496043e-01   3.796913e+00  -1.203087e+00   4.227099e+00  -7.729012e-01   3.807819e+00  -1.192181e+00
26.7	   3.771378e+00  -1.228622e+00   4.212027e+00  -7.879732e-01   3.817185e+00  -1.182815e+00   4.185296e+00  -8.147039e-01   3.833309e+00  -1.166691e+00
26.8	   3.775228e+00  -1.224772e+00   4.160432e+00  -8.395685e-01   3.847359e+00  -1.152641e+00   4.133055e+00  -8.669450e-01   3.868184e+00  -1.131816e+00
26.9	   3.790611e+00  -1.209389e+00   4.101372e+00  -8.986279e-01   3.886850e+00  -1.113150e+00   4.075490e+00  -9.245101e-01   3.911677e+00  -1.088323e+00
27	   3.817230e+00  -1.182770e+00   4.040220e+00  -9.597796e-01   3.934585e+00  -1.065415e+00   4.017425e+00  -9.825751e-01   3.962075e+00  -1.037925e+00
27.1	   3.854407e+00  -1.145593e+00   3.981148e+00  -1.018852e+00   3.989022e+00  -1.010978e+00   3.962132e+00  -1.037868e+00   4.017206e+00  -9.827936e-01
27.2	   3.901074e+00  -1.098926e+00   3.927030e+00  -1.072970e+00   4.047976e+00  -9.520241e-01   3.912291e+00  -1.087709e+00   4.076007e+00  -9.239933e-01
27.3	   3.955969e+00  -1.044031e+00   3.879867e+00  -1.120133e+00   4.108387e+00  -8.916132e-01   3.869644e+00  -1.130356e+00   4.134566e+00  -8.654339e-01
27.4	   4.016667e+00  -9.833331e-01   3.840930e+00  -1.159070e+00   4.166066e+00  -8.339338e-01   3.835133e+00  -1.164867e+00   4.189773e+00  -8.102268e-01
27.5	   4.079915e+00  -9.200852e-01   3.811226e+00  -1.188774e+00   4.215672e+00  -7.843284e-01   3.809751e+00  -1.190249e+00   4.236190e+00  -7.638096e-01
27.6	   4.141673e+00  -8.583267e-01   3.791521e+00  -1.208479e+00   4.251405e+00  -7.485948e-01   3.794187e+00  -1.205813e+00   4.266157e+00  -7.338433e-01
27.7	   4.197320e+00  -8.026803e-01   3.782202e+00  -1.217798e+00   4.267741e+00  -7.322590e-01   3.788897e+00  -1.211103e+00   4.272649e+00  -7.273508e-01
27.8	   4.241689e+00  -7.583105e-01   3.783270e+00  -1.216730e+00   4.261133e+00  -7.388669e-01   3.793849e+00  -1.206151e+00   4.254157e+00  -7.458434e-01
27.9	   4.270831e+00  -7.291691e-01   3.794696e+00  -1.205304e+00   4.233997e+00  -7.660026e-01   3.808757e+00  -1.191243e+00   4.216705e+00  -7.832955e-01
28	   4.279327e+00  -7.206726e-01   3.816155e+00  -1.183845e+00   4.191971e+00  -8.080287e-01   3.833117e+00  -1.166883e+00   4.166969e+00  -8.330308e-01
28.1	   4.264745e+00  -7.352552e-01   3.847175e+00  -1.152825e+00   4.140639e+00  -8.593605e-01   3.866587e+00  -1.133413e+00   4.110728e+00  -8.892724e-01
28.2	   4.231516e+00  -7.684839e-01   3.887096e+00  -1.112904e+00   4.084573e+00  -9.154269e-01   3.908449e+00  -1.091551e+00   4.052278e+00  -9.477222e-01
28.3	   4.184805e+00  -8.151949e-01   3.935006e+00  -1.064994e+00   4.027646e+00  -9.723540e-01   3.957264e+00  -1.042736e+00   3.994950e+00  -1.005050e+00
28.4	   4.129567e+00  -8.704330e-01   3.989216e+00  -1.010784e+00   3.972704e+00  -1.027296e+00   4.011811e+00  -9.881893e-01   3.941358e+00  -1.058642e+00
28.5	   4.070318e+00  -9.296823e-01   4.047921e+00  -9.520793e-01   3.922227e+00  -1.077773e+00   4.069045e+00  -9.309547e-01   3.893732e+00  -1.106268e+00
28.6	   4.010526e+00  -9.894739e-01   4.108243e+00  -8.917574e-01   3.878053e+00  -1.121947e+00   4.126421e+00  -8.735789e-01   3.853802e+00  -1.146198e+00
28.7	   3.953185e+00  -1.046815e+00   4.166138e+00  -8.338623e-01   3.841613e+00  -1.158387e+00   4.179531e+00  -8.204692e-01   3.822468e+00  -1.177532e+00
28.8	   3.900671e+00  -1.099329e+00   4.216909e+00  -7.830909e-01   3.813860e+00  -1.186140e+00   4.222944e+00  -7.770561e-01   3.800401e+00  -1.199599e+00
28.9	   3.855266e+00  -1.144734e+00   4.254065e+00  -7.459347e-01   3.795663e+00  -1.204337e+00   4.251473e+00  -7.485267e-01   3.788089e+00  -1.211911e+00
29	   3.818752e+00  -1.181248e+00   4.271926e+00  -7.280739e-01   3.787518e+00  -1.212482e+00   4.261583e+00  -7.384170e-01   3.785957e+00  -1.214043e+00
29.1	   3.791955e+00  -1.208045e+00   4.268096e+00  -7.319042e-01   3.789568e+00  -1.210432e+00   4.251270e+00  -7.487301e-01   3.794010e+00  -1.205990e+00
29.2	   3.775670e+00  -1.224330e+00   4.243845e+00  -7.561551e-01   3.801828e+00  -1.198172e+00   4.221870e+00  -7.781303e-01   3.812301e+00  -1.187699e+00
29.3	   3.770446e+00  -1.229554e+00   4.202672e+00  -7.973283e-01   3.824145e+00  -1.175855e+00   4.177284e+00  -8.227162e-01   3.840535e+00  -1.159465e+00
29.4	   3.776602e+00  -1.223398e+00   4.149437e+00  -8.505628e-01   3.856151e+00  -1.143849e+00   4.122934e+00  -8.770660e-01   3.877404e+00  -1.122596e+00
29.5	   3.794284e+00  -1.205716e+00   4.089900e+00  -9.101002e-01   3.897077e+00  -1.102923e+00   4.064301e+00  -9.356991e-01   3.921827e+00  -1.078173e+00
29.6	   3.823128e+00  -1.176872e+00   4.029130e+00  -9.708696e-01   3.945935e+00  -1.054065e+00   4.005765e+00  -9.942346e-01   3.973731e+00  -1.026269e+00
29.7	   3.862365e+00  -1.137635e+00   3.970966e+00  -1.029034e+00   4.001246e+00  -9.987542e-01   3.950896e+00  -1.049104e+00   4.030824e+00  -9.691760e-01
29.8	   3.910905e+00  -1.089095e+00   3.918051e+00  -1.081949e+00   4.060525e+00  -9.394754e-01   3.901839e+00  -1.098161e+00   4.090178e+00  -9.098225e-01
29.9	   3.967244e+00  -1.032756e+00   3.872316e+00  -1.127684e+00   4.120258e+00  -8.797424e-01   3.860118e+00  -1.139882e+00   4.148351e+00  -8.516486e-01
30	   4.028821e+00  -9.711786e-01   3.835136e+00  -1.164864e+00   4.176078e+00  -8.239220e-01   3.827108e+00  -1.172892e+00   4.201392e+00  -7.986080e-01
30.1	   4.092318e+00  -9.076817e-01   3.807425e+00  -1.192575e+00   4.222601e+00  -7.773986e-01   3.803524e+00  -1.196476e+00   4.243623e+00  -7.563768e-01
30.2	   4.153513e+00  -8.464871e-01   3.789804e+00  -1.210196e+00   4.254721e+00  -7.452790e-01   3.789846e+00  -1.210154e+00   4.268049e+00  -7.319514e-01
30.3	   4.207503e+00  -7.924973e-01   3.782618e+00  -1.217382e+00   4.267306e+00  -7.326943e-01   3.786135e+00  -1.213865e+00   4.269715e+00  -7.302852e-01
30.4	   4.249674e+00  -7.503256e-01   3.785854e+00  -1.214146e+00   4.257173e+00  -7.428265e-01   3.792530e+00  -1.207470e+00   4.247480e+00  -7.525198e-01
30.5	   4.275325e+00  -7.246748e-01   3.799355e+00  -1.200645e+00   4.226899e+00  -7.731013e-01   3.809237e+00  -1.190763e+00   4.208587e+00  -7.914130e-01
30.6	   4.279476e+00  -7.205244e-01   3.822743e+00  -1.177257e+00   4.181961e+00  -8.180385e-01   3.836001e+00  -1.163999e+00   4.157646e+00  -8.423544e-01
30.7	   4.260897e+00  -7.391030e-01   3.855571e+00  -1.144429e+00   4.128733e+00  -8.712670e-01   3.871709e+00  -1.128291e+00   4.100846e+00  -8.991538e-01
30.8	   4.224687e+00  -7.753127e-01   3.897044e+00  -1.102956e+00   4.071766e+00  -9.282341e-01   3.915600e+00  -1.084400e+00   4.042698e+00  -9.573018e-01
30.9	   4.175944e+00  -8.240560e-01   3.945993e+00  -1.054007e+00   4.014595e+00  -9.854052e-01   3.966668e+00  -1.033332e+00   3.986009e+00  -1.013991e+00
31	   4.119502e+00  -8.804977e-01   4.000863e+00  -9.991374e-01   3.960013e+00  -1.039987e+00   4.022500e+00  -9.775001e-01   3.933802e+00  -1.066198e+00
31.1	   4.059708e+00  -9.402921e-01   4.059822e+00  -9.401779e-01   3.910388e+00  -1.089612e+00   4.081628e+00  -9.183724e-01   3.887757e+00  -1.112243e+00
31.2	   4.000074e+00  -9.999257e-01   4.119690e+00  -8.803104e-01   3.867528e+00  -1.132472e+00   4.139314e+00  -8.606863e-01   3.849455e+00  -1.150545e+00
31.3	   3.943372e+00  -1.056628e+00   4.176303e+00  -8.236975e-01   3.832636e+00  -1.167364e+00   4.191534e+00  -8.084662e-01   3.819884e+00  -1.180116e+00
31.4	   3.891916e+00  -1.108084e+00   4.224440e+00  -7.755599e-01   3.806767e+00  -1.193233e+00   4.232734e+00  -7.672657e-01   3.799511e+00  -1.200489e+00
31.5	   3.847908e+00  -1.152092e+00   4.257772e+00  -7.422285e-01   3.790639e+00  -1.209361e+00   4.258115e+00  -7.418850e-01   3.788763e+00  -1.211237e+00
31.6	   3.813104e+00  -1.186896e+00   4.271218e+00  -7.287818e-01   3.784714e+00  -1.215286e+00   4.264592e+00  -7.354082e-01   3.788395e+00  -1.211605e+00
31.7	   3.788173e+00  -1.211827e+00   4.263115e+00  -7.368847e-01   3.789139e+00  -1.210861e+00   4.250782e+00  -7.492178e-01   3.797960e+00  -1.202040e+00
31.8	   3.774009e+00  -1.225991e+00   4.235400e+00  -7.645998e-01   3.803767e+00  -1.196233e+00   4.218577e+00  -7.814228e-01   3.816900e+00  -1.183100e+00
31.9	   3.771037e+00  -1.228963e+00   4.191373e+00  -8.086268e-01   3.828465e+00  -1.171535e+00   4.171808e+00  -8.281922e-01   3.845284e+00  -1.154716e+00
32	   3.779462e+00  -1.220538e+00   4.136153e+00  -8.638468e-01   3.862895e+00  -1.137105e+00   4.115960e+00  -8.840403e-01   3.882816e+00  -1.117184e+00
32.1	   3.799189e+00  -1.200811e+00   4.075650e+00  -9.243503e-01   3.906066e+00  -1.093934e+00   4.056517e+00  -9.434834e-01   3.928048e+00  -1.071952e+00
32.2	   3.829864e+00  -1.170136e+00   4.014785e+00  -9.852150e-01   3.956811e+00  -1.043189e+00   3.997878e+00  -1.002122e+00   3.979438e+00  -1.020562e+00
32.3	   3.870645e+00  -1.129355e+00   3.957223e+00  -1.042777e+00   4.013626e+00  -9.863739e-01   3.943120e+00  -1.056880e+00   4.035807e+00  -9.641926e-01
32.4	   3.920503e+00  -1.079497e+00   3.905637e+00  -1.094363e+00   4.074146e+00  -9.258537e-01   3.894469e+00  -1.105531e+00   4.094902e+00  -9.050984e-01
32.5	   3.977669e+00  -1.022331e+00   3.861664e+00  -1.138336e+00   4.134009e+00  -8.659909e-01   3.853648e+00  -1.146352e+00   4.152312e+00  -8.476884e-01
32.6	   4.039457e+00  -9.605426e-01   3.826509e+00  -1.173491e+00   4.188969e+00  -8.110311e-01   3.821409e+00  -1.178591e+00   4.203444e+00  -7.965563e-01
32.7	   4.102299e+00  -8.977009e-01   3.801051e+00  -1.198949e+00   4.233224e+00  -7.667758e-01   3.798609e+00  -1.201391e+00   4.241757e+00  -7.582426e-01
32.8	   4.162105e+00  -8.378955e-01   3.785816e+00  -1.214184e+00   4.262228e+00  -7.377716e-01   3.785778e+00  -1.214222e+00   4.260803e+00  -7.391974e-01
32.9	   4.213912e+00  -7.860880e-01   3.781009e+00  -1.218991e+00   4.270656e+00  -7.293438e-01   3.783460e+00  -1.216540e+00   4.257211e+00  -7.427889e-01
33	   4.253042e+00  -7.469576e-01   3.786608e+00  -1.213392e+00   4.256691e+00  -7.433090e-01   3.791603e+00  -1.208397e+00   4.232558e+00  -7.674420e-01
33.1	   4.274618e+00  -7.253825e-01   3.802491e+00  -1.197509e+00   4.222897e+00  -7.771030e-01   3.809718e+00  -1.190282e+00   4.192638e+00  -8.073615e-01
33.2	   4.273870e+00  -7.261299e-01   3.828335e+00  -1.171665e+00   4.175521e+00  -8.244790e-01   3.837540e+00  -1.162460e+00   4.142483e+00  -8.575173e-01
33.3	   4.251156e+00  -7.488444e-01   3.863581e+00  -1.136419e+00   4.120337e+00  -8.796629e-01   3.874657e+00  -1.125343e+00   4.087354e+00  -9.126464e-01
33.4	   4.211794e+00  -7.882062e-01   3.907338e+00  -1.092662e+00   4.061991e+00  -9.380086e-01   3.920072e+00  -1.079928e+00   4.031104e+00  -9.688956e-01
33.5	   4.161028e+00  -8.389717e-01   3.958390e+00  -1.041610e+00   4.004076e+00  -9.959242e-01   3.972123e+00  -1.027877e+00   3.976864e+00  -1.023136e+00
33.6	   4.103700e+00  -8.962998e-01   4.014972e+00  -9.850283e-01   3.949420e+00  -1.050580e+00   4.028956e+00  -9.710443e-01   3.927120e+00  -1.072880e+00
33.7	   4.043913e+00  -9.560873e-01   4.074902e+00  -9.250980e-01   3.900155e+00  -1.099845e+00   4.088084e+00  -9.119159e-01   3.883522e+00  -1.116478e+00
33.8	   3.985076e+00  -1.014924e+00   4.134969e+00  -8.650310e-01   3.857885e+00  -1.142115e+00   4.145275e+00  -8.547253e-01   3.847291e+00  -1.152709e+00
33.9	   3.929938e+00  -1.070062e+00   4.190527e+00  -8.094735e-01   3.823974e+00  -1.176026e+00   4.196371e+00  -8.036290e-01   3.819385e+00  -1.180615e+00
34	   3.880743e+00  -1.119257e+00   4.236028e+00  -7.639716e-01   3.799253e+00  -1.200747e+00   4.235690e+00  -7.643104e-01   3.800622e+00  -1.199378e+00
34.1	   3.839592e+00  -1.160408e+00   4.265445e+00  -7.345548e-01   3.784297e+00  -1.215703e+00   4.258564e+00  -7.414359e-01   3.791451e+00  -1.208549e+00
34.2	   3.807675e+00  -1.192325e+00   4.274152e+00  -7.258480e-01   3.779637e+00  -1.220363e+00   4.261624e+00  -7.383757e-01   3.792085e+00  -1.207915e+00
34.3	   3.785711e+00  -1.214289e+00   4.261401e+00  -7.385987e-01   3.785367e+00  -1.214633e+00   4.245100e+00  -7.549004e-01   3.802496e+00  -1.197504e+00
34.4	   3.774178e+00  -1.225822e+00   4.229297e+00  -7.707026e-01   3.801589e+00  -1.198411e+00   4.210337e+00  -7.896626e-01   3.822398e+00  -1.177602e+00
34.5	   3.773521e+00  -1.226479e+00   4.181720e+00  -8.182801e-01   3.828183e+00  -1.171817e+00   4.161463e+00  -8.385372e-01   3.851509e+00  -1.148491e+00
34.6	   3.784093e+00  -1.215907e+00   4.123943e+00  -8.760574e-01   3.864681e+00  -1.135319e+00   4.104810e+00  -8.951900e-01   3.889278e+00  -1.110722e+00
34.7	   3.806018e+00  -1.193982e+00   4.061851e+00  -9.381486e-01   3.910210e+00  -1.089790e+00   4.045509e+00  -9.544910e-01   3.934513e+00  -1.065487e+00
34.8	   3.838842e+00  -1.161158e+00   4.000347e+00  -9.996529e-01   3.963339e+00  -1.036661e+00   3.987569e+00  -1.012431e+00   3.985877e+00  -1.014123e+00
34.9	   3.881592e+00  -1.118408e+00   3.942888e+00  -1.057112e+00   4.022011e+00  -9.779886e-01   3.933920e+00  -1.066080e+00   4.041654e+00  -9.583456e-01
35	   3.932948e+00  -1.067052e+00   3.891947e+00  -1.108053e+00   4.083274e+00  -9.167264e-01   3.886672e+00  -1.113328e+00   4.099066e+00  -9.009339e-01
35.1	   3.991443e+00  -1.008557e+00   3.849160e+00  -1.150840e+00   4.142985e+00  -8.570145e-01   3.847281e+00  -1.152719e+00   4.154139e+00  -8.458608e-01
35.2	   4.054346e+00  -9.456540e-01   3.815618e+00  -1.184382e+00   4.196810e+00  -8.031900e-01   3.816761e+00  -1.183239e+00   4.201956e+00  -7.980437e-01
35.3	   4.117772e+00  -8.822283e-01   3.791963e+00  -1.208037e+00   4.239848e+00  -7.601522e-01   3.795716e+00  -1.204284e+00   4.236090e+00  -7.639100e-01
35.4	   4.176641e+00  -8.233590e-01   3.778628e+00  -1.221372e+00   4.265776e+00  -7.342245e-01   3.784689e+00  -1.215311e+00   4.249583e+00  -7.504169e-01
35.5	   4.224999e+00  -7.750007e-01   3.775813e+00  -1.224187e+00   4.270502e+00  -7.294976e-01   3.783808e+00  -1.216192e+00   4.241286e+00  -7.587142e-01
35.6	   4.258097e+00  -7.419031e-01   3.783499e+00  -1.216501e+00   4.252358e+00  -7.476421e-01   3.793138e+00  -1.206862e+00   4.213995e+00  -7.860051e-01
35.7	   4.273379e+00  -7.266211e-01   3.801437e+00  -1.198563e+00   4.214899e+00  -7.851006e-01   3.812323e+00  -1.187677e+00   4.173117e+00  -8.268832e-01
35.8	   4.267508e+00  -7.324918e-01   3.829195e+00  -1.170805e+00   4.164980e+00  -8.350196e-01   3.840879e+00  -1.159121e+00   4.123408e+00  -8.765917e-01
35.9	   4.240456e+00  -7.595437e-01   3.866164e+00  -1.133836e+00   4.108604e+00  -8.913959e-01   3.878204e+00  -1.121796e+00   4.069185e+00  -9.308155e-01
36	   4.198086e+00  -8.019145e-01   3.911576e+00  -1.088424e+00   4.050070e+00  -9.499301e-01   3.923471e+00  -1.076529e+00   4.014207e+00  -9.857930e-01
36.1	   4.145823e+00  -8.541771e-01   3.964173e+00  -1.035827e+00   3.992679e+00  -1.007321e+00   3.975381e+00  -1.024619e+00   3.961541e+00  -1.038459e+00
36.2	   4.087994e+00  -9.120060e-01   4.022274e+00  -9.777256e-01   3.939040e+00  -1.060960e+00   4.031775e+00  -9.682255e-01   3.913680e+00  -1.086320e+00
36.3	   4.028474e+00  -9.715257e-01   4.083056e+00  -9.169444e-01   3.891142e+00  -1.108858e+00   4.089719e+00  -9.102808e-01   3.872211e+00  -1.127789e+00
36.4	   3.970273e+00  -1.029727e+00   4.143174e+00  -8.568255e-01   3.850470e+00  -1.149530e+00   4.145033e+00  -8.549672e-01   3.838326e+00  -1.161674e+00
36.5	   3.915972e+00  -1.084028e+00   4.197567e+00  -8.024332e-01   3.818157e+00  -1.181843e+00   4.192870e+00  -8.071298e-01   3.812945e+00  -1.187055e+00
36.6	   3.867854e+00  -1.132146e+00   4.240409e+00  -7.595907e-01   3.794914e+00  -1.205086e+00   4.227707e+00  -7.722933e-01   3.796643e+00  -1.203357e+00
36.7	   3.828094e+00  -1.171906e+00   4.265863e+00  -7.341370e-01   3.781369e+00  -1.218631e+00   4.245488e+00  -7.545124e-01   3.789909e+00  -1.210091e+00
36.8	   3.797869e+00  -1.202131e+00   4.270752e+00  -7.292482e-01   3.777915e+00  -1.222085e+00   4.244532e+00  -7.554681e-01   3.792922e+00  -1.207078e+00
36.9	   3.777880e+00  -1.222120e+00   4.254666e+00  -7.453338e-01   3.784774e+00  -1.215226e+00   4.224832e+00  -7.751677e-01   3.805669e+00  -1.194331e+00
37	   3.768589e+00  -1.231411e+00   4.220336e+00  -7.796639e-01   3.802040e+00  -1.197960e+00   4.188013e+00  -8.119874e-01   3.827792e+00  -1.172208e+00
37.1	   3.770422e+00  -1.229578e+00   4.171740e+00  -8.282599e-01   3.829554e+00  -1.170446e+00   4.138501e+00  -8.614994e-01   3.858801e+00  -1.141199e+00
37.2	   3.783694e+00  -1.216306e+00   4.114191e+00  -8.858087e-01   3.866670e+00  -1.133330e+00   4.082025e+00  -9.179754e-01   3.898092e+00  -1.101908e+00
37.3	   3.808232e+00  -1.191768e+00   4.052940e+00  -9.470599e-01   3.912421e+00  -1.087579e+00   4.023882e+00  -9.761183e-01   3.944508e+00  -1.055492e+00
37.4	   3.843445e+00  -1.156555e+00   3.992394e+00  -1.007606e+00   3.965657e+00  -1.034343e+00   3.968157e+00  -1.031843e+00   3.996750e+00  -1.003250e+00
37.5	   3.888561e+00  -1.111439e+00   3.935900e+00  -1.064100e+00   4.024470e+00  -9.755304e-01   3.917494e+00  -1.082506e+00   4.052609e+00  -9.473915e-01
37.6	   3.942273e+00  -1.057727e+00   3.885761e+00  -1.114239e+00   4.085925e+00  -9.140753e-01   3.873706e+00  -1.126294e+00   4.109535e+00  -8.904652e-01
37.7	   4.002367e+00  -9.976327e-01   3.843589e+00  -1.156411e+00   4.145918e+00  -8.540822e-01   3.837868e+00  -1.162132e+00   4.163689e+00  -8.363113e-01
37.8	   4.065722e+00  -9.342785e-01   3.810534e+00  -1.189466e+00   4.198754e+00  -8.012463e-01   3.810829e+00  -1.189171e+00   4.208901e+00  -7.910986e-01
37.9	   4.128417e+00  -8.715825e-01   3.787360e+00  -1.212640e+00   4.238162e+00  -7.618376e-01   3.793139e+00  -1.206861e+00   4.236989e+00  -7.630109e-01
38	   4.185504e+00  -8.144964e-01   3.774570e+00  -1.225430e+00   4.258556e+00  -7.414443e-01   3.785105e+00  -1.214895e+00   4.241815e+00  -7.581854e-01
38.1	   4.231709e+00  -7.682906e-01   3.772441e+00  -1.227559e+00   4.255987e+00  -7.440129e-01   3.786826e+00  -1.213174e+00   4.224232e+00  -7.757683e-01
38.2	   4.263270e+00  -7.367297e-01   3.781021e+00  -1.218979e+00   4.231017e+00  -7.689827e-01   3.798342e+00  -1.201658e+00   4.188919e+00  -8.110809e-01
38.3	   4.275616e+00  -7.243843e-01   3.800123e+00  -1.199877e+00   4.190253e+00  -8.097466e-01   3.819469e+00  -1.180531e+00   4.141819e+00  -8.581806e-01
38.4	   4.264688e+00  -7.353118e-01   3.829271e+00  -1.170729e+00   4.139981e+00  -8.600189e-01   3.849807e+00  -1.150193e+00   4.088125e+00  -9.118755e-01
38.5	   4.233785e+00  -7.662152e-01   3.867690e+00  -1.132310e+00   4.084851e+00  -9.151486e-01   3.888637e+00  -1.111363e+00   4.032323e+00  -9.676769e-01
38.6	   4.188577e+00  -8.114227e-01   3.914344e+00  -1.085656e+00   4.028468e+00  -9.715323e-01   3.934963e+00  -1.065037e+00   3.978148e+00  -1.021852e+00
38.7	   4.134076e+00  -8.659240e-01   3.967717e+00  -1.032283e+00   3.973610e+00  -1.026390e+00   3.987329e+00  -1.012671e+00   3.928324e+00  -1.071676e+00
38.8	   4.074764e+00  -9.252360e-01   4.025804e+00  -9.741962e-01   3.922700e+00  -1.077300e+00   4.043369e+00  -9.566312e-01   3.884802e+00  -1.115198e+00
38.9	   4.014342e+00  -9.856578e-01   4.085851e+00  -9.141488e-01   3.877635e+00  -1.122365e+00   4.100057e+00  -8.999428e-01   3.848867e+00  -1.151133e+00
39	   3.955786e+00  -1.044214e+00   4.144133e+00  -8.558674e-01   3.839888e+00  -1.160112e+00   4.153820e+00  -8.461799e-01   3.821248e+00  -1.178752e+00
39.1	   3.901757e+00  -1.098243e+00   4.196433e+00  -8.035669e-01   3.810595e+00  -1.189405e+00   4.199242e+00  -8.007584e-01   3.802573e+00  -1.197427e+00
39.2	   3.854497e+00  -1.145503e+00   4.237269e+00  -7.627312e-01   3.790578e+00  -1.209422e+00   4.229469e+00  -7.705306e-01   3.793124e+00  -1.206876e+00
39.3	   3.815900e+00  -1.184100e+00   4.260448e+00  -7.395525e-01   3.780354e+00  -1.219646e+00   4.240189e+00  -7.598110e-01   3.792962e+00  -1.207038e+00
39.4	   3.786953e+00  -1.213047e+00   4.261089e+00  -7.389109e-01   3.780166e+00  -1.219834e+00   4.230602e+00  -7.693980e-01   3.802091e+00  -1.197909e+00
39.5	   3.768279e+00  -1.231721e+00   4.239936e+00  -7.600636e-01   3.790176e+00  -1.209824e+00   4.202450e+00  -7.975497e-01   3.820193e+00  -1.179807e+00
39.6	   3.760439e+00  -1.239561e+00   4.200570e+00  -7.994297e-01   3.810250e+00  -1.189750e+00   4.159921e+00  -8.400793e-01   3.846729e+00  -1.153271e+00
39.7	   3.764160e+00  -1.235840e+00   4.148171e+00  -8.518294e-01   3.840038e+00  -1.159962e+00   4.107436e+00  -8.925643e-01   3.881119e+00  -1.118881e+00
39.8	   3.779441e+00  -1.220559e+00   4.089092e+00  -9.109082e-01   3.878856e+00  -1.121144e+00   4.050287e+00  -9.497133e-01   3.922783e+00  -1.077217e+00
39.9	   3.805791e+00  -1.194209e+00   4.028710e+00  -9.712901e-01   3.925818e+00  -1.074182e+00   3.993768e+00  -1.006232e+00   3.970192e+00  -1.029808e+00
40	   3.842728e+00  -1.157272e+00   3.970723e+00  -1.029277e+00   3.979246e+00  -1.020754e+00   3.941004e+00  -1.058996e+00   4.022362e+00  -9.776383e-01
40.1	   3.889430e+00  -1.110570e+00   3.917765e+00  -1.082235e+00   4.036820e+00  -9.631804e-01   3.894087e+00  -1.105913e+00   4.077202e+00  -9.227983e-01
40.2	   3.944218e+00  -1.055782e+00   3.871579e+00  -1.128421e+00   4.095319e+00  -9.046809e-01   3.854335e+00  -1.145665e+00   4.131758e+00  -8.682417e-01
40.3	   4.004764e+00  -9.952362e-01   3.833476e+00  -1.166524e+00   4.150833e+00  -8.491668e-01   3.822698e+00  -1.177302e+00   4.182010e+00  -8.179897e-01
40.4	   4.067888e+00  -9.321125e-01   3.804354e+00  -1.195646e+00   4.198463e+00  -8.015370e-01   3.800020e+00  -1.199980e+00   4.221645e+00  -7.783549e-01
40.5	   4.129836e+00  -8.701641e-01   3.784832e+00  -1.215168e+00   4.232669e+00  -7.673308e-01   3.786829e+00  -1.213171e+00   4.242721e+00  -7.572788e-01
40.6	   4.185906e+00  -8.140945e-01   3.775334e+00  -1.224666e+00   4.248397e+00  -7.516030e-01   3.783492e+00  -1.216508e+00   4.240068e+00  -7.599318e-01
40.7	   4.230573e+00  -7.694272e-01   3.775986e+00  -1.224014e+00   4.240787e+00  -7.592127e-01   3.790107e+00  -1.209893e+00   4.215443e+00  -7.845570e-01
40.8	   4.258758e+00  -7.412417e-01   3.786752e+00  -1.213248e+00   4.211564e+00  -7.884355e-01   3.806547e+00  -1.193453e+00   4.175216e+00  -8.247842e-01
40.9	   4.266245e+00  -7.337547e-01   3.807442e+00  -1.192558e+00   4.167447e+00  -8.325530e-01   3.832539e+00  -1.167461e+00   4.124653e+00  -8.753466e-01
41	   4.251814e+00  -7.481864e-01   3.837593e+00  -1.162407e+00   4.114695e+00  -8.853047e-01   3.867540e+00  -1.132460e+00   4.068732e+00  -9.312683e-01
41.1	   4.219411e+00  -7.805894e-01   3.876534e+00  -1.123466e+00   4.058413e+00  -9.415867e-01   3.910526e+00  -1.089474e+00   4.012140e+00  -9.878595e-01
41.2	   4.174029e+00  -8.259711e-01   3.923251e+00  -1.076749e+00   4.002306e+00  -9.976937e-01   3.960119e+00  -1.039881e+00   3.958761e+00  -1.041239e+00
41.3	   4.120406e+00  -8.795936e-01   3.976419e+00  -1.023581e+00   3.949218e+00  -1.050782e+00   4.014495e+00  -9.855053e-01   3.910791e+00  -1.089209e+00
41.4	   4.062346e+00  -9.376543e-01   4.034005e+00  -9.659954e-01   3.901298e+00  -1.098702e+00   4.071158e+00  -9.288416e-01   3.869749e+00  -1.130251e+00
41.5	   4.002493e+00  -9.975070e-01   4.092961e+00  -9.070386e-01   3.860081e+00  -1.139919e+00   4.126867e+00  -8.731335e-01   3.836763e+00  -1.163237e+00
41.6	   3.944279e+00  -1.055721e+00   4.149495e+00  -8.505049e-01   3.826804e+00  -1.173196e+00   4.177367e+00  -8.226334e-01   3.812582e+00  -1.187418e+00
41.7	   3.891476e+00  -1.108524e+00   4.198622e+00  -8.013782e-01   3.802370e+00  -1.197630e+00   4.217766e+00  -7.822337e-01   3.797634e+00  -1.202366e+00
41.8	   3.845939e+00  -1.154061e+00   4.233908e+00  -7.660919e-01   3.787349e+00  -1.212651e+00   4.242316e+00  -7.576837e-01   3.792142e+00  -1.207858e+00
41.9	   3.808791e+00  -1.191209e+00   4.249790e+00  -7.502101e-01   3.782007e+00  -1.217993e+00   4.248330e+00  -7.516700e-01   3.795973e+00  -1.204027e+00
42	   3.781184e+00  -1.218816e+00   4.244391e+00  -7.556087e-01   3.786576e+00  -1.213424e+00   4.234580e+00  -7.654201e-01   3.808911e+00  -1.191089e+00
42.1	   3.764182e+00  -1.235818e+00   4.219257e+00  -7.807432e-01   3.801027e+00  -1.198973e+00   4.200704e+00  -7.992963e-01   3.830826e+00  -1.169174e+00
42.2	   3.758019e+00  -1.241981e+00   4.177860e+00  -8.221405e-01   3.825046e+00  -1.174954e+00   4.151651e+00  -8.483489e-01   3.861070e+00  -1.138930e+00
42.3	   3.763265e+00  -1.236735e+00   4.125369e+00  -8.746307e-01   3.858219e+00  -1.141781e+00   4.093765e+00  -9.062349e-01   3.898512e+00  -1.101488e+00
42.4	   3.780136e+00  -1.219864e+00   4.067503e+00  -9.324972e-01   3.899780e+00  -1.100220e+00   4.033342e+00  -9.666576e-01   3.941835e+00  -1.058165e+00
42.5	   3.808283e+00  -1.191717e+00   4.009044e+00  -9.909556e-01   3.948640e+00  -1.051360e+00   3.975030e+00  -1.024970e+00   3.990458e+00  -1.009542e+00
42.6	   3.847015e+00  -1.152985e+00   3.953450e+00  -1.046550e+00   4.003221e+00  -9.967787e-01   3.921809e+00  -1.078191e+00   4.042708e+00  -9.572919e-01
42.7	   3.895210e+00  -1.104790e+00   3.903258e+00  -1.096742e+00   4.061336e+00  -9.386639e-01   3.875647e+00  -1.124353e+00   4.095851e+00  -9.041494e-01
42.8	   3.951104e+00  -1.048896e+00   3.860209e+00  -1.139791e+00   4.119753e+00  -8.802473e-01   3.837841e+00  -1.162159e+00   4.146965e+00  -8.530348e-01
42.9	   4.012067e+00  -9.879326e-01   3.825602e+00  -1.174398e+00   4.173358e+00  -8.266423e-01   3.809178e+00  -1.190822e+00   4.192819e+00  -8.071815e-01
43	   4.074651e+00  -9.253493e-01   3.800105e+00  -1.199895e+00   4.215784e+00  -7.842163e-01   3.790268e+00  -1.209732e+00   4.228050e+00  -7.719495e-01
43.1	   4.134610e+00  -8.653904e-01   3.784267e+00  -1.215733e+00   4.241722e+00  -7.582779e-01   3.781219e+00  -1.218781e+00   4.244459e+00  -7.555413e-01
43.2	   4.187887e+00  -8.121135e-01   3.778425e+00  -1.221575e+00   4.247163e+00  -7.528368e-01   3.782303e+00  -1.217697e+00   4.234259e+00  -7.657407e-01
43.3	   4.230382e+00  -7.696179e-01   3.782584e+00  -1.217416e+00   4.231375e+00  -7.686248e-01   3.793370e+00  -1.206630e+00   4.202833e+00  -7.971668e-01
43.4	   4.254667e+00  -7.453325e-01   3.796608e+00  -1.203392e+00   4.198253e+00  -8.017469e-01   3.814222e+00  -1.185778e+00   4.155820e+00  -8.441798e-01
43.5	   4.257292e+00  -7.427078e-01   3.820276e+00  -1.179724e+00   4.153245e+00  -8.467546e-01   3.843987e+00  -1.156013e+00   4.099379e+00  -9.006209e-01
43.6	   4.239538e+00  -7.604619e-01   3.853112e+00  -1.146888e+00   4.101025e+00  -8.989752e-01   3.881912e+00  -1.118088e+00   4.040413e+00  -9.595869e-01
43.7	   4.205907e+00  -7.940926e-01   3.894361e+00  -1.105639e+00   4.045539e+00  -9.544614e-01   3.927058e+00  -1.072942e+00   3.983106e+00  -1.016894e+00
43.8	   4.160936e+00  -8.390637e-01   3.942945e+00  -1.057055e+00   3.990096e+00  -1.009904e+00   3.977999e+00  -1.022001e+00   3.930133e+00  -1.069867e+00
43.9	   4.108942e+00  -8.910582e-01   3.997379e+00  -1.002621e+00   3.937579e+00  -1.062421e+00   4.032932e+00  -9.670675e-01   3.883475e+00  -1.116525e+00
44	   4.052976e+00  -9.470242e-01   4.055277e+00  -9.447230e-01   3.890312e+00  -1.109688e+00   4.089711e+00  -9.102894e-01   3.844582e+00  -1.155418e+00
44.1	   3.995099e+00  -1.004901e+00   4.113083e+00  -8.869172e-01   3.850035e+00  -1.149965e+00   4.144729e+00  -8.552711e-01   3.814422e+00  -1.185578e+00
44.2	   3.938731e+00  -1.061269e+00   4.166654e+00  -8.333458e-01   3.817976e+00  -1.182024e+00   4.191937e+00  -8.080635e-01   3.793458e+00  -1.206542e+00
44.3	   3.888045e+00  -1.111955e+00   4.211338e+00  -7.886617e-01   3.794889e+00  -1.205111e+00   4.225077e+00  -7.749234e-01   3.782221e+00  -1.217779e+00
44.4	   3.845052e+00  -1.154948e+00   4.241817e+00  -7.581830e-01   3.781473e+00  -1.218527e+00   4.239027e+00  -7.609733e-01   3.781117e+00  -1.218883e+00
44.5	   3.810322e+00  -1.189678e+00   4.253147e+00  -7.468533e-01   3.778410e+00  -1.221590e+00   4.232922e+00  -7.670780e-01   3.789221e+00  -1.210779e+00
44.6	   3.784577e+00  -1.215423e+00   4.243046e+00  -7.569541e-01   3.785470e+00  -1.214530e+00   4.208765e+00  -7.912355e-01   3.806659e+00  -1.193341e+00
44.7	   3.768957e+00  -1.231043e+00   4.212486e+00  -7.875141e-01   3.802590e+00  -1.197410e+00   4.169053e+00  -8.309470e-01   3.833781e+00  -1.166219e+00
44.8	   3.764209e+00  -1.235791e+00   4.165664e+00  -8.343361e-01   3.829493e+00  -1.170507e+00   4.117519e+00  -8.824807e-01   3.869367e+00  -1.130633e+00
44.9	   3.770360e+00  -1.229640e+00   4.108979e+00  -8.910211e-01   3.865712e+00  -1.134288e+00   4.059651e+00  -9.403488e-01   3.911832e+00  -1.088168e+00
45	   3.788398e+00  -1.211602e+00   4.048463e+00  -9.515365e-01   3.910274e+00  -1.089726e+00   4.000732e+00  -9.992684e-01   3.960087e+00  -1.039913e+00
45.1	   3.818246e+00  -1.181754e+00   3.988898e+00  -1.011102e+00   3.961548e+00  -1.038452e+00   3.944650e+00  -1.055350e+00   4.012462e+00  -9.875384e-01
45.2	   3.858862e+00  -1.141138e+00   3.933542e+00  -1.066458e+00   4.017528e+00  -9.824716e-01   3.894253e+00  -1.105747e+00   4.067416e+00  -9.325844e-01
45.3	   3.908755e+00  -1.091245e+00   3.884598e+00  -1.115402e+00   4.075673e+00  -9.243267e-01   3.851597e+00  -1.148403e+00   4.122080e+00  -8.779195e-01
45.4	   3.965886e+00  -1.034114e+00   3.843542e+00  -1.156458e+00   4.132387e+00  -8.676130e-01   3.817747e+00  -1.182253e+00   4.173266e+00  -8.267335e-01
45.5	   4.027390e+00  -9.726104e-01   3.811511e+00  -1.188489e+00   4.182634e+00  -8.173664e-01   3.793603e+00  -1.206397e+00   4.216541e+00  -7.834586e-01
45.6	   4.089086e+00  -9.109136e-01   3.788985e+00  -1.211015e+00   4.220737e+00  -7.792628e-01   3.779454e+00  -1.220546e+00   4.242963e+00  -7.570368e-01
45.7	   4.145655e+00  -8.543452e-01   3.776203e+00  -1.223797e+00   4.240284e+00  -7.597162e-01   3.775040e+00  -1.224960e+00   4.245592e+00  -7.544082e-01
45.8	   4.192632e+00  -8.073679e-01   3.773021e+00  -1.226979e+00   4.238771e+00  -7.612291e-01   3.780618e+00  -1.219382e+00   4.225650e+00  -7.743500e-01
45.9	   4.227192e+00  -7.728082e-01   3.779533e+00  -1.220467e+00   4.218748e+00  -7.812518e-01   3.795990e+00  -1.204010e+00   4.186675e+00  -8.133246e-01
46	   4.245885e+00  -7.541147e-01   3.795645e+00  -1.204355e+00   4.181855e+00  -8.181453e-01   3.818414e+00  -1.181586e+00   4.133777e+00  -8.662232e-01
46.1	   4.244796e+00  -7.552036e-01   3.821267e+00  -1.178733e+00   4.132217e+00  -8.677831e-01   3.848802e+00  -1.151198e+00   4.073597e+00  -9.264030e-01
46.2	   4.222574e+00  -7.774264e-01   3.855992e+00  -1.144008e+00   4.075427e+00  -9.245731e-01   3.887809e+00  -1.112191e+00   4.011746e+00  -9.882541e-01
46.3	   4.183604e+00  -8.163963e-01   3.899103e+00  -1.100897e+00   4.016425e+00  -9.835753e-01   3.934636e+00  -1.065364e+00   3.952582e+00  -1.047418e+00
46.4	   4.135680e+00  -8.643204e-01   3.949408e+00  -1.050592e+00   3.959252e+00  -1.040748e+00   3.988961e+00  -1.011039e+00   3.898578e+00  -1.101422e+00
46.5	   4.083546e+00  -9.164541e-01   4.005420e+00  -9.945798e-01   3.906908e+00  -1.093092e+00   4.047385e+00  -9.526146e-01   3.852258e+00  -1.147742e+00
46.6	   4.027884e+00  -9.721159e-01   4.064425e+00  -9.355754e-01   3.861403e+00  -1.138597e+00   4.100616e+00  -8.993839e-01   3.814865e+00  -1.185135e+00
46.7	   3.971510e+00  -1.028490e+00   4.122459e+00  -8.775410e-01   3.823934e+00  -1.176066e+00   4.150363e+00  -8.496370e-01   3.787637e+00  -1.212363e+00
46.8	   3.918809e+00  -1.081191e+00   4.174977e+00  -8.250226e-01   3.795573e+00  -1.204427e+00   4.196714e+00  -8.032857e-01   3.771239e+00  -1.228761e+00
46.9	   3.872179e+00  -1.127821e+00   4.217094e+00  -7.829062e-01   3.777184e+00  -1.222816e+00   4.229278e+00  -7.707223e-01   3.766423e+00  -1.233577e+00
