           0.1	   3.999968e+00  -1.000032e+00   3.999993e+00  -1.000007e+00   3.999999e+00  -1.000001e+00   4.000000e+00  -1.000000e+00   4.000000e+00  -1.000000e+00
0.2	   3.999794e+00  -1.000206e+00   3.999960e+00  -1.000040e+00   3.999991e+00  -1.000009e+00   3.999998e+00  -1.000002e+00   3.999999e+00  -1.000001e+00
0.3	   3.999410e+00  -1.000590e+00   3.999890e+00  -1.000110e+00   3.999975e+00  -1.000025e+00   3.999994e+00  -1.000006e+00   3.999999e+00  -1.000001e+00
0.4	   3.998776e+00  -1.001224e+00   3.999777e+00  -1.000223e+00   3.999949e+00  -1.000051e+00   3.999987e+00  -1.000013e+00   3.999997e+00  -1.000003e+00
0.5	   3.997887e+00  -1.002113e+00   3.999620e+00  -1.000380e+00   3.999912e+00  -1.000088e+00   3.999978e+00  -1.000022e+00   3.999994e+00  -1.000006e+00
0.6	   3.996785e+00  -1.003215e+00   3.999421e+00  -1.000579e+00   3.999863e+00  -1.000137e+00   3.999965e+00  -1.000035e+00   3.999991e+00  -1.000009e+00
0.7	   3.995562e+00  -1.004438e+00   3.999184e+00  -1.000816e+00   3.999802e+00  -1.000198e+00   3.999948e+00  -1.000052e+00   3.999986e+00  -1.000014e+00
0.8	   3.994378e+00  -1.005622e+00   3.998916e+00  -1.001084e+00   3.999730e+00  -1.000270e+00   3.999927e+00  -1.000073e+00   3.999981e+00  -1.000019e+00
0.9	   3.993457e+00  -1.006543e+00   3.998629e+00  -1.001371e+00   3.999646e+00  -1.000354e+00   3.999902e+00  -1.000098e+00   3.999973e+00  -1.000027e+00
1	   3.993084e+00  -1.006916e+00   3.998339e+00  -1.001661e+00   3.999553e+00  -1.000447e+00   3.999872e+00  -1.000128e+00   3.999963e+00  -1.000037e+00
1.1	   3.993543e+00  -1.006457e+00   3.998066e+00  -1.001934e+00   3.999453e+00  -1.000547e+00   3.999836e+00  -1.000164e+00   3.999952e+00  -1.000048e+00
1.2	   3.995072e+00  -1.004928e+00   3.997833e+00  -1.002167e+00   3.999347e+00  -1.000653e+00   3.999796e+00  -1.000204e+00   3.999938e+00  -1.000062e+00
1.3	   3.997802e+00  -1.002198e+00   3.997676e+00  -1.002324e+00   3.999244e+00  -1.000756e+00   3.999752e+00  -1.000248e+00   3.999921e+00  -1.000079e+00
1.4	   4.001622e+00  -9.983776e-01   3.997622e+00  -1.002378e+00   3.999145e+00  -1.000855e+00   3.999703e+00  -1.000297e+00   3.999902e+00  -1.000098e+00
1.5	   4.006183e+00  -9.938169e-01   3.997696e+00  -1.002304e+00   3.999056e+00  -1.000944e+00   3.999652e+00  -1.000348e+00   3.999880e+00  -1.000120e+00
1.6	   4.010989e+00  -9.890112e-01   3.997931e+00  -1.002069e+00   3.998982e+00  -1.001018e+00   3.999598e+00  -1.000402e+00   3.999855e+00  -1.000145e+00
1.7	   4.015455e+00  -9.845452e-01   3.998351e+00  -1.001649e+00   3.998930e+00  -1.001070e+00   3.999542e+00  -1.000458e+00   3.999828e+00  -1.000172e+00
1.8	   4.018989e+00  -9.810109e-01   3.998968e+00  -1.001032e+00   3.998905e+00  -1.001095e+00   3.999487e+00  -1.000513e+00   3.999797e+00  -1.000203e+00
1.9	   4.021128e+00  -9.788716e-01   3.999793e+00  -1.000207e+00   3.998914e+00  -1.001086e+00   3.999433e+00  -1.000567e+00   3.999764e+00  -1.000236e+00
2	   4.021473e+00  -9.785266e-01   4.000827e+00  -9.991731e-01   3.998963e+00  -1.001037e+00   3.999384e+00  -1.000616e+00   3.999728e+00  -1.000272e+00
2.1	   4.019714e+00  -9.802856e-01   4.002057e+00  -9.979429e-01   3.999061e+00  -1.000939e+00   3.999341e+00  -1.000659e+00   3.999690e+00  -1.000310e+00
2.2	   4.015761e+00  -9.842387e-01   4.003449e+00  -9.965508e-01   3.999212e+00  -1.000788e+00   3.999308e+00  -1.000692e+00   3.999652e+00  -1.000348e+00
2.3	   4.009852e+00  -9.901480e-01   4.004946e+00  -9.950536e-01   3.999423e+00  -1.000577e+00   3.999288e+00  -1.000712e+00   3.999613e+00  -1.000387e+00
2.4	   4.002499e+00  -9.975014e-01   4.006472e+00  -9.935278e-01   3.999696e+00  -1.000304e+00   3.999284e+00  -1.000716e+00   3.999575e+00  -1.000425e+00
2.5	   3.994368e+00  -1.005632e+00   4.007932e+00  -9.920683e-01   4.000037e+00  -9.999626e-01   3.999301e+00  -1.000699e+00   3.999540e+00  -1.000460e+00
2.6	   3.986124e+00  -1.013876e+00   4.009187e+00  -9.908130e-01   4.000444e+00  -9.995563e-01   3.999343e+00  -1.000657e+00   3.999508e+00  -1.000492e+00
2.7	   3.978473e+00  -1.021527e+00   4.010080e+00  -9.899198e-01   4.000910e+00  -9.990903e-01   3.999413e+00  -1.000587e+00   3.999483e+00  -1.000517e+00
2.8	   3.972124e+00  -1.027876e+00   4.010446e+00  -9.895541e-01   4.001426e+00  -9.985735e-01   3.999514e+00  -1.000486e+00   3.999465e+00  -1.000535e+00
2.9	   3.967666e+00  -1.032334e+00   4.010109e+00  -9.898911e-01   4.001979e+00  -9.980213e-01   3.999647e+00  -1.000353e+00   3.999457e+00  -1.000543e+00
3	   3.965581e+00  -1.034419e+00   4.008924e+00  -9.910760e-01   4.002548e+00  -9.974521e-01   3.999816e+00  -1.000184e+00   3.999462e+00  -1.000538e+00
3.1	   3.966190e+00  -1.033810e+00   4.006799e+00  -9.932015e-01   4.003110e+00  -9.968902e-01   4.000019e+00  -9.999811e-01   3.999481e+00  -1.000519e+00
3.2	   3.969638e+00  -1.030362e+00   4.003714e+00  -9.962863e-01   4.003635e+00  -9.963649e-01   4.000256e+00  -9.997437e-01   3.999517e+00  -1.000483e+00
3.3	   3.975881e+00  -1.024119e+00   3.999756e+00  -1.000244e+00   4.004091e+00  -9.959091e-01   4.000525e+00  -9.994748e-01   3.999571e+00  -1.000429e+00
3.4	   3.984654e+00  -1.015346e+00   3.995128e+00  -1.004872e+00   4.004441e+00  -9.955591e-01   4.000821e+00  -9.991785e-01   3.999646e+00  -1.000354e+00
3.5	   3.995487e+00  -1.004513e+00   3.990155e+00  -1.009845e+00   4.004647e+00  -9.953530e-01   4.001139e+00  -9.988612e-01   3.999742e+00  -1.000258e+00
3.6	   4.007650e+00  -9.923501e-01   3.985252e+00  -1.014748e+00   4.004668e+00  -9.953316e-01   4.001468e+00  -9.985317e-01   3.999862e+00  -1.000138e+00
3.7	   4.020215e+00  -9.797855e-01   3.980905e+00  -1.019095e+00   4.004467e+00  -9.955330e-01   4.001799e+00  -9.982009e-01   4.000004e+00  -9.999964e-01
3.8	   4.032139e+00  -9.678606e-01   3.977632e+00  -1.022368e+00   4.004013e+00  -9.959865e-01   4.002118e+00  -9.978815e-01   4.000168e+00  -9.998322e-01
3.9	   4.042257e+00  -9.577426e-01   3.975913e+00  -1.024087e+00   4.003287e+00  -9.967131e-01   4.002412e+00  -9.975881e-01   4.000353e+00  -9.996475e-01
4	   4.049331e+00  -9.506687e-01   3.976129e+00  -1.023871e+00   4.002278e+00  -9.977224e-01   4.002663e+00  -9.973372e-01   4.000555e+00  -9.994449e-01
4.1	   4.052322e+00  -9.476784e-01   3.978534e+00  -1.021466e+00   4.000994e+00  -9.990058e-01   4.002854e+00  -9.971462e-01   4.000772e+00  -9.992281e-01
4.2	   4.050616e+00  -9.493843e-01   3.983201e+00  -1.016799e+00   3.999467e+00  -1.000533e+00   4.002968e+00  -9.970322e-01   4.000998e+00  -9.990020e-01
4.3	   4.044195e+00  -9.558049e-01   3.989983e+00  -1.010017e+00   3.997748e+00  -1.002252e+00   4.002988e+00  -9.970122e-01   4.001227e+00  -9.987726e-01
4.4	   4.033565e+00  -9.664348e-01   3.998490e+00  -1.001510e+00   3.995913e+00  -1.004087e+00   4.002898e+00  -9.971018e-01   4.001453e+00  -9.985472e-01
4.5	   4.019714e+00  -9.802859e-01   4.008116e+00  -9.918844e-01   3.994065e+00  -1.005935e+00   4.002686e+00  -9.973135e-01   4.001666e+00  -9.983339e-01
4.6	   4.004019e+00  -9.959813e-01   4.018074e+00  -9.819258e-01   3.992331e+00  -1.007669e+00   4.002346e+00  -9.976543e-01   4.001859e+00  -9.981414e-01
4.7	   3.987934e+00  -1.012066e+00   4.027437e+00  -9.725635e-01   3.990856e+00  -1.009144e+00   4.001874e+00  -9.981258e-01   4.002021e+00  -9.979787e-01
4.8	   3.972758e+00  -1.027242e+00   4.035185e+00  -9.648150e-01   3.989787e+00  -1.010213e+00   4.001276e+00  -9.987245e-01   4.002144e+00  -9.978556e-01
4.9	   3.959687e+00  -1.040313e+00   4.040384e+00  -9.596163e-01   3.989273e+00  -1.010727e+00   4.000560e+00  -9.994396e-01   4.002218e+00  -9.977816e-01
5	   3.949751e+00  -1.050249e+00   4.042335e+00  -9.576653e-01   3.989445e+00  -1.010555e+00   3.999748e+00  -1.000252e+00   4.002234e+00  -9.977656e-01
5.1	   3.943737e+00  -1.056263e+00   4.040658e+00  -9.593420e-01   3.990416e+00  -1.009584e+00   3.998865e+00  -1.001135e+00   4.002184e+00  -9.978155e-01
5.2	   3.942152e+00  -1.057848e+00   4.035382e+00  -9.646184e-01   3.992253e+00  -1.007747e+00   3.997950e+00  -1.002050e+00   4.002063e+00  -9.979375e-01
5.3	   3.945167e+00  -1.054833e+00   4.026902e+00  -9.730976e-01   3.994970e+00  -1.005030e+00   3.997045e+00  -1.002955e+00   4.001865e+00  -9.981355e-01
5.4	   3.952636e+00  -1.047364e+00   4.015894e+00  -9.841063e-01   3.998516e+00  -1.001484e+00   3.996202e+00  -1.003798e+00   4.001590e+00  -9.984104e-01
5.5	   3.964053e+00  -1.035947e+00   4.003234e+00  -9.967661e-01   4.002761e+00  -9.972388e-01   3.995477e+00  -1.004523e+00   4.001240e+00  -9.987601e-01
5.6	   3.978588e+00  -1.021412e+00   3.989924e+00  -1.010076e+00   4.007497e+00  -9.925033e-01   3.994929e+00  -1.005071e+00   4.000821e+00  -9.991786e-01
5.7	   3.995142e+00  -1.004858e+00   3.977021e+00  -1.022979e+00   4.012430e+00  -9.875695e-01   3.994616e+00  -1.005384e+00   4.000344e+00  -9.996558e-01
5.8	   4.012280e+00  -9.877198e-01   3.965546e+00  -1.034454e+00   4.017190e+00  -9.828104e-01   3.994591e+00  -1.005409e+00   3.999822e+00  -1.000178e+00
5.9	   4.028571e+00  -9.714287e-01   3.956428e+00  -1.043572e+00   4.021345e+00  -9.786548e-01   3.994902e+00  -1.005098e+00   3.999274e+00  -1.000726e+00
6	   4.042741e+00  -9.572586e-01   3.950441e+00  -1.049559e+00   4.024440e+00  -9.755601e-01   3.995582e+00  -1.004418e+00   3.998722e+00  -1.001278e+00
6.1	   4.053632e+00  -9.463681e-01   3.948156e+00  -1.051844e+00   4.026028e+00  -9.739720e-01   3.996646e+00  -1.003354e+00   3.998192e+00  -1.001808e+00
6.2	   4.060185e+00  -9.398149e-01   3.949880e+00  -1.050120e+00   4.025730e+00  -9.742704e-01   3.998091e+00  -1.001909e+00   3.997711e+00  -1.002289e+00
6.3	   4.061527e+00  -9.384726e-01   3.955648e+00  -1.044352e+00   4.023287e+00  -9.767128e-01   3.999885e+00  -1.000115e+00   3.997311e+00  -1.002689e+00
6.4	   4.057353e+00  -9.426466e-01   3.965195e+00  -1.034805e+00   4.018646e+00  -9.813543e-01   4.001973e+00  -9.980274e-01   3.997020e+00  -1.002980e+00
6.5	   4.048216e+00  -9.517836e-01   3.977946e+00  -1.022054e+00   4.011972e+00  -9.880279e-01   4.004267e+00  -9.957334e-01   3.996868e+00  -1.003132e+00
6.6	   4.035196e+00  -9.648044e-01   3.993064e+00  -1.006936e+00   4.003664e+00  -9.963364e-01   4.006652e+00  -9.933476e-01   3.996882e+00  -1.003118e+00
6.7	   4.019592e+00  -9.804077e-01   4.009465e+00  -9.905345e-01   3.994322e+00  -1.005678e+00   4.008988e+00  -9.910116e-01   3.997081e+00  -1.002919e+00
6.8	   4.002759e+00  -9.972413e-01   4.025820e+00  -9.741803e-01   3.984691e+00  -1.015309e+00   4.011111e+00  -9.888887e-01   3.997482e+00  -1.002518e+00
6.9	   3.986091e+00  -1.013909e+00   4.040679e+00  -9.593212e-01   3.975597e+00  -1.024403e+00   4.012846e+00  -9.871542e-01   3.998090e+00  -1.001910e+00
7	   3.970807e+00  -1.029193e+00   4.052535e+00  -9.474646e-01   3.967859e+00  -1.032141e+00   4.014014e+00  -9.859858e-01   3.998900e+00  -1.001100e+00
7.1	   3.957969e+00  -1.042031e+00   4.059992e+00  -9.400079e-01   3.962217e+00  -1.037783e+00   4.014450e+00  -9.855503e-01   3.999898e+00  -1.000102e+00
7.2	   3.948483e+00  -1.051517e+00   4.062029e+00  -9.379713e-01   3.959280e+00  -1.040720e+00   4.014011e+00  -9.859888e-01   4.001053e+00  -9.989470e-01
7.3	   3.943014e+00  -1.056986e+00   4.058242e+00  -9.417576e-01   3.959466e+00  -1.040534e+00   4.012602e+00  -9.873978e-01   4.002325e+00  -9.976748e-01
7.4	   3.941927e+00  -1.058073e+00   4.049111e+00  -9.508886e-01   3.962982e+00  -1.037018e+00   4.010189e+00  -9.898109e-01   4.003660e+00  -9.963403e-01
7.5	   3.945302e+00  -1.054698e+00   4.035730e+00  -9.642702e-01   3.969772e+00  -1.030228e+00   4.006813e+00  -9.931871e-01   4.004991e+00  -9.950094e-01
7.6	   3.952963e+00  -1.047037e+00   4.019531e+00  -9.804687e-01   3.979514e+00  -1.020486e+00   4.002596e+00  -9.974036e-01   4.006242e+00  -9.937579e-01
7.7	   3.964430e+00  -1.035570e+00   4.002070e+00  -9.979296e-01   3.991608e+00  -1.008392e+00   3.997747e+00  -1.002253e+00   4.007332e+00  -9.926684e-01
7.8	   3.978911e+00  -1.021089e+00   3.984853e+00  -1.015147e+00   4.005216e+00  -9.947842e-01   3.992547e+00  -1.007453e+00   4.008175e+00  -9.918253e-01
7.9	   3.995308e+00  -1.004692e+00   3.969205e+00  -1.030795e+00   4.019246e+00  -9.807536e-01   3.987343e+00  -1.012657e+00   4.008689e+00  -9.913114e-01
8	   4.012302e+00  -9.876981e-01   3.956280e+00  -1.043720e+00   4.032437e+00  -9.675630e-01   3.982517e+00  -1.017483e+00   4.008799e+00  -9.912008e-01
8.1	   4.028550e+00  -9.714504e-01   3.946992e+00  -1.053008e+00   4.043489e+00  -9.565108e-01   3.978469e+00  -1.021531e+00   4.008445e+00  -9.915548e-01
8.2	   4.042770e+00  -9.572295e-01   3.941951e+00  -1.058049e+00   4.051191e+00  -9.488085e-01   3.975582e+00  -1.024418e+00   4.007587e+00  -9.924130e-01
8.3	   4.053719e+00  -9.462807e-01   3.941452e+00  -1.058548e+00   4.054568e+00  -9.454318e-01   3.974193e+00  -1.025807e+00   4.006212e+00  -9.937875e-01
8.4	   4.060227e+00  -9.397728e-01   3.945491e+00  -1.054509e+00   4.053147e+00  -9.468534e-01   3.974563e+00  -1.025437e+00   4.004340e+00  -9.956597e-01
8.5	   4.061496e+00  -9.385041e-01   3.953762e+00  -1.046238e+00   4.046961e+00  -9.530391e-01   3.976860e+00  -1.023140e+00   4.002025e+00  -9.979749e-01
8.6	   4.057315e+00  -9.426850e-01   3.965678e+00  -1.034322e+00   4.036631e+00  -9.633687e-01   3.981120e+00  -1.018880e+00   3.999357e+00  -1.000643e+00
8.7	   4.048195e+00  -9.518054e-01   3.980430e+00  -1.019570e+00   4.023175e+00  -9.768250e-01   3.987237e+00  -1.012763e+00   3.996461e+00  -1.003539e+00
8.8	   4.035170e+00  -9.648299e-01   3.996975e+00  -1.003025e+00   4.007804e+00  -9.921956e-01   3.994946e+00  -1.005054e+00   3.993494e+00  -1.006506e+00
8.9	   4.019568e+00  -9.804322e-01   4.014031e+00  -9.859691e-01   3.991818e+00  -1.008182e+00   4.003826e+00  -9.961739e-01   3.990635e+00  -1.009365e+00
9	   4.002737e+00  -9.972627e-01   4.030217e+00  -9.697833e-01   3.976486e+00  -1.023514e+00   4.013303e+00  -9.866971e-01   3.988077e+00  -1.011923e+00
9.1	   3.986066e+00  -1.013934e+00   4.044162e+00  -9.558384e-01   3.962999e+00  -1.037001e+00   4.022653e+00  -9.773472e-01   3.986019e+00  -1.013981e+00
9.2	   3.970786e+00  -1.029214e+00   4.054605e+00  -9.453948e-01   3.952366e+00  -1.047634e+00   4.031059e+00  -9.689410e-01   3.984650e+00  -1.015350e+00
9.3	   3.957969e+00  -1.042031e+00   4.060522e+00  -9.394784e-01   3.945371e+00  -1.054629e+00   4.037657e+00  -9.623433e-01   3.984133e+00  -1.015867e+00
9.4	   3.948502e+00  -1.051498e+00   4.061342e+00  -9.386579e-01   3.942567e+00  -1.057433e+00   4.041641e+00  -9.583595e-01   3.984600e+00  -1.015400e+00
9.5	   3.943032e+00  -1.056968e+00   4.056904e+00  -9.430963e-01   3.944250e+00  -1.055750e+00   4.042356e+00  -9.576437e-01   3.986132e+00  -1.013868e+00
9.6	   3.941934e+00  -1.058066e+00   4.047582e+00  -9.524185e-01   3.950428e+00  -1.049572e+00   4.039446e+00  -9.605539e-01   3.988748e+00  -1.011252e+00
9.7	   3.945312e+00  -1.054688e+00   4.034305e+00  -9.656948e-01   3.960778e+00  -1.039222e+00   4.032933e+00  -9.670667e-01   3.992396e+00  -1.007604e+00
9.8	   3.952986e+00  -1.047014e+00   4.018355e+00  -9.816455e-01   3.974659e+00  -1.025341e+00   4.023247e+00  -9.767531e-01   3.996946e+00  -1.003054e+00
9.9	   3.964455e+00  -1.035545e+00   4.001192e+00  -9.988078e-01   3.991157e+00  -1.008843e+00   4.011179e+00  -9.888213e-01   4.002190e+00  -9.978096e-01
10	   3.978930e+00  -1.021070e+00   3.984311e+00  -1.015689e+00   4.009022e+00  -9.909775e-01   3.997762e+00  -1.002238e+00   4.007845e+00  -9.921553e-01
10.1	   3.995307e+00  -1.004693e+00   3.969064e+00  -1.030936e+00   4.026710e+00  -9.732904e-01   3.984147e+00  -1.015853e+00   4.013554e+00  -9.864462e-01
10.2	   4.012282e+00  -9.877185e-01   3.956542e+00  -1.043458e+00   4.042564e+00  -9.574360e-01   3.971486e+00  -1.028514e+00   4.018905e+00  -9.810949e-01
10.3	   4.028533e+00  -9.714675e-01   3.947561e+00  -1.052439e+00   4.054953e+00  -9.450475e-01   3.960847e+00  -1.039153e+00   4.023455e+00  -9.765448e-01
10.4	   4.042754e+00  -9.572464e-01   3.942668e+00  -1.057332e+00   4.062433e+00  -9.375670e-01   3.953127e+00  -1.046873e+00   4.026765e+00  -9.732350e-01
10.5	   4.053689e+00  -9.463106e-01   3.942144e+00  -1.057856e+00   4.064132e+00  -9.358681e-01   3.949012e+00  -1.050988e+00   4.028435e+00  -9.715655e-01
10.6	   4.060189e+00  -9.398112e-01   3.946007e+00  -1.053993e+00   4.059891e+00  -9.401091e-01   3.948924e+00  -1.051076e+00   4.028156e+00  -9.718439e-01
10.7	   4.061460e+00  -9.385398e-01   3.954004e+00  -1.045996e+00   4.050313e+00  -9.496869e-01   3.953005e+00  -1.046995e+00   4.025750e+00  -9.742496e-01
10.8	   4.057284e+00  -9.427160e-01   3.965642e+00  -1.034358e+00   4.036578e+00  -9.634218e-01   3.961082e+00  -1.038918e+00   4.021224e+00  -9.787757e-01
10.9	   4.048182e+00  -9.518176e-01   3.980178e+00  -1.019822e+00   4.020155e+00  -9.798452e-01   3.972679e+00  -1.027321e+00   4.014776e+00  -9.852243e-01
11	   4.035174e+00  -9.648258e-01   3.996615e+00  -1.003385e+00   4.002565e+00  -9.974350e-01   3.987031e+00  -1.012969e+00   4.006787e+00  -9.932134e-01
11.1	   4.019571e+00  -9.804287e-01   4.013731e+00  -9.862686e-01   3.985284e+00  -1.014716e+00   4.003115e+00  -9.968848e-01   3.997799e+00  -1.002201e+00
11.2	   4.002736e+00  -9.972637e-01   4.030102e+00  -9.698983e-01   3.969611e+00  -1.030389e+00   4.019620e+00  -9.803804e-01   3.988470e+00  -1.011530e+00
11.3	   3.986076e+00  -1.013924e+00   4.044246e+00  -9.557539e-01   3.956675e+00  -1.043325e+00   4.035076e+00  -9.649236e-01   3.979520e+00  -1.020480e+00
11.4	   3.970811e+00  -1.029189e+00   4.054790e+00  -9.452097e-01   3.947336e+00  -1.052664e+00   4.047977e+00  -9.520229e-01   3.971665e+00  -1.028335e+00
11.5	   3.958000e+00  -1.042000e+00   4.060693e+00  -9.393074e-01   3.942174e+00  -1.057826e+00   4.056954e+00  -9.430465e-01   3.965569e+00  -1.034431e+00
11.6	   3.948525e+00  -1.051475e+00   4.061412e+00  -9.385883e-01   3.941470e+00  -1.058530e+00   4.060921e+00  -9.390789e-01   3.961799e+00  -1.038201e+00
11.7	   3.943041e+00  -1.056959e+00   4.056850e+00  -9.431495e-01   3.945221e+00  -1.054779e+00   4.059373e+00  -9.406268e-01   3.960780e+00  -1.039220e+00
11.8	   3.941929e+00  -1.058071e+00   4.047453e+00  -9.525468e-01   3.953164e+00  -1.046836e+00   4.052457e+00  -9.475433e-01   3.962764e+00  -1.037236e+00
11.9	   3.945292e+00  -1.054708e+00   4.034126e+00  -9.658740e-01   3.964743e+00  -1.035257e+00   4.040941e+00  -9.590591e-01   3.967801e+00  -1.032199e+00
12	   3.952969e+00  -1.047031e+00   4.018158e+00  -9.818419e-01   3.979169e+00  -1.020831e+00   4.026026e+00  -9.739742e-01   3.975724e+00  -1.024276e+00
12.1	   3.964456e+00  -1.035544e+00   4.001041e+00  -9.989591e-01   3.995424e+00  -1.004576e+00   4.009131e+00  -9.908688e-01   3.986129e+00  -1.013871e+00
12.2	   3.978943e+00  -1.021057e+00   3.984246e+00  -1.015754e+00   4.012317e+00  -9.876832e-01   3.991719e+00  -1.008281e+00   3.998383e+00  -1.001617e+00
12.3	   3.995316e+00  -1.004684e+00   3.969085e+00  -1.030915e+00   4.028565e+00  -9.714348e-01   3.975201e+00  -1.024799e+00   4.011640e+00  -9.883604e-01
12.4	   4.012275e+00  -9.877254e-01   3.956621e+00  -1.043379e+00   4.042826e+00  -9.571735e-01   3.960830e+00  -1.039170e+00   4.024844e+00  -9.751563e-01
12.5	   4.028510e+00  -9.714895e-01   3.947663e+00  -1.052337e+00   4.053801e+00  -9.461990e-01   3.949645e+00  -1.050355e+00   4.036809e+00  -9.631910e-01
12.6	   4.042730e+00  -9.572699e-01   3.942754e+00  -1.057246e+00   4.060367e+00  -9.396327e-01   3.942430e+00  -1.057570e+00   4.046303e+00  -9.536971e-01
12.7	   4.053679e+00  -9.463209e-01   3.942191e+00  -1.057809e+00   4.061764e+00  -9.382360e-01   3.939715e+00  -1.060285e+00   4.052189e+00  -9.478108e-01
12.8	   4.060195e+00  -9.398045e-01   3.946025e+00  -1.053975e+00   4.057767e+00  -9.422328e-01   3.941749e+00  -1.058251e+00   4.053601e+00  -9.463989e-01
12.9	   4.061476e+00  -9.385241e-01   3.954017e+00  -1.045983e+00   4.048801e+00  -9.511991e-01   3.948455e+00  -1.051545e+00   4.050148e+00  -9.498525e-01
13	   4.057298e+00  -9.427021e-01   3.965681e+00  -1.034319e+00   4.035798e+00  -9.642023e-01   3.959425e+00  -1.040575e+00   4.042004e+00  -9.579962e-01
13.1	   4.048199e+00  -9.518015e-01   3.980263e+00  -1.019737e+00   4.020049e+00  -9.799505e-01   3.973938e+00  -1.026062e+00   4.029929e+00  -9.700714e-01
13.2	   4.035189e+00  -9.648106e-01   3.996743e+00  -1.003257e+00   4.002988e+00  -9.970116e-01   3.990992e+00  -1.009008e+00   4.015081e+00  -9.849188e-01
13.3	   4.019588e+00  -9.804119e-01   4.013862e+00  -9.861381e-01   3.986036e+00  -1.013964e+00   4.009297e+00  -9.907026e-01   3.998838e+00  -1.001162e+00
13.4	   4.002759e+00  -9.972406e-01   4.030186e+00  -9.698137e-01   3.970497e+00  -1.029503e+00   4.027274e+00  -9.727261e-01   3.982632e+00  -1.017368e+00
13.5	   3.986102e+00  -1.013898e+00   4.044254e+00  -9.557457e-01   3.957494e+00  -1.042506e+00   4.043247e+00  -9.567533e-01   3.967835e+00  -1.032165e+00
13.6	   3.970836e+00  -1.029164e+00   4.054744e+00  -9.452564e-01   3.947924e+00  -1.052076e+00   4.055576e+00  -9.444240e-01   3.955634e+00  -1.044366e+00
13.7	   3.958018e+00  -1.041982e+00   4.060631e+00  -9.393693e-01   3.942439e+00  -1.057561e+00   4.062905e+00  -9.370952e-01   3.946978e+00  -1.053022e+00
13.8	   3.948539e+00  -1.051461e+00   4.061363e+00  -9.386370e-01   3.941429e+00  -1.058571e+00   4.064434e+00  -9.355655e-01   3.942543e+00  -1.057457e+00
13.9	   3.943050e+00  -1.056950e+00   4.056803e+00  -9.431965e-01   3.944967e+00  -1.055033e+00   4.060025e+00  -9.399754e-01   3.942700e+00  -1.057300e+00
14	   3.941935e+00  -1.058065e+00   4.047363e+00  -9.526372e-01   3.952792e+00  -1.047208e+00   4.050374e+00  -9.496258e-01   3.947528e+00  -1.052472e+00
14.1	   3.945293e+00  -1.054707e+00   4.033997e+00  -9.660033e-01   3.964337e+00  -1.035663e+00   4.036721e+00  -9.632791e-01   3.956738e+00  -1.043262e+00
14.2	   3.952955e+00  -1.047045e+00   4.018026e+00  -9.819744e-01   3.978821e+00  -1.021179e+00   4.020512e+00  -9.794877e-01   3.969730e+00  -1.030270e+00
14.3	   3.964435e+00  -1.035565e+00   4.000937e+00  -9.990629e-01   3.995221e+00  -1.004779e+00   4.003226e+00  -9.967740e-01   3.985610e+00  -1.014390e+00
14.4	   3.978923e+00  -1.021077e+00   3.984187e+00  -1.015813e+00   4.012300e+00  -9.877004e-01   3.986265e+00  -1.013735e+00   4.003190e+00  -9.968104e-01
14.5	   3.995302e+00  -1.004698e+00   3.969062e+00  -1.030938e+00   4.028709e+00  -9.712912e-01   3.970872e+00  -1.029128e+00   4.021053e+00  -9.789472e-01
14.6	   4.012272e+00  -9.877282e-01   3.956612e+00  -1.043388e+00   4.043066e+00  -9.569335e-01   3.958080e+00  -1.041920e+00   4.037591e+00  -9.624092e-01
14.7	   4.028518e+00  -9.714817e-01   3.947644e+00  -1.052356e+00   4.054042e+00  -9.459584e-01   3.948681e+00  -1.051319e+00   4.051233e+00  -9.487668e-01
14.8	   4.042743e+00  -9.572573e-01   3.942737e+00  -1.057263e+00   4.060561e+00  -9.394395e-01   3.943221e+00  -1.056779e+00   4.060515e+00  -9.394854e-01
14.9	   4.053694e+00  -9.463065e-01   3.942192e+00  -1.057808e+00   4.061886e+00  -9.381138e-01   3.942006e+00  -1.057994e+00   4.064404e+00  -9.355959e-01
15	   4.060203e+00  -9.397966e-01   3.946046e+00  -1.053954e+00   4.057786e+00  -9.422144e-01   3.945127e+00  -1.054873e+00   4.062405e+00  -9.375953e-01
15.1	   4.061469e+00  -9.385306e-01   3.954046e+00  -1.045954e+00   4.048699e+00  -9.513009e-01   3.952388e+00  -1.047612e+00   4.054771e+00  -9.452287e-01
15.2	   4.057289e+00  -9.427111e-01   3.965712e+00  -1.034288e+00   4.035571e+00  -9.644288e-01   3.963328e+00  -1.036672e+00   4.042440e+00  -9.575603e-01
15.3	   4.048170e+00  -9.518297e-01   3.980295e+00  -1.019705e+00   4.019702e+00  -9.802977e-01   3.977264e+00  -1.022736e+00   4.026708e+00  -9.732918e-01
15.4	   4.035146e+00  -9.648544e-01   3.996770e+00  -1.003230e+00   4.002562e+00  -9.974381e-01   3.993275e+00  -1.006725e+00   4.009064e+00  -9.909360e-01
15.5	   4.019542e+00  -9.804582e-01   4.013878e+00  -9.861215e-01   3.985616e+00  -1.014384e+00   4.010219e+00  -9.897809e-01   3.991049e+00  -1.008951e+00
15.6	   4.002713e+00  -9.972871e-01   4.030175e+00  -9.698246e-01   3.970187e+00  -1.029813e+00   4.026771e+00  -9.732285e-01   3.974114e+00  -1.025886e+00
15.7	   3.986053e+00  -1.013947e+00   4.044214e+00  -9.557862e-01   3.957383e+00  -1.042617e+00   4.041521e+00  -9.584792e-01   3.959518e+00  -1.040482e+00
15.8	   3.970788e+00  -1.029212e+00   4.054693e+00  -9.453074e-01   3.948038e+00  -1.051962e+00   4.053072e+00  -9.469282e-01   3.948305e+00  -1.051695e+00
15.9	   3.957972e+00  -1.042028e+00   4.060613e+00  -9.393874e-01   3.942728e+00  -1.057272e+00   4.060257e+00  -9.397426e-01   3.941221e+00  -1.058779e+00
16	   3.948496e+00  -1.051504e+00   4.061368e+00  -9.386316e-01   3.941787e+00  -1.058213e+00   4.062246e+00  -9.377536e-01   3.938754e+00  -1.061246e+00
16.1	   3.943017e+00  -1.056983e+00   4.056777e+00  -9.432228e-01   3.945273e+00  -1.054727e+00   4.058804e+00  -9.411960e-01   3.941097e+00  -1.058903e+00
16.2	   3.941913e+00  -1.058087e+00   4.047294e+00  -9.527063e-01   3.952967e+00  -1.047033e+00   4.050283e+00  -9.497166e-01   3.948129e+00  -1.051871e+00
16.3	   3.945283e+00  -1.054717e+00   4.033902e+00  -9.660979e-01   3.964395e+00  -1.035605e+00   4.037564e+00  -9.624355e-01   3.959379e+00  -1.040621e+00
16.4	   3.952947e+00  -1.047053e+00   4.017931e+00  -9.820688e-01   3.978824e+00  -1.021176e+00   4.021899e+00  -9.781009e-01   3.974072e+00  -1.025928e+00
16.5	   3.964427e+00  -1.035573e+00   4.000865e+00  -9.991353e-01   3.995243e+00  -1.004757e+00   4.004730e+00  -9.952704e-01   3.991170e+00  -1.008830e+00
16.6	   3.978920e+00  -1.021080e+00   3.984151e+00  -1.015849e+00   4.012421e+00  -9.875786e-01   3.987518e+00  -1.012482e+00   4.009349e+00  -9.906508e-01
16.7	   3.995308e+00  -1.004692e+00   3.969069e+00  -1.030931e+00   4.028942e+00  -9.710582e-01   3.971636e+00  -1.028364e+00   4.027071e+00  -9.729295e-01
16.8	   4.012285e+00  -9.877148e-01   3.956661e+00  -1.043339e+00   4.043342e+00  -9.566576e-01   3.958264e+00  -1.041736e+00   4.042733e+00  -9.572673e-01
16.9	   4.028539e+00  -9.714611e-01   3.947721e+00  -1.052279e+00   4.054268e+00  -9.457316e-01   3.948329e+00  -1.051671e+00   4.054796e+00  -9.452040e-01
17	   4.042765e+00  -9.572352e-01   3.942822e+00  -1.057178e+00   4.060671e+00  -9.393287e-01   3.942489e+00  -1.057511e+00   4.061968e+00  -9.380320e-01
17.1	   4.053714e+00  -9.462859e-01   3.942272e+00  -1.057728e+00   4.061874e+00  -9.381256e-01   3.941108e+00  -1.058892e+00   4.063550e+00  -9.364496e-01
17.2	   4.060227e+00  -9.397729e-01   3.946118e+00  -1.053882e+00   4.057708e+00  -9.422916e-01   3.944272e+00  -1.055728e+00   4.059449e+00  -9.405515e-01
17.3	   4.061499e+00  -9.385013e-01   3.954127e+00  -1.045873e+00   4.048585e+00  -9.514146e-01   3.951753e+00  -1.048247e+00   4.050283e+00  -9.497172e-01
17.4	   4.057329e+00  -9.426708e-01   3.965819e+00  -1.034181e+00   4.035439e+00  -9.645614e-01   3.963027e+00  -1.036973e+00   4.037198e+00  -9.628015e-01
17.5	   4.048223e+00  -9.517767e-01   3.980426e+00  -1.019574e+00   4.019562e+00  -9.804376e-01   3.977313e+00  -1.022687e+00   4.021560e+00  -9.784399e-01
17.6	   4.035205e+00  -9.647949e-01   3.996908e+00  -1.003092e+00   4.002431e+00  -9.975691e-01   3.993611e+00  -1.006389e+00   4.004751e+00  -9.952487e-01
17.7	   4.019594e+00  -9.804062e-01   4.014000e+00  -9.860002e-01   3.985508e+00  -1.014492e+00   4.010735e+00  -9.892651e-01   3.988100e+00  -1.011900e+00
17.8	   4.002754e+00  -9.972457e-01   4.030254e+00  -9.697459e-01   3.970100e+00  -1.029900e+00   4.027357e+00  -9.726431e-01   3.972804e+00  -1.027196e+00
17.9	   3.986088e+00  -1.013912e+00   4.044250e+00  -9.557503e-01   3.957302e+00  -1.042698e+00   4.042040e+00  -9.579598e-01   3.959877e+00  -1.040123e+00
18	   3.970818e+00  -1.029182e+00   4.054708e+00  -9.452918e-01   3.947961e+00  -1.052039e+00   4.053416e+00  -9.465842e-01   3.950137e+00  -1.049863e+00
18.1	   3.958008e+00  -1.041992e+00   4.060618e+00  -9.393821e-01   3.942666e+00  -1.057334e+00   4.060376e+00  -9.396241e-01   3.944170e+00  -1.055830e+00
18.2	   3.948539e+00  -1.051461e+00   4.061389e+00  -9.386106e-01   3.941746e+00  -1.058254e+00   4.062140e+00  -9.378603e-01   3.942350e+00  -1.057650e+00
18.3	   3.943067e+00  -1.056933e+00   4.056774e+00  -9.432257e-01   3.945257e+00  -1.054743e+00   4.058472e+00  -9.415277e-01   3.944799e+00  -1.055201e+00
18.4	   3.941967e+00  -1.058033e+00   4.047247e+00  -9.527527e-01   3.952984e+00  -1.047016e+00   4.049777e+00  -9.502231e-01   3.951391e+00  -1.048609e+00
18.5	   3.945340e+00  -1.054660e+00   4.033818e+00  -9.661820e-01   3.964452e+00  -1.035548e+00   4.036980e+00  -9.630195e-01   3.961759e+00  -1.038241e+00
18.6	   3.953007e+00  -1.046993e+00   4.017825e+00  -9.821745e-01   3.978916e+00  -1.021084e+00   4.021348e+00  -9.786518e-01   3.975292e+00  -1.024708e+00
18.7	   3.964477e+00  -1.035523e+00   4.000748e+00  -9.992516e-01   3.995357e+00  -1.004643e+00   4.004305e+00  -9.956952e-01   3.991127e+00  -1.008873e+00
18.8	   3.978953e+00  -1.021047e+00   3.984038e+00  -1.015962e+00   4.012517e+00  -9.874834e-01   3.987266e+00  -1.012734e+00   4.008148e+00  -9.918518e-01
18.9	   3.995324e+00  -1.004676e+00   3.968969e+00  -1.031031e+00   4.028979e+00  -9.710210e-01   3.971556e+00  -1.028444e+00   4.025037e+00  -9.749632e-01
19	   4.012283e+00  -9.877171e-01   3.956574e+00  -1.043426e+00   4.043319e+00  -9.566806e-01   3.958328e+00  -1.041672e+00   4.040363e+00  -9.596370e-01
19.1	   4.028514e+00  -9.714857e-01   3.947649e+00  -1.052351e+00   4.054224e+00  -9.457763e-01   3.948496e+00  -1.051504e+00   4.052631e+00  -9.473686e-01
19.2	   4.042733e+00  -9.572671e-01   3.942760e+00  -1.057240e+00   4.060624e+00  -9.393761e-01   3.942722e+00  -1.057278e+00   4.060516e+00  -9.394836e-01
19.3	   4.053677e+00  -9.463233e-01   3.942214e+00  -1.057786e+00   4.061833e+00  -9.381671e-01   3.941393e+00  -1.058607e+00   4.063066e+00  -9.369337e-01
19.4	   4.060176e+00  -9.398245e-01   3.946070e+00  -1.053930e+00   4.057643e+00  -9.423566e-01   3.944603e+00  -1.055397e+00   4.059946e+00  -9.400541e-01
19.5	   4.061441e+00  -9.385589e-01   3.954099e+00  -1.045901e+00   4.048457e+00  -9.515435e-01   3.952111e+00  -1.047889e+00   4.051541e+00  -9.484588e-01
19.6	   4.057261e+00  -9.427391e-01   3.965813e+00  -1.034187e+00   4.035248e+00  -9.647523e-01   3.963387e+00  -1.036613e+00   4.038799e+00  -9.612007e-01
19.7	   4.048143e+00  -9.518569e-01   3.980440e+00  -1.019560e+00   4.019361e+00  -9.806388e-01   3.977650e+00  -1.022350e+00   4.023044e+00  -9.769561e-01
19.8	   4.035112e+00  -9.648878e-01   3.996926e+00  -1.003074e+00   4.002279e+00  -9.977215e-01   3.993902e+00  -1.006098e+00   4.005792e+00  -9.942076e-01
19.9	   4.019502e+00  -9.804984e-01   4.013996e+00  -9.860042e-01   3.985445e+00  -1.014555e+00   4.010971e+00  -9.890289e-01   3.988513e+00  -1.011487e+00
20	   4.002675e+00  -9.973247e-01   4.030243e+00  -9.697570e-01   3.970131e+00  -1.029869e+00   4.027534e+00  -9.724662e-01   3.972511e+00  -1.027489e+00
20.1	   3.986026e+00  -1.013974e+00   4.044229e+00  -9.557713e-01   3.957400e+00  -1.042600e+00   4.042169e+00  -9.578313e-01   3.958920e+00  -1.041080e+00
20.2	   3.970769e+00  -1.029231e+00   4.054696e+00  -9.453035e-01   3.948092e+00  -1.051908e+00   4.053539e+00  -9.464613e-01   3.948686e+00  -1.051314e+00
20.3	   3.957955e+00  -1.042045e+00   4.060627e+00  -9.393729e-01   3.942812e+00  -1.057188e+00   4.060486e+00  -9.395140e-01   3.942502e+00  -1.057498e+00
20.4	   3.948475e+00  -1.051525e+00   4.061384e+00  -9.386156e-01   3.941898e+00  -1.058102e+00   4.062188e+00  -9.378124e-01   3.940767e+00  -1.059233e+00
20.5	   3.943002e+00  -1.056998e+00   4.056761e+00  -9.432392e-01   3.945430e+00  -1.054570e+00   4.058385e+00  -9.416150e-01   3.943577e+00  -1.056423e+00
20.6	   3.941920e+00  -1.058080e+00   4.047237e+00  -9.527628e-01   3.953196e+00  -1.046804e+00   4.049512e+00  -9.504876e-01   3.950719e+00  -1.049281e+00
20.7	   3.945323e+00  -1.054677e+00   4.033820e+00  -9.661805e-01   3.964703e+00  -1.035297e+00   4.036533e+00  -9.634675e-01   3.961708e+00  -1.038292e+00
20.8	   3.953024e+00  -1.046976e+00   4.017850e+00  -9.821502e-01   3.979176e+00  -1.020824e+00   4.020774e+00  -9.792257e-01   3.975822e+00  -1.024178e+00
20.9	   3.964523e+00  -1.035477e+00   4.000804e+00  -9.991958e-01   3.995582e+00  -1.004418e+00   4.003699e+00  -9.963014e-01   3.992091e+00  -1.007909e+00
21	   3.979021e+00  -1.020979e+00   3.984130e+00  -1.015870e+00   4.012648e+00  -9.873516e-01   3.986721e+00  -1.013279e+00   4.009317e+00  -9.906828e-01
21.1	   3.995407e+00  -1.004593e+00   3.969080e+00  -1.030920e+00   4.029038e+00  -9.709623e-01   3.971125e+00  -1.028875e+00   4.026125e+00  -9.738748e-01
21.2	   4.012382e+00  -9.876178e-01   3.956689e+00  -1.043311e+00   4.043329e+00  -9.566711e-01   3.958025e+00  -1.041975e+00   4.041088e+00  -9.589122e-01
21.3	   4.028621e+00  -9.713786e-01   3.947775e+00  -1.052225e+00   4.054194e+00  -9.458058e-01   3.948324e+00  -1.051676e+00   4.052848e+00  -9.471519e-01
21.4	   4.042846e+00  -9.571539e-01   3.942896e+00  -1.057104e+00   4.060558e+00  -9.394419e-01   3.942658e+00  -1.057342e+00   4.060271e+00  -9.397294e-01
21.5	   4.053797e+00  -9.462028e-01   3.942346e+00  -1.057654e+00   4.061707e+00  -9.382934e-01   3.941384e+00  -1.058616e+00   4.062583e+00  -9.374174e-01
21.6	   4.060298e+00  -9.397025e-01   3.946176e+00  -1.053824e+00   4.057423e+00  -9.425766e-01   3.944582e+00  -1.055418e+00   4.059461e+00  -9.405393e-01
21.7	   4.061530e+00  -9.384703e-01   3.954178e+00  -1.045822e+00   4.048143e+00  -9.518568e-01   3.952049e+00  -1.047951e+00   4.051226e+00  -9.487738e-01
21.8	   4.057342e+00  -9.426583e-01   3.965863e+00  -1.034137e+00   4.034878e+00  -9.651224e-01   3.963308e+00  -1.036692e+00   4.038748e+00  -9.612518e-01
21.9	   4.048213e+00  -9.517873e-01   3.980453e+00  -1.019547e+00   4.018981e+00  -9.810195e-01   3.977623e+00  -1.022377e+00   4.023263e+00  -9.767374e-01
22	   4.035176e+00  -9.648239e-01   3.996900e+00  -1.003100e+00   4.001917e+00  -9.980826e-01   3.994006e+00  -1.005994e+00   4.006186e+00  -9.938141e-01
22.1	   4.019562e+00  -9.804377e-01   4.013939e+00  -9.860615e-01   3.985109e+00  -1.014891e+00   4.011230e+00  -9.887702e-01   3.988964e+00  -1.011036e+00
22.2	   4.002722e+00  -9.972782e-01   4.030134e+00  -9.698662e-01   3.969827e+00  -1.030173e+00   4.027913e+00  -9.720872e-01   3.972963e+00  -1.027037e+00
22.3	   3.986048e+00  -1.013952e+00   4.044070e+00  -9.559295e-01   3.957147e+00  -1.042853e+00   4.042601e+00  -9.573990e-01   3.959376e+00  -1.040624e+00
22.4	   3.970766e+00  -1.029234e+00   4.054507e+00  -9.454931e-01   3.947903e+00  -1.052097e+00   4.053939e+00  -9.460609e-01   3.949152e+00  -1.050848e+00
22.5	   3.957936e+00  -1.042064e+00   4.060426e+00  -9.395743e-01   3.942678e+00  -1.057322e+00   4.060813e+00  -9.391873e-01   3.942959e+00  -1.057041e+00
22.6	   3.948446e+00  -1.051554e+00   4.061145e+00  -9.388547e-01   3.941817e+00  -1.058183e+00   4.062459e+00  -9.375412e-01   3.941175e+00  -1.058825e+00
22.7	   3.942959e+00  -1.057041e+00   4.056485e+00  -9.435149e-01   3.945417e+00  -1.054583e+00   4.058628e+00  -9.413724e-01   3.943894e+00  -1.056106e+00
22.8	   3.941853e+00  -1.058147e+00   4.046941e+00  -9.530594e-01   3.953273e+00  -1.046727e+00   4.049750e+00  -9.502499e-01   3.950923e+00  -1.049077e+00
22.9	   3.945219e+00  -1.054781e+00   4.033530e+00  -9.664699e-01   3.964868e+00  -1.035132e+00   4.036781e+00  -9.632190e-01   3.961798e+00  -1.038202e+00
23	   3.952890e+00  -1.047110e+00   4.017590e+00  -9.824103e-01   3.979413e+00  -1.020587e+00   4.021010e+00  -9.789899e-01   3.975798e+00  -1.024202e+00
23.1	   3.964374e+00  -1.035626e+00   4.000591e+00  -9.994087e-01   3.995870e+00  -1.004130e+00   4.003896e+00  -9.961038e-01   3.991939e+00  -1.008061e+00
23.2	   3.978867e+00  -1.021133e+00   3.983959e+00  -1.016041e+00   4.012968e+00  -9.870316e-01   3.986880e+00  -1.013120e+00   4.009036e+00  -9.909638e-01
23.3	   3.995253e+00  -1.004747e+00   3.968955e+00  -1.031045e+00   4.029341e+00  -9.706586e-01   3.971267e+00  -1.028733e+00   4.025759e+00  -9.742413e-01
23.4	   4.012219e+00  -9.877806e-01   3.956623e+00  -1.043377e+00   4.043623e+00  -9.563765e-01   3.958166e+00  -1.041834e+00   4.040658e+00  -9.593417e-01
23.5	   4.028461e+00  -9.715385e-01   3.947769e+00  -1.052231e+00   4.054511e+00  -9.454885e-01   3.948456e+00  -1.051544e+00   4.052350e+00  -9.476504e-01
23.6	   4.042688e+00  -9.573116e-01   3.942947e+00  -1.057053e+00   4.060905e+00  -9.390949e-01   3.942759e+00  -1.057241e+00   4.059662e+00  -9.403376e-01
23.7	   4.053657e+00  -9.463432e-01   3.942450e+00  -1.057550e+00   4.062055e+00  -9.379451e-01   3.941424e+00  -1.058576e+00   4.061842e+00  -9.381583e-01
23.8	   4.060177e+00  -9.398227e-01   3.946334e+00  -1.053666e+00   4.057734e+00  -9.422662e-01   3.944537e+00  -1.055463e+00   4.058581e+00  -9.414194e-01
23.9	   4.061466e+00  -9.385338e-01   3.954373e+00  -1.045627e+00   4.048404e+00  -9.515958e-01   3.951907e+00  -1.048093e+00   4.050238e+00  -9.497621e-01
24	   4.057296e+00  -9.427043e-01   3.966089e+00  -1.033911e+00   4.035096e+00  -9.649039e-01   3.963091e+00  -1.036909e+00   4.037720e+00  -9.622795e-01
24.1	   4.048199e+00  -9.518010e-01   3.980716e+00  -1.019284e+00   4.019170e+00  -9.808295e-01   3.977336e+00  -1.022664e+00   4.022286e+00  -9.777143e-01
24.2	   4.035202e+00  -9.647984e-01   3.997205e+00  -1.002795e+00   4.002086e+00  -9.979141e-01   3.993648e+00  -1.006352e+00   4.005345e+00  -9.946546e-01
24.3	   4.019615e+00  -9.803855e-01   4.014245e+00  -9.857548e-01   3.985243e+00  -1.014757e+00   4.010784e+00  -9.892163e-01   3.988335e+00  -1.011665e+00
24.4	   4.002799e+00  -9.972012e-01   4.030429e+00  -9.695713e-01   3.969899e+00  -1.030101e+00   4.027346e+00  -9.726543e-01   3.972602e+00  -1.027398e+00
24.5	   3.986160e+00  -1.013840e+00   4.044388e+00  -9.556119e-01   3.957135e+00  -1.042865e+00   4.041934e+00  -9.580661e-01   3.959316e+00  -1.040684e+00
24.6	   3.970918e+00  -1.029082e+00   4.054844e+00  -9.451560e-01   3.947802e+00  -1.052198e+00   4.053245e+00  -9.467554e-01   3.949392e+00  -1.050608e+00
24.7	   3.958122e+00  -1.041878e+00   4.060740e+00  -9.392603e-01   3.942501e+00  -1.057499e+00   4.060145e+00  -9.398554e-01   3.943483e+00  -1.056517e+00
24.8	   3.948656e+00  -1.051344e+00   4.061421e+00  -9.385794e-01   3.941582e+00  -1.058418e+00   4.061823e+00  -9.381773e-01   3.941950e+00  -1.058050e+00
24.9	   3.943175e+00  -1.056825e+00   4.056735e+00  -9.432653e-01   3.945132e+00  -1.054868e+00   4.058028e+00  -9.419722e-01   3.944862e+00  -1.055138e+00
25	   3.942073e+00  -1.057927e+00   4.047124e+00  -9.528757e-01   3.952946e+00  -1.047054e+00   4.049188e+00  -9.508119e-01   3.952037e+00  -1.047963e+00
25.1	   3.945453e+00  -1.054547e+00   4.033628e+00  -9.663721e-01   3.964500e+00  -1.035500e+00   4.036293e+00  -9.637073e-01   3.963007e+00  -1.036993e+00
25.2	   3.953136e+00  -1.046864e+00   4.017605e+00  -9.823953e-01   3.979000e+00  -1.021000e+00   4.020668e+00  -9.793323e-01   3.977032e+00  -1.022968e+00
25.3	   3.964617e+00  -1.035383e+00   4.000530e+00  -9.994697e-01   3.995389e+00  -1.004611e+00   4.003742e+00  -9.962575e-01   3.993134e+00  -1.006866e+00
25.4	   3.979085e+00  -1.020915e+00   3.983836e+00  -1.016164e+00   4.012458e+00  -9.875417e-01   3.986930e+00  -1.013070e+00   4.010148e+00  -9.898525e-01
25.5	   3.995440e+00  -1.004560e+00   3.968785e+00  -1.031215e+00   4.028849e+00  -9.711510e-01   3.971509e+00  -1.028491e+00   4.026731e+00  -9.732686e-01
25.6	   4.012378e+00  -9.876218e-01   3.956405e+00  -1.043595e+00   4.043168e+00  -9.568324e-01   3.958579e+00  -1.041421e+00   4.041465e+00  -9.585349e-01
25.7	   4.028580e+00  -9.714200e-01   3.947479e+00  -1.052521e+00   4.054102e+00  -9.458983e-01   3.949030e+00  -1.050970e+00   4.053000e+00  -9.470002e-01
25.8	   4.042764e+00  -9.572365e-01   3.942565e+00  -1.057435e+00   4.060536e+00  -9.394638e-01   3.943476e+00  -1.056524e+00   4.060116e+00  -9.398838e-01
25.9	   4.053663e+00  -9.463371e-01   3.941985e+00  -1.058015e+00   4.061722e+00  -9.382779e-01   3.942263e+00  -1.057737e+00   4.061961e+00  -9.380389e-01
26	   4.060107e+00  -9.398933e-01   3.945815e+00  -1.054185e+00   4.057429e+00  -9.425710e-01   3.945489e+00  -1.054511e+00   4.058275e+00  -9.417254e-01
26.1	   4.061297e+00  -9.387027e-01   3.953833e+00  -1.046167e+00   4.048173e+00  -9.518268e-01   3.952943e+00  -1.047057e+00   4.049534e+00  -9.504661e-01
26.2	   4.057061e+00  -9.429393e-01   3.965553e+00  -1.034447e+00   4.034993e+00  -9.650068e-01   3.964144e+00  -1.035856e+00   4.036687e+00  -9.633126e-01
26.3	   4.047889e+00  -9.521112e-01   3.980202e+00  -1.019798e+00   4.019233e+00  -9.807666e-01   3.978331e+00  -1.021669e+00   4.021001e+00  -9.789991e-01
26.4	   4.034821e+00  -9.651789e-01   3.996719e+00  -1.003281e+00   4.002316e+00  -9.976839e-01   3.994494e+00  -1.005506e+00   4.003905e+00  -9.960949e-01
26.5	   4.019199e+00  -9.808006e-01   4.013808e+00  -9.861921e-01   3.985627e+00  -1.014373e+00   4.011431e+00  -9.885695e-01   3.986842e+00  -1.013158e+00
26.6	   4.002370e+00  -9.976299e-01   4.030055e+00  -9.699453e-01   3.970417e+00  -1.029583e+00   4.027787e+00  -9.722133e-01   3.971139e+00  -1.028861e+00
26.7	   3.985722e+00  -1.014278e+00   4.044076e+00  -9.559236e-01   3.957750e+00  -1.042250e+00   4.042155e+00  -9.578451e-01   3.957926e+00  -1.042074e+00
26.8	   3.970488e+00  -1.029512e+00   4.054636e+00  -9.453641e-01   3.948481e+00  -1.051519e+00   4.053226e+00  -9.467738e-01   3.948101e+00  -1.051899e+00
26.9	   3.957710e+00  -1.042290e+00   4.060674e+00  -9.393258e-01   3.943223e+00  -1.056777e+00   4.059858e+00  -9.401417e-01   3.942315e+00  -1.057685e+00
27	   3.948276e+00  -1.051724e+00   4.061468e+00  -9.385323e-01   3.942338e+00  -1.057662e+00   4.061249e+00  -9.387511e-01   3.940961e+00  -1.059039e+00
27.1	   3.942850e+00  -1.057150e+00   4.056901e+00  -9.430994e-01   3.945893e+00  -1.054107e+00   4.057171e+00  -9.428290e-01   3.944128e+00  -1.055872e+00
27.2	   3.941807e+00  -1.058193e+00   4.047433e+00  -9.525666e-01   3.953650e+00  -1.046350e+00   4.048116e+00  -9.518837e-01   3.951603e+00  -1.048397e+00
27.3	   3.945244e+00  -1.054756e+00   4.034056e+00  -9.659442e-01   3.965083e+00  -1.034917e+00   4.035063e+00  -9.649366e-01   3.962905e+00  -1.037095e+00
27.4	   3.952987e+00  -1.047013e+00   4.018139e+00  -9.818610e-01   3.979402e+00  -1.020598e+00   4.019336e+00  -9.806644e-01   3.977297e+00  -1.022703e+00
27.5	   3.964550e+00  -1.035450e+00   4.001169e+00  -9.988309e-01   3.995611e+00  -1.004389e+00   4.002374e+00  -9.976263e-01   3.993787e+00  -1.006213e+00
27.6	   3.979117e+00  -1.020883e+00   3.984543e+00  -1.015457e+00   4.012481e+00  -9.875192e-01   3.985574e+00  -1.014426e+00   4.011157e+00  -9.888429e-01
27.7	   3.995576e+00  -1.004424e+00   3.969511e+00  -1.030489e+00   4.028685e+00  -9.713150e-01   3.970220e+00  -1.029780e+00   4.028020e+00  -9.719797e-01
27.8	   4.012627e+00  -9.873732e-01   3.957105e+00  -1.042895e+00   4.042859e+00  -9.571407e-01   3.957417e+00  -1.042583e+00   4.042954e+00  -9.570460e-01
27.9	   4.028942e+00  -9.710579e-01   3.948137e+00  -1.051863e+00   4.053650e+00  -9.463503e-01   3.948038e+00  -1.051962e+00   4.054572e+00  -9.454281e-01
28	   4.043243e+00  -9.567572e-01   3.943177e+00  -1.056823e+00   4.059922e+00  -9.400775e-01   3.942715e+00  -1.057285e+00   4.061687e+00  -9.383134e-01
28.1	   4.054222e+00  -9.457777e-01   3.942526e+00  -1.057474e+00   4.060902e+00  -9.390978e-01   3.941803e+00  -1.058197e+00   4.063531e+00  -9.364693e-01
28.2	   4.060712e+00  -9.392880e-01   3.946240e+00  -1.053760e+00   4.056454e+00  -9.435459e-01   3.945366e+00  -1.054634e+00   4.059782e+00  -9.402183e-01
28.3	   4.061927e+00  -9.380735e-01   3.954099e+00  -1.045901e+00   4.047088e+00  -9.529124e-01   3.953166e+00  -1.046834e+00   4.050851e+00  -9.491489e-01
28.4	   4.057667e+00  -9.423332e-01   3.965633e+00  -1.034367e+00   4.033852e+00  -9.661484e-01   3.964701e+00  -1.035299e+00   4.037706e+00  -9.622941e-01
28.5	   4.048429e+00  -9.515706e-01   3.980078e+00  -1.019922e+00   4.018099e+00  -9.819014e-01   3.979181e+00  -1.020819e+00   4.021672e+00  -9.783279e-01
28.6	   4.035294e+00  -9.647060e-01   3.996399e+00  -1.003601e+00   4.001235e+00  -9.987646e-01   3.995576e+00  -1.004424e+00   4.004208e+00  -9.957924e-01
28.7	   4.019598e+00  -9.804015e-01   4.013288e+00  -9.867122e-01   3.984636e+00  -1.015364e+00   4.012694e+00  -9.873064e-01   3.986752e+00  -1.013248e+00
28.8	   4.002685e+00  -9.973152e-01   4.029371e+00  -9.706289e-01   3.969547e+00  -1.030453e+00   4.029193e+00  -9.708065e-01   3.970665e+00  -1.029335e+00
28.9	   3.985941e+00  -1.014059e+00   4.043268e+00  -9.567317e-01   3.957056e+00  -1.042944e+00   4.043676e+00  -9.563236e-01   3.957098e+00  -1.042902e+00
29	   3.970593e+00  -1.029407e+00   4.053701e+00  -9.462992e-01   3.948031e+00  -1.051969e+00   4.054777e+00  -9.452233e-01   3.946971e+00  -1.053029e+00
29.1	   3.957692e+00  -1.042308e+00   4.059644e+00  -9.403562e-01   3.943060e+00  -1.056940e+00   4.061303e+00  -9.386972e-01   3.940935e+00  -1.059065e+00
29.2	   3.948127e+00  -1.051873e+00   4.060408e+00  -9.395916e-01   3.942458e+00  -1.057542e+00   4.062484e+00  -9.375159e-01   3.939375e+00  -1.060625e+00
29.3	   3.942575e+00  -1.057425e+00   4.055833e+00  -9.441669e-01   3.946273e+00  -1.053727e+00   4.058164e+00  -9.418365e-01   3.942404e+00  -1.057596e+00
29.4	   3.941425e+00  -1.058575e+00   4.046398e+00  -9.536015e-01   3.954261e+00  -1.045739e+00   4.048825e+00  -9.511753e-01   3.949834e+00  -1.050166e+00
29.5	   3.944770e+00  -1.055230e+00   4.033113e+00  -9.668871e-01   3.965893e+00  -1.034107e+00   4.035459e+00  -9.645413e-01   3.961189e+00  -1.038811e+00
29.6	   3.952415e+00  -1.047585e+00   4.017329e+00  -9.826708e-01   3.980395e+00  -1.019605e+00   4.019388e+00  -9.806117e-01   3.975721e+00  -1.024279e+00
29.7	   3.963868e+00  -1.036132e+00   4.000513e+00  -9.994874e-01   3.996741e+00  -1.003259e+00   4.002053e+00  -9.979471e-01   3.992430e+00  -1.007570e+00
29.8	   3.978343e+00  -1.021657e+00   3.984075e+00  -1.015925e+00   4.013699e+00  -9.863011e-01   3.984872e+00  -1.015128e+00   4.010107e+00  -9.898933e-01
29.9	   3.994738e+00  -1.005262e+00   3.969253e+00  -1.030747e+00   4.029912e+00  -9.700881e-01   3.969167e+00  -1.030833e+00   4.027326e+00  -9.726736e-01
30	   4.011751e+00  -9.882491e-01   3.957060e+00  -1.042940e+00   4.043990e+00  -9.560096e-01   3.956082e+00  -1.043918e+00   4.042655e+00  -9.573449e-01
30.1	   4.028064e+00  -9.719358e-01   3.948304e+00  -1.051696e+00   4.054663e+00  -9.453374e-01   3.946506e+00  -1.053494e+00   4.054707e+00  -9.452926e-01
30.2	   4.042422e+00  -9.575781e-01   3.943551e+00  -1.056449e+00   4.060751e+00  -9.392485e-01   3.941070e+00  -1.058930e+00   4.062260e+00  -9.377396e-01
30.3	   4.053510e+00  -9.464904e-01   3.943105e+00  -1.056895e+00   4.061501e+00  -9.384992e-01   3.940122e+00  -1.059878e+00   4.064430e+00  -9.355702e-01
30.4	   4.060157e+00  -9.398434e-01   3.947014e+00  -1.052986e+00   4.056770e+00  -9.432302e-01   3.943709e+00  -1.056291e+00   4.060995e+00  -9.390046e-01
30.5	   4.061542e+00  -9.384580e-01   3.955050e+00  -1.044950e+00   4.047121e+00  -9.528793e-01   3.951585e+00  -1.048415e+00   4.052306e+00  -9.476937e-01
30.6	   4.057503e+00  -9.424970e-01   3.966722e+00  -1.033278e+00   4.033621e+00  -9.663785e-01   3.963248e+00  -1.036752e+00   4.039356e+00  -9.606435e-01
30.7	   4.048509e+00  -9.514909e-01   3.981252e+00  -1.018748e+00   4.017596e+00  -9.824037e-01   3.977920e+00  -1.022080e+00   4.023456e+00  -9.765443e-01
30.8	   4.035584e+00  -9.644158e-01   3.997585e+00  -1.002415e+00   4.000463e+00  -9.995371e-01   3.994617e+00  -1.005383e+00   4.006029e+00  -9.939709e-01
30.9	   4.020048e+00  -9.799520e-01   4.014441e+00  -9.855593e-01   3.983615e+00  -1.016385e+00   4.012124e+00  -9.878758e-01   3.988499e+00  -1.011501e+00
31	   4.003249e+00  -9.967514e-01   4.030408e+00  -9.695918e-01   3.968323e+00  -1.031677e+00   4.029051e+00  -9.709494e-01   3.972187e+00  -1.027813e+00
31.1	   3.986583e+00  -1.013417e+00   4.044112e+00  -9.558883e-01   3.955686e+00  -1.044314e+00   4.043996e+00  -9.560040e-01   3.958275e+00  -1.041725e+00
31.2	   3.971287e+00  -1.028713e+00   4.054295e+00  -9.457047e-01   3.946561e+00  -1.053439e+00   4.055529e+00  -9.444710e-01   3.947714e+00  -1.052286e+00
31.3	   3.958424e+00  -1.041576e+00   4.059947e+00  -9.400529e-01   3.941562e+00  -1.058438e+00   4.062424e+00  -9.375759e-01   3.941195e+00  -1.058805e+00
31.4	   3.948880e+00  -1.051120e+00   4.060415e+00  -9.395850e-01   3.941029e+00  -1.058971e+00   4.063876e+00  -9.361241e-01   3.939139e+00  -1.060861e+00
31.5	   3.943313e+00  -1.056687e+00   4.055542e+00  -9.444579e-01   3.945007e+00  -1.054993e+00   4.059745e+00  -9.402547e-01   3.941663e+00  -1.058337e+00
31.6	   3.942110e+00  -1.057890e+00   4.045818e+00  -9.541818e-01   3.953229e+00  -1.046771e+00   4.050536e+00  -9.494638e-01   3.948589e+00  -1.051411e+00
31.7	   3.945372e+00  -1.054628e+00   4.032264e+00  -9.677364e-01   3.965141e+00  -1.034859e+00   4.037241e+00  -9.627594e-01   3.959484e+00  -1.040516e+00
31.8	   3.952915e+00  -1.047085e+00   4.016239e+00  -9.837614e-01   3.979930e+00  -1.020070e+00   4.021142e+00  -9.788581e-01   3.973636e+00  -1.026364e+00
31.9	   3.964239e+00  -1.035761e+00   3.999219e+00  -1.000781e+00   3.996576e+00  -1.003424e+00   4.003665e+00  -9.963353e-01   3.990080e+00  -1.009920e+00
32	   3.978547e+00  -1.021453e+00   3.982637e+00  -1.017363e+00   4.013812e+00  -9.861881e-01   3.986256e+00  -1.013744e+00   4.007637e+00  -9.923630e-01
32.1	   3.994737e+00  -1.005263e+00   3.967741e+00  -1.032259e+00   4.030369e+00  -9.696308e-01   3.970230e+00  -1.029770e+00   4.024901e+00  -9.750991e-01
32.2	   4.011503e+00  -9.884966e-01   3.955533e+00  -1.044467e+00   4.044818e+00  -9.551816e-01   3.956757e+00  -1.043243e+00   4.040416e+00  -9.595843e-01
32.3	   4.027550e+00  -9.724499e-01   3.946809e+00  -1.053191e+00   4.055759e+00  -9.442412e-01   3.946752e+00  -1.053248e+00   4.052751e+00  -9.472486e-01
32.4	   4.041612e+00  -9.583878e-01   3.942143e+00  -1.057857e+00   4.062067e+00  -9.379333e-01   3.940831e+00  -1.059169e+00   4.060671e+00  -9.393291e-01
32.5	   4.052454e+00  -9.475460e-01   3.941861e+00  -1.058139e+00   4.062984e+00  -9.370157e-01   3.939371e+00  -1.060629e+00   4.063333e+00  -9.366675e-01
32.6	   4.058896e+00  -9.411040e-01   3.946003e+00  -1.053997e+00   4.058307e+00  -9.416927e-01   3.942480e+00  -1.057520e+00   4.060433e+00  -9.395674e-01
32.7	   4.060154e+00  -9.398461e-01   3.954328e+00  -1.045672e+00   4.048621e+00  -9.513788e-01   3.949962e+00  -1.050038e+00   4.052383e+00  -9.476170e-01
32.8	   4.056067e+00  -9.439327e-01   3.966328e+00  -1.033672e+00   4.035008e+00  -9.649923e-01   3.961323e+00  -1.038677e+00   4.040094e+00  -9.599063e-01
32.9	   4.047117e+00  -9.528834e-01   3.981212e+00  -1.018788e+00   4.018810e+00  -9.811901e-01   3.975806e+00  -1.024194e+00   4.024795e+00  -9.752055e-01
33	   4.034311e+00  -9.656891e-01   3.997909e+00  -1.002091e+00   4.001424e+00  -9.985762e-01   3.992424e+00  -1.007576e+00   4.007860e+00  -9.921397e-01
33.1	   4.018943e+00  -9.810574e-01   4.015130e+00  -9.848702e-01   3.984248e+00  -1.015752e+00   4.009964e+00  -9.900362e-01   3.990697e+00  -1.009303e+00
33.2	   4.002333e+00  -9.976668e-01   4.031427e+00  -9.685728e-01   3.968578e+00  -1.031422e+00   4.027054e+00  -9.729463e-01   3.974631e+00  -1.025369e+00
33.3	   3.985891e+00  -1.014109e+00   4.045440e+00  -9.545599e-01   3.955526e+00  -1.044474e+00   4.042246e+00  -9.577535e-01   3.960812e+00  -1.039188e+00
33.4	   3.970836e+00  -1.029164e+00   4.055886e+00  -9.441145e-01   3.945979e+00  -1.054021e+00   4.054094e+00  -9.459059e-01   3.950168e+00  -1.049832e+00
33.5	   3.958202e+00  -1.041798e+00   4.061670e+00  -9.383299e-01   3.940582e+00  -1.059418e+00   4.061379e+00  -9.386209e-01   3.943371e+00  -1.056629e+00
33.6	   3.948874e+00  -1.051126e+00   4.062185e+00  -9.378148e-01   3.939697e+00  -1.060303e+00   4.063330e+00  -9.366704e-01   3.940854e+00  -1.059146e+00
33.7	   3.943514e+00  -1.056486e+00   4.057254e+00  -9.427456e-01   3.943387e+00  -1.056613e+00   4.059762e+00  -9.402379e-01   3.942777e+00  -1.057223e+00
33.8	   3.942514e+00  -1.057486e+00   4.047338e+00  -9.526619e-01   3.951404e+00  -1.048596e+00   4.051120e+00  -9.488803e-01   3.949011e+00  -1.050989e+00
33.9	   3.945976e+00  -1.054024e+00   4.033495e+00  -9.665053e-01   3.963208e+00  -1.036792e+00   4.038352e+00  -9.616478e-01   3.959137e+00  -1.040863e+00
34	   3.953708e+00  -1.046292e+00   4.017107e+00  -9.828926e-01   3.978001e+00  -1.021999e+00   4.022708e+00  -9.772919e-01   3.972519e+00  -1.027481e+00
34.1	   3.965203e+00  -1.034797e+00   3.999686e+00  -1.000314e+00   3.994755e+00  -1.005245e+00   4.005589e+00  -9.944113e-01   3.988249e+00  -1.011751e+00
34.2	   3.979658e+00  -1.020342e+00   3.982674e+00  -1.017326e+00   4.012278e+00  -9.877218e-01   3.988413e+00  -1.011587e+00   4.005209e+00  -9.947913e-01
34.3	   3.995943e+00  -1.004057e+00   3.967340e+00  -1.032660e+00   4.029129e+00  -9.708706e-01   3.972501e+00  -1.027499e+00   4.022060e+00  -9.779397e-01
34.4	   4.012747e+00  -9.872532e-01   3.954718e+00  -1.045282e+00   4.043940e+00  -9.560595e-01   3.958985e+00  -1.041015e+00   4.037320e+00  -9.626797e-01
34.5	   4.028719e+00  -9.712810e-01   3.945641e+00  -1.054359e+00   4.055281e+00  -9.447191e-01   3.948764e+00  -1.051236e+00   4.049575e+00  -9.504254e-01
34.6	   4.042604e+00  -9.573964e-01   3.940681e+00  -1.059319e+00   4.062019e+00  -9.379814e-01   3.942488e+00  -1.057512e+00   4.057617e+00  -9.423830e-01
34.7	   4.053162e+00  -9.468375e-01   3.940139e+00  -1.059861e+00   4.063315e+00  -9.366845e-01   3.940558e+00  -1.059442e+00   4.060587e+00  -9.394127e-01
34.8	   4.059259e+00  -9.407407e-01   3.944071e+00  -1.055929e+00   4.059089e+00  -9.409113e-01   3.943091e+00  -1.056909e+00   4.058230e+00  -9.417702e-01
34.9	   4.060131e+00  -9.398688e-01   3.952263e+00  -1.047737e+00   4.049872e+00  -9.501284e-01   3.949911e+00  -1.050089e+00   4.050885e+00  -9.491153e-01
35	   4.055647e+00  -9.443529e-01   3.964235e+00  -1.035765e+00   4.036658e+00  -9.633419e-01   3.960586e+00  -1.039414e+00   4.039390e+00  -9.606096e-01
35.1	   4.046318e+00  -9.536817e-01   3.979214e+00  -1.020786e+00   4.020743e+00  -9.792570e-01   3.974437e+00  -1.025563e+00   4.024935e+00  -9.750647e-01
35.2	   4.033204e+00  -9.667957e-01   3.996137e+00  -1.003863e+00   4.003505e+00  -9.964947e-01   3.990512e+00  -1.009488e+00   4.008844e+00  -9.911555e-01
35.3	   4.017614e+00  -9.823862e-01   4.013646e+00  -9.863544e-01   3.986340e+00  -1.013660e+00   4.007644e+00  -9.923556e-01   3.992478e+00  -1.007522e+00
35.4	   4.000858e+00  -9.991418e-01   4.030391e+00  -9.696087e-01   3.970534e+00  -1.029466e+00   4.024488e+00  -9.755121e-01   3.977096e+00  -1.022904e+00
35.5	   3.984344e+00  -1.015656e+00   4.044901e+00  -9.550989e-01   3.957201e+00  -1.042799e+00   4.039529e+00  -9.604707e-01   3.963774e+00  -1.036226e+00
35.6	   3.969297e+00  -1.030703e+00   4.055911e+00  -9.440893e-01   3.947280e+00  -1.052720e+00   4.051407e+00  -9.485929e-01   3.953392e+00  -1.046608e+00
35.7	   3.956735e+00  -1.043265e+00   4.062313e+00  -9.376873e-01   3.941430e+00  -1.058570e+00   4.058902e+00  -9.410983e-01   3.946594e+00  -1.053406e+00
35.8	   3.947537e+00  -1.052463e+00   4.063364e+00  -9.366365e-01   3.940004e+00  -1.059996e+00   4.061227e+00  -9.387727e-01   3.943795e+00  -1.056205e+00
35.9	   3.942347e+00  -1.057653e+00   4.058946e+00  -9.410537e-01   3.943086e+00  -1.056914e+00   4.058192e+00  -9.418077e-01   3.945171e+00  -1.054829e+00
36	   3.941549e+00  -1.058451e+00   4.049420e+00  -9.505802e-01   3.950497e+00  -1.049503e+00   4.050198e+00  -9.498016e-01   3.950671e+00  -1.049329e+00
36.1	   3.945240e+00  -1.054760e+00   4.035794e+00  -9.642059e-01   3.961738e+00  -1.038262e+00   4.038141e+00  -9.618589e-01   3.959951e+00  -1.040049e+00
36.2	   3.953249e+00  -1.046751e+00   4.019490e+00  -9.805103e-01   3.976061e+00  -1.023939e+00   4.023216e+00  -9.767844e-01   3.972424e+00  -1.027576e+00
36.3	   3.965091e+00  -1.034909e+00   4.002013e+00  -9.979867e-01   3.992440e+00  -1.007560e+00   4.006782e+00  -9.932176e-01   3.987258e+00  -1.012742e+00
36.4	   3.979913e+00  -1.020087e+00   3.984811e+00  -1.015189e+00   4.009729e+00  -9.902709e-01   3.990217e+00  -1.009783e+00   4.003367e+00  -9.966327e-01
36.5	   3.996590e+00  -1.003410e+00   3.969165e+00  -1.030835e+00   4.026554e+00  -9.734464e-01   3.974795e+00  -1.025205e+00   4.019461e+00  -9.805387e-01
36.6	   4.013801e+00  -9.861992e-01   3.956134e+00  -1.043866e+00   4.041438e+00  -9.585624e-01   3.961609e+00  -1.038391e+00   4.034115e+00  -9.658848e-01
36.7	   4.030197e+00  -9.698027e-01   3.946559e+00  -1.053441e+00   4.053065e+00  -9.469353e-01   3.951517e+00  -1.048483e+00   4.045963e+00  -9.540375e-01
36.8	   4.044435e+00  -9.555647e-01   3.941050e+00  -1.058950e+00   4.060182e+00  -9.398181e-01   3.945148e+00  -1.054852e+00   4.053827e+00  -9.461732e-01
36.9	   4.055229e+00  -9.447713e-01   3.939936e+00  -1.060064e+00   4.062021e+00  -9.379785e-01   3.942886e+00  -1.057114e+00   4.056955e+00  -9.430452e-01
37	   4.061383e+00  -9.386167e-01   3.943308e+00  -1.056692e+00   4.058414e+00  -9.415859e-01   3.944886e+00  -1.055114e+00   4.055050e+00  -9.449503e-01
37.1	   4.062120e+00  -9.378803e-01   3.950989e+00  -1.049011e+00   4.049836e+00  -9.501638e-01   3.951041e+00  -1.048959e+00   4.048386e+00  -9.516140e-01
37.2	   4.057327e+00  -9.426728e-01   3.962514e+00  -1.037486e+00   4.037276e+00  -9.627235e-01   3.960957e+00  -1.039043e+00   4.037772e+00  -9.622283e-01
37.3	   4.047594e+00  -9.524061e-01   3.977105e+00  -1.022895e+00   4.021977e+00  -9.780225e-01   3.974002e+00  -1.025998e+00   4.024319e+00  -9.756806e-01
37.4	   4.034013e+00  -9.659874e-01   3.993740e+00  -1.006260e+00   4.005301e+00  -9.946995e-01   3.989289e+00  -1.010711e+00   4.009287e+00  -9.907131e-01
37.5	   4.017915e+00  -9.820854e-01   4.011097e+00  -9.889035e-01   3.988602e+00  -1.011398e+00   4.005688e+00  -9.943119e-01   3.993927e+00  -1.006073e+00
37.6	   4.000680e+00  -9.993203e-01   4.027777e+00  -9.722234e-01   3.973131e+00  -1.026869e+00   4.021898e+00  -9.781020e-01   3.979385e+00  -1.020615e+00
37.7	   3.983731e+00  -1.016269e+00   4.042422e+00  -9.575777e-01   3.959978e+00  -1.040022e+00   4.036489e+00  -9.635110e-01   3.966675e+00  -1.033325e+00
37.8	   3.968331e+00  -1.031669e+00   4.053711e+00  -9.462890e-01   3.950014e+00  -1.049986e+00   4.048083e+00  -9.519167e-01   3.956622e+00  -1.043378e+00
37.9	   3.955518e+00  -1.044482e+00   4.060555e+00  -9.394454e-01   3.943879e+00  -1.056121e+00   4.055541e+00  -9.444587e-01   3.949849e+00  -1.050151e+00
38	   3.946112e+00  -1.053888e+00   4.062216e+00  -9.377838e-01   3.941984e+00  -1.058016e+00   4.058096e+00  -9.419041e-01   3.946781e+00  -1.053219e+00
38.1	   3.940787e+00  -1.059213e+00   4.058483e+00  -9.415171e-01   3.944452e+00  -1.055548e+00   4.055527e+00  -9.444727e-01   3.947613e+00  -1.052387e+00
38.2	   3.939917e+00  -1.060083e+00   4.049716e+00  -9.502837e-01   3.951102e+00  -1.048898e+00   4.048208e+00  -9.517916e-01   3.952339e+00  -1.047661e+00
38.3	   3.943610e+00  -1.056390e+00   4.036881e+00  -9.631195e-01   3.961500e+00  -1.038500e+00   4.036966e+00  -9.630336e-01   3.960690e+00  -1.039310e+00
38.4	   3.951693e+00  -1.048307e+00   4.021271e+00  -9.787293e-01   3.974973e+00  -1.025027e+00   4.022932e+00  -9.770683e-01   3.972156e+00  -1.027844e+00
38.5	   3.963662e+00  -1.036338e+00   4.004325e+00  -9.956751e-01   3.990572e+00  -1.009428e+00   4.007401e+00  -9.925986e-01   3.985964e+00  -1.014036e+00
38.6	   3.978689e+00  -1.021311e+00   3.987472e+00  -1.012528e+00   4.007191e+00  -9.928092e-01   3.991675e+00  -1.008325e+00   4.001127e+00  -9.988727e-01
38.7	   3.995679e+00  -1.004321e+00   3.971989e+00  -1.028011e+00   4.023512e+00  -9.764884e-01   3.976953e+00  -1.023047e+00   4.016402e+00  -9.835979e-01
38.8	   4.013350e+00  -9.866499e-01   3.958940e+00  -1.041060e+00   4.038141e+00  -9.618593e-01   3.964269e+00  -1.035731e+00   4.030474e+00  -9.695259e-01
38.9	   4.030303e+00  -9.696970e-01   3.949160e+00  -1.050840e+00   4.049706e+00  -9.502937e-01   3.954439e+00  -1.045561e+00   4.042030e+00  -9.579702e-01
39	   4.045112e+00  -9.548883e-01   3.943262e+00  -1.056738e+00   4.056980e+00  -9.430196e-01   3.948078e+00  -1.051922e+00   4.049943e+00  -9.500569e-01
39.1	   4.056481e+00  -9.435194e-01   3.941621e+00  -1.058379e+00   4.059169e+00  -9.408311e-01   3.945579e+00  -1.054421e+00   4.053422e+00  -9.465777e-01
39.2	   4.063183e+00  -9.368170e-01   3.944369e+00  -1.055631e+00   4.056076e+00  -9.439239e-01   3.947098e+00  -1.052902e+00   4.052147e+00  -9.478529e-01
39.3	   4.064334e+00  -9.356662e-01   3.951362e+00  -1.048638e+00   4.048186e+00  -9.518142e-01   3.952566e+00  -1.047434e+00   4.046326e+00  -9.536737e-01
39.4	   4.059784e+00  -9.402163e-01   3.962149e+00  -1.037851e+00   4.036417e+00  -9.635828e-01   3.961661e+00  -1.038339e+00   4.036705e+00  -9.632953e-01
39.5	   4.049992e+00  -9.500080e-01   3.976019e+00  -1.023981e+00   4.021959e+00  -9.780411e-01   3.973791e+00  -1.026209e+00   4.024335e+00  -9.756652e-01
39.6	   4.036165e+00  -9.638348e-01   3.991986e+00  -1.008014e+00   4.006109e+00  -9.938909e-01   3.988137e+00  -1.011863e+00   4.010377e+00  -9.896233e-01
39.7	   4.019740e+00  -9.802602e-01   4.008773e+00  -9.912273e-01   3.990178e+00  -1.009822e+00   4.003639e+00  -9.963614e-01   3.995978e+00  -1.004022e+00
39.8	   4.002109e+00  -9.978909e-01   4.024992e+00  -9.750083e-01   3.975361e+00  -1.024639e+00   4.019039e+00  -9.809614e-01   3.982195e+00  -1.017805e+00
39.9	   3.984687e+00  -1.015313e+00   4.039279e+00  -9.607208e-01   3.962696e+00  -1.037304e+00   4.033003e+00  -9.669969e-01   3.969945e+00  -1.030055e+00
40	   3.968764e+00  -1.031236e+00   4.050371e+00  -9.496287e-01   3.953030e+00  -1.046970e+00   4.044211e+00  -9.557886e-01   3.960004e+00  -1.039996e+00
40.1	   3.955430e+00  -1.044570e+00   4.057215e+00  -9.427853e-01   3.946969e+00  -1.053031e+00   4.051564e+00  -9.484359e-01   3.952995e+00  -1.047005e+00
40.2	   3.945545e+00  -1.054455e+00   4.059118e+00  -9.408818e-01   3.944880e+00  -1.055120e+00   4.054347e+00  -9.456533e-01   3.949357e+00  -1.050643e+00
40.3	   3.939783e+00  -1.060217e+00   4.055833e+00  -9.441673e-01   3.946902e+00  -1.053098e+00   4.052323e+00  -9.476771e-01   3.949352e+00  -1.050648e+00
40.4	   3.938513e+00  -1.061487e+00   4.047761e+00  -9.522393e-01   3.952898e+00  -1.047102e+00   4.045788e+00  -9.542119e-01   3.953058e+00  -1.046942e+00
40.5	   3.941862e+00  -1.058138e+00   4.035787e+00  -9.642128e-01   3.962466e+00  -1.037534e+00   4.035503e+00  -9.644972e-01   3.960320e+00  -1.039680e+00
40.6	   3.949671e+00  -1.050329e+00   4.021141e+00  -9.788592e-01   3.974980e+00  -1.025020e+00   4.022545e+00  -9.774555e-01   3.970699e+00  -1.029301e+00
40.7	   3.961449e+00  -1.038551e+00   4.005181e+00  -9.948187e-01   3.989569e+00  -1.010431e+00   4.008133e+00  -9.918671e-01   3.983534e+00  -1.016466e+00
40.8	   3.976392e+00  -1.023608e+00   3.989219e+00  -1.010781e+00   4.005185e+00  -9.948147e-01   3.993465e+00  -1.006535e+00   3.997885e+00  -1.002115e+00
40.9	   3.993431e+00  -1.006569e+00   3.974443e+00  -1.025557e+00   4.020623e+00  -9.793774e-01   3.979641e+00  -1.020359e+00   4.012615e+00  -9.873854e-01
41	   4.011292e+00  -9.887081e-01   3.961857e+00  -1.038143e+00   4.034564e+00  -9.654359e-01   3.967612e+00  -1.032388e+00   4.026459e+00  -9.735408e-01
41.1	   4.028565e+00  -9.714350e-01   3.952290e+00  -1.047710e+00   4.045696e+00  -9.543043e-01   3.958125e+00  -1.041875e+00   4.038142e+00  -9.618582e-01
41.2	   4.043956e+00  -9.560438e-01   3.946368e+00  -1.053632e+00   4.052837e+00  -9.471634e-01   3.951752e+00  -1.048248e+00   4.046545e+00  -9.534547e-01
41.3	   4.056039e+00  -9.439608e-01   3.944495e+00  -1.055505e+00   4.055211e+00  -9.447893e-01   3.948886e+00  -1.051114e+00   4.050827e+00  -9.491726e-01
41.4	   4.063513e+00  -9.364873e-01   3.946810e+00  -1.053190e+00   4.052616e+00  -9.473836e-01   3.949719e+00  -1.050281e+00   4.050581e+00  -9.494187e-01
41.5	   4.065429e+00  -9.345707e-01   3.953195e+00  -1.046805e+00   4.045482e+00  -9.545178e-01   3.954250e+00  -1.045750e+00   4.045958e+00  -9.540421e-01
41.6	   4.061565e+00  -9.384345e-01   3.963243e+00  -1.036757e+00   4.034661e+00  -9.653394e-01   3.962248e+00  -1.037752e+00   4.037584e+00  -9.624162e-01
41.7	   4.052348e+00  -9.476519e-01   3.976292e+00  -1.023708e+00   4.021258e+00  -9.787421e-01   3.973209e+00  -1.026791e+00   4.026372e+00  -9.736282e-01
41.8	   4.038850e+00  -9.611501e-01   3.991387e+00  -1.008613e+00   4.006499e+00  -9.935013e-01   3.986417e+00  -1.013583e+00   4.013375e+00  -9.866253e-01
41.9	   4.022421e+00  -9.775790e-01   4.007334e+00  -9.926664e-01   3.991582e+00  -1.008418e+00   4.000929e+00  -9.990706e-01   3.999628e+00  -1.000372e+00
42	   4.004527e+00  -9.954730e-01   4.022797e+00  -9.772026e-01   3.977645e+00  -1.022355e+00   4.015554e+00  -9.844459e-01   3.986106e+00  -1.013894e+00
42.1	   3.986691e+00  -1.013309e+00   4.036443e+00  -9.635570e-01   3.965663e+00  -1.034337e+00   4.029021e+00  -9.709786e-01   3.973701e+00  -1.026299e+00
42.2	   3.970273e+00  -1.029727e+00   4.047033e+00  -9.529667e-01   3.956435e+00  -1.043565e+00   4.040045e+00  -9.599554e-01   3.963204e+00  -1.036796e+00
42.3	   3.956407e+00  -1.043593e+00   4.053562e+00  -9.464376e-01   3.950539e+00  -1.049461e+00   4.047548e+00  -9.524522e-01   3.955302e+00  -1.044698e+00
42.4	   3.945985e+00  -1.054015e+00   4.055363e+00  -9.446368e-01   3.948335e+00  -1.051665e+00   4.050792e+00  -9.492080e-01   3.950541e+00  -1.049459e+00
42.5	   3.939690e+00  -1.060310e+00   4.052262e+00  -9.477376e-01   3.949959e+00  -1.050041e+00   4.049516e+00  -9.504837e-01   3.949310e+00  -1.050690e+00
42.6	   3.937908e+00  -1.062092e+00   4.044656e+00  -9.553444e-01   3.955320e+00  -1.044680e+00   4.043954e+00  -9.560463e-01   3.951805e+00  -1.048195e+00
42.7	   3.940735e+00  -1.059265e+00   4.033431e+00  -9.665688e-01   3.964059e+00  -1.035941e+00   4.034801e+00  -9.651995e-01   3.958017e+00  -1.041983e+00
42.8	   3.948022e+00  -1.051978e+00   4.019732e+00  -9.802675e-01   3.975580e+00  -1.024420e+00   4.023055e+00  -9.769449e-01   3.967594e+00  -1.032406e+00
42.9	   3.959339e+00  -1.040661e+00   4.004833e+00  -9.951666e-01   3.989111e+00  -1.010889e+00   4.009817e+00  -9.901827e-01   3.979920e+00  -1.020080e+00
43	   3.973931e+00  -1.026069e+00   3.989958e+00  -1.010042e+00   4.003641e+00  -9.963586e-01   3.996180e+00  -1.003820e+00   3.994091e+00  -1.005909e+00
43.1	   3.990775e+00  -1.009225e+00   3.976206e+00  -1.023794e+00   4.018075e+00  -9.819252e-01   3.983134e+00  -1.016866e+00   4.008973e+00  -9.910271e-01
43.2	   4.008526e+00  -9.914739e-01   3.964493e+00  -1.035507e+00   4.031162e+00  -9.688380e-01   3.971527e+00  -1.028473e+00   4.023270e+00  -9.767304e-01
43.3	   4.025973e+00  -9.740268e-01   3.955561e+00  -1.044439e+00   4.041663e+00  -9.583374e-01   3.962084e+00  -1.037916e+00   4.035721e+00  -9.642789e-01
43.4	   4.041743e+00  -9.582570e-01   3.949968e+00  -1.050032e+00   4.048505e+00  -9.514951e-01   3.955374e+00  -1.044626e+00   4.045123e+00  -9.548773e-01
43.5	   4.054487e+00  -9.455126e-01   3.948087e+00  -1.051913e+00   4.050980e+00  -9.490202e-01   3.951827e+00  -1.048173e+00   4.050583e+00  -9.494168e-01
43.6	   4.062802e+00  -9.371982e-01   3.950081e+00  -1.049919e+00   4.048895e+00  -9.511047e-01   3.951710e+00  -1.048290e+00   4.051593e+00  -9.484070e-01
43.7	   4.065606e+00  -9.343943e-01   3.955875e+00  -1.044125e+00   4.042597e+00  -9.574034e-01   3.955116e+00  -1.044884e+00   4.048108e+00  -9.518923e-01
43.8	   4.062630e+00  -9.373702e-01   3.965151e+00  -1.034849e+00   4.032887e+00  -9.671130e-01   3.961903e+00  -1.038097e+00   4.040678e+00  -9.593219e-01
43.9	   4.054215e+00  -9.457848e-01   3.977286e+00  -1.022714e+00   4.020734e+00  -9.792661e-01   3.971681e+00  -1.028319e+00   4.030101e+00  -9.698987e-01
44	   4.041371e+00  -9.586288e-01   3.991401e+00  -1.008599e+00   4.007239e+00  -9.927610e-01   3.983842e+00  -1.016158e+00   4.017338e+00  -9.826616e-01
