           0.1	   3.999912e+00  -1.000009e+01   3.999987e+00  -1.000001e+01   3.999998e+00  -1.000000e+01   4.000000e+00  -1.000000e+01   4.000000e+00  -1.000000e+01
0.2	   3.999475e+00  -1.000052e+01   3.999924e+00  -1.000008e+01   3.999990e+00  -1.000001e+01   3.999999e+00  -1.000000e+01   4.000000e+00  -1.000000e+01
0.3	   3.998547e+00  -1.000145e+01   3.999794e+00  -1.000021e+01   3.999973e+00  -1.000003e+01   3.999996e+00  -1.000000e+01   4.000000e+00  -1.000000e+01
0.4	   3.996998e+00  -1.000300e+01   3.999577e+00  -1.000042e+01   3.999944e+00  -1.000006e+01   3.999992e+00  -1.000001e+01   3.999999e+00  -1.000000e+01
0.5	   3.994742e+00  -1.000526e+01   3.999257e+00  -1.000074e+01   3.999898e+00  -1.000010e+01   3.999986e+00  -1.000001e+01   3.999998e+00  -1.000000e+01
0.6	   3.991764e+00  -1.000824e+01   3.998819e+00  -1.000118e+01   3.999833e+00  -1.000017e+01   3.999976e+00  -1.000002e+01   3.999997e+00  -1.000000e+01
0.7	   3.988130e+00  -1.001187e+01   3.998254e+00  -1.000175e+01   3.999745e+00  -1.000026e+01   3.999962e+00  -1.000004e+01   3.999994e+00  -1.000001e+01
0.8	   3.984016e+00  -1.001598e+01   3.997558e+00  -1.000244e+01   3.999629e+00  -1.000037e+01   3.999943e+00  -1.000006e+01   3.999991e+00  -1.000001e+01
0.9	   3.979729e+00  -1.002027e+01   3.996740e+00  -1.000326e+01   3.999482e+00  -1.000052e+01   3.999918e+00  -1.000008e+01   3.999987e+00  -1.000001e+01
1	   3.975703e+00  -1.002430e+01   3.995808e+00  -1.000419e+01   3.999301e+00  -1.000070e+01   3.999885e+00  -1.000012e+01   3.999981e+00  -1.000002e+01
1.1	   3.972713e+00  -1.002729e+01   3.994799e+00  -1.000520e+01   3.999084e+00  -1.000092e+01   3.999843e+00  -1.000016e+01   3.999974e+00  -1.000003e+01
1.2	   3.971442e+00  -1.002856e+01   3.993765e+00  -1.000623e+01   3.998833e+00  -1.000117e+01   3.999790e+00  -1.000021e+01   3.999964e+00  -1.000004e+01
1.3	   3.973067e+00  -1.002693e+01   3.992764e+00  -1.000724e+01   3.998547e+00  -1.000145e+01   3.999726e+00  -1.000027e+01   3.999951e+00  -1.000005e+01
1.4	   3.978872e+00  -1.002113e+01   3.991853e+00  -1.000815e+01   3.998229e+00  -1.000177e+01   3.999648e+00  -1.000035e+01   3.999935e+00  -1.000007e+01
1.5	   3.988623e+00  -1.001138e+01   3.991121e+00  -1.000888e+01   3.997885e+00  -1.000211e+01   3.999556e+00  -1.000044e+01   3.999914e+00  -1.000009e+01
1.6	   4.001592e+00  -9.998408e+00   3.990671e+00  -1.000933e+01   3.997523e+00  -1.000248e+01   3.999449e+00  -1.000055e+01   3.999889e+00  -1.000011e+01
1.7	   4.017029e+00  -9.982971e+00   3.990575e+00  -1.000943e+01   3.997155e+00  -1.000285e+01   3.999326e+00  -1.000067e+01   3.999859e+00  -1.000014e+01
1.8	   4.034029e+00  -9.965971e+00   3.990988e+00  -1.000901e+01   3.996798e+00  -1.000320e+01   3.999188e+00  -1.000081e+01   3.999822e+00  -1.000018e+01
1.9	   4.051460e+00  -9.948540e+00   3.991986e+00  -1.000801e+01   3.996463e+00  -1.000354e+01   3.999034e+00  -1.000097e+01   3.999778e+00  -1.000022e+01
2	   4.068165e+00  -9.931835e+00   3.993621e+00  -1.000638e+01   3.996165e+00  -1.000383e+01   3.998865e+00  -1.000113e+01   3.999727e+00  -1.000027e+01
2.1	   4.082193e+00  -9.917807e+00   3.995944e+00  -1.000406e+01   3.995925e+00  -1.000408e+01   3.998682e+00  -1.000132e+01   3.999667e+00  -1.000033e+01
2.2	   4.090964e+00  -9.909036e+00   3.998989e+00  -1.000101e+01   3.995762e+00  -1.000424e+01   3.998488e+00  -1.000151e+01   3.999599e+00  -1.000040e+01
2.3	   4.094720e+00  -9.905280e+00   4.002779e+00  -9.997221e+00   3.995693e+00  -1.000431e+01   3.998286e+00  -1.000171e+01   3.999520e+00  -1.000048e+01
2.4	   4.088808e+00  -9.911192e+00   4.007288e+00  -9.992712e+00   3.995743e+00  -1.000426e+01   3.998081e+00  -1.000192e+01   3.999432e+00  -1.000057e+01
2.5	   4.071567e+00  -9.928433e+00   4.012456e+00  -9.987544e+00   3.995955e+00  -1.000404e+01   3.997879e+00  -1.000212e+01   3.999334e+00  -1.000067e+01
2.6	   4.053135e+00  -9.946865e+00   4.018225e+00  -9.981775e+00   3.996367e+00  -1.000363e+01   3.997689e+00  -1.000231e+01   3.999227e+00  -1.000077e+01
2.7	   4.032085e+00  -9.967915e+00   4.024488e+00  -9.975512e+00   3.997019e+00  -1.000298e+01   3.997522e+00  -1.000248e+01   3.999111e+00  -1.000089e+01
2.8	   4.005978e+00  -9.994022e+00   4.031071e+00  -9.968929e+00   3.997934e+00  -1.000207e+01   3.997389e+00  -1.000261e+01   3.998988e+00  -1.000101e+01
2.9	   3.978645e+00  -1.002136e+01   4.037560e+00  -9.962440e+00   3.999134e+00  -1.000087e+01   3.997300e+00  -1.000270e+01   3.998859e+00  -1.000114e+01
3	   3.952481e+00  -1.004752e+01   4.043485e+00  -9.956515e+00   4.000639e+00  -9.999361e+00   3.997266e+00  -1.000273e+01   3.998728e+00  -1.000127e+01
3.1	   3.928055e+00  -1.007195e+01   4.048235e+00  -9.951765e+00   4.002444e+00  -9.997556e+00   3.997301e+00  -1.000270e+01   3.998596e+00  -1.000140e+01
3.2	   3.906314e+00  -1.009369e+01   4.051305e+00  -9.948695e+00   4.004537e+00  -9.995463e+00   3.997426e+00  -1.000257e+01   3.998468e+00  -1.000153e+01
3.3	   3.888780e+00  -1.011122e+01   4.052372e+00  -9.947628e+00   4.006909e+00  -9.993091e+00   3.997660e+00  -1.000234e+01   3.998348e+00  -1.000165e+01
3.4	   3.876532e+00  -1.012347e+01   4.050668e+00  -9.949332e+00   4.009523e+00  -9.990477e+00   3.998020e+00  -1.000198e+01   3.998244e+00  -1.000176e+01
3.5	   3.870073e+00  -1.012993e+01   4.045652e+00  -9.954348e+00   4.012321e+00  -9.987679e+00   3.998521e+00  -1.000148e+01   3.998160e+00  -1.000184e+01
3.6	   3.869699e+00  -1.013030e+01   4.036960e+00  -9.963040e+00   4.015269e+00  -9.984731e+00   3.999177e+00  -1.000082e+01   3.998105e+00  -1.000189e+01
3.7	   3.877179e+00  -1.012282e+01   4.024465e+00  -9.975535e+00   4.018236e+00  -9.981764e+00   3.999999e+00  -1.000000e+01   3.998083e+00  -1.000192e+01
3.8	   3.893000e+00  -1.010700e+01   4.008448e+00  -9.991552e+00   4.021094e+00  -9.978906e+00   4.000993e+00  -9.999007e+00   3.998103e+00  -1.000190e+01
3.9	   3.917125e+00  -1.008287e+01   3.989761e+00  -1.001024e+01   4.023701e+00  -9.976299e+00   4.002161e+00  -9.997839e+00   3.998179e+00  -1.000182e+01
4	   3.948439e+00  -1.005156e+01   3.969715e+00  -1.003028e+01   4.025889e+00  -9.974111e+00   4.003500e+00  -9.996500e+00   3.998322e+00  -1.000168e+01
4.1	   3.985436e+00  -1.001456e+01   3.949951e+00  -1.005005e+01   4.027507e+00  -9.972493e+00   4.004999e+00  -9.995001e+00   3.998541e+00  -1.000146e+01
4.2	   4.026842e+00  -9.973158e+00   3.932139e+00  -1.006786e+01   4.028456e+00  -9.971544e+00   4.006642e+00  -9.993358e+00   3.998848e+00  -1.000115e+01
4.3	   4.070008e+00  -9.929992e+00   3.918196e+00  -1.008180e+01   4.028626e+00  -9.971374e+00   4.008406e+00  -9.991594e+00   3.999251e+00  -1.000075e+01
4.4	   4.110535e+00  -9.889465e+00   3.908668e+00  -1.009133e+01   4.027789e+00  -9.972211e+00   4.010273e+00  -9.989727e+00   3.999761e+00  -1.000024e+01
4.5	   4.149371e+00  -9.850629e+00   3.903739e+00  -1.009626e+01   4.025851e+00  -9.974149e+00   4.012174e+00  -9.987826e+00   4.000381e+00  -9.999619e+00
4.6	   4.184848e+00  -9.815152e+00   3.903629e+00  -1.009637e+01   4.022750e+00  -9.977250e+00   4.014054e+00  -9.985946e+00   4.001118e+00  -9.998882e+00
4.7	   4.208879e+00  -9.791121e+00   3.909637e+00  -1.009036e+01   4.018472e+00  -9.981528e+00   4.015848e+00  -9.984152e+00   4.001972e+00  -9.998028e+00
4.8	   4.218512e+00  -9.781488e+00   3.921799e+00  -1.007820e+01   4.013042e+00  -9.986958e+00   4.017480e+00  -9.982520e+00   4.002942e+00  -9.997058e+00
4.9	   4.213315e+00  -9.786685e+00   3.939886e+00  -1.006011e+01   4.006564e+00  -9.993436e+00   4.018865e+00  -9.981135e+00   4.004022e+00  -9.995978e+00
5	   4.191958e+00  -9.808042e+00   3.963690e+00  -1.003631e+01   3.999202e+00  -1.000080e+01   4.019926e+00  -9.980074e+00   4.005203e+00  -9.994797e+00
5.1	   4.157429e+00  -9.842571e+00   3.992498e+00  -1.000750e+01   3.991182e+00  -1.000882e+01   4.020603e+00  -9.979397e+00   4.006481e+00  -9.993519e+00
5.2	   4.110692e+00  -9.889308e+00   4.024910e+00  -9.975090e+00   3.982828e+00  -1.001717e+01   4.020857e+00  -9.979143e+00   4.007833e+00  -9.992167e+00
5.3	   4.055279e+00  -9.944721e+00   4.058702e+00  -9.941298e+00   3.974548e+00  -1.002545e+01   4.020599e+00  -9.979401e+00   4.009227e+00  -9.990773e+00
5.4	   3.999047e+00  -1.000095e+01   4.091351e+00  -9.908649e+00   3.966808e+00  -1.003319e+01   4.019769e+00  -9.980231e+00   4.010630e+00  -9.989370e+00
5.5	   3.944620e+00  -1.005538e+01   4.121550e+00  -9.878450e+00   3.960148e+00  -1.003985e+01   4.018346e+00  -9.981654e+00   4.012006e+00  -9.987994e+00
5.6	   3.895736e+00  -1.010426e+01   4.148346e+00  -9.851654e+00   3.955111e+00  -1.004489e+01   4.016316e+00  -9.983684e+00   4.013312e+00  -9.986688e+00
5.7	   3.855511e+00  -1.014449e+01   4.167426e+00  -9.832574e+00   3.952060e+00  -1.004794e+01   4.013689e+00  -9.986311e+00   4.014501e+00  -9.985499e+00
5.8	   3.825141e+00  -1.017486e+01   4.177395e+00  -9.822605e+00   3.951187e+00  -1.004881e+01   4.010502e+00  -9.989498e+00   4.015522e+00  -9.984478e+00
5.9	   3.806087e+00  -1.019391e+01   4.178113e+00  -9.821887e+00   3.953132e+00  -1.004687e+01   4.006822e+00  -9.993178e+00   4.016328e+00  -9.983672e+00
6	   3.798312e+00  -1.020169e+01   4.165822e+00  -9.834178e+00   3.958417e+00  -1.004158e+01   4.002743e+00  -9.997257e+00   4.016887e+00  -9.983113e+00
6.1	   3.800570e+00  -1.019943e+01   4.140017e+00  -9.859983e+00   3.967333e+00  -1.003267e+01   3.998391e+00  -1.000161e+01   4.017171e+00  -9.982829e+00
6.2	   3.813246e+00  -1.018675e+01   4.102408e+00  -9.897592e+00   3.979819e+00  -1.002018e+01   3.993919e+00  -1.000608e+01   4.017153e+00  -9.982847e+00
6.3	   3.835620e+00  -1.016438e+01   4.059637e+00  -9.940363e+00   3.995463e+00  -1.000454e+01   3.989508e+00  -1.001049e+01   4.016774e+00  -9.983226e+00
6.4	   3.868089e+00  -1.013191e+01   4.014475e+00  -9.985525e+00   4.013725e+00  -9.986275e+00   3.985367e+00  -1.001463e+01   4.016026e+00  -9.983974e+00
6.5	   3.911400e+00  -1.008860e+01   3.968990e+00  -1.003101e+01   4.033972e+00  -9.966028e+00   3.981728e+00  -1.001827e+01   4.014902e+00  -9.985098e+00
6.6	   3.967345e+00  -1.003265e+01   3.926398e+00  -1.007360e+01   4.055326e+00  -9.944674e+00   3.978842e+00  -1.002116e+01   4.013407e+00  -9.986593e+00
6.7	   4.025072e+00  -9.974928e+00   3.890321e+00  -1.010968e+01   4.076679e+00  -9.923321e+00   3.976905e+00  -1.002309e+01   4.011560e+00  -9.988440e+00
6.8	   4.060415e+00  -9.939585e+00   3.862116e+00  -1.013788e+01   4.096858e+00  -9.903142e+00   3.976028e+00  -1.002397e+01   4.009393e+00  -9.990607e+00
6.9	   4.096229e+00  -9.903771e+00   3.841549e+00  -1.015845e+01   4.114327e+00  -9.885673e+00   3.976382e+00  -1.002362e+01   4.006955e+00  -9.993045e+00
7	   4.145137e+00  -9.854863e+00   3.828846e+00  -1.017115e+01   4.127290e+00  -9.872710e+00   3.978338e+00  -1.002166e+01   4.004312e+00  -9.995688e+00
7.1	   4.192744e+00  -9.807256e+00   3.824419e+00  -1.017558e+01   4.134596e+00  -9.865404e+00   3.981988e+00  -1.001801e+01   4.001545e+00  -9.998455e+00
7.2	   4.230105e+00  -9.769895e+00   3.828644e+00  -1.017136e+01   4.134735e+00  -9.865265e+00   3.987384e+00  -1.001262e+01   3.998751e+00  -1.000125e+01
7.3	   4.252789e+00  -9.747211e+00   3.841950e+00  -1.015805e+01   4.125554e+00  -9.874446e+00   3.994502e+00  -1.000550e+01   3.996039e+00  -1.000396e+01
7.4	   4.253439e+00  -9.746561e+00   3.863895e+00  -1.013610e+01   4.106979e+00  -9.893021e+00   4.003239e+00  -9.996761e+00   3.993533e+00  -1.000647e+01
7.5	   4.235631e+00  -9.764369e+00   3.895054e+00  -1.010495e+01   4.079645e+00  -9.920355e+00   4.013388e+00  -9.986612e+00   3.991368e+00  -1.000863e+01
7.6	   4.203992e+00  -9.796008e+00   3.935731e+00  -1.006427e+01   4.046009e+00  -9.953991e+00   4.024632e+00  -9.975368e+00   3.989687e+00  -1.001031e+01
7.7	   4.159871e+00  -9.840129e+00   3.984289e+00  -1.001571e+01   4.009400e+00  -9.990600e+00   4.036552e+00  -9.963448e+00   3.988587e+00  -1.001141e+01
7.8	   4.102771e+00  -9.897229e+00   4.036823e+00  -9.963177e+00   3.972754e+00  -1.002725e+01   4.048635e+00  -9.951365e+00   3.988129e+00  -1.001187e+01
7.9	   4.040021e+00  -9.959979e+00   4.089766e+00  -9.910234e+00   3.938355e+00  -1.006165e+01   4.060289e+00  -9.939711e+00   3.988432e+00  -1.001157e+01
8	   3.979598e+00  -1.002040e+01   4.141445e+00  -9.858555e+00   3.908465e+00  -1.009153e+01   4.070962e+00  -9.929038e+00   3.989705e+00  -1.001029e+01
8.1	   3.924411e+00  -1.007559e+01   4.190609e+00  -9.809391e+00   3.884768e+00  -1.011523e+01   4.079870e+00  -9.920130e+00   3.991990e+00  -1.000801e+01
8.2	   3.878117e+00  -1.012188e+01   4.228412e+00  -9.771588e+00   3.867191e+00  -1.013281e+01   4.086164e+00  -9.913836e+00   3.995315e+00  -1.000469e+01
8.3	   3.841764e+00  -1.015824e+01   4.250956e+00  -9.749044e+00   3.856319e+00  -1.014368e+01   4.089388e+00  -9.910612e+00   3.999668e+00  -1.000033e+01
8.4	   3.815000e+00  -1.018500e+01   4.258798e+00  -9.741202e+00   3.852426e+00  -1.014757e+01   4.089135e+00  -9.910865e+00   4.004994e+00  -9.995006e+00
8.5	   3.797632e+00  -1.020237e+01   4.230536e+00  -9.769464e+00   3.856077e+00  -1.014392e+01   4.084443e+00  -9.915557e+00   4.011184e+00  -9.988816e+00
8.6	   3.791541e+00  -1.020846e+01   4.192147e+00  -9.807853e+00   3.868382e+00  -1.013162e+01   4.075205e+00  -9.924795e+00   4.018074e+00  -9.981926e+00
8.7	   3.798640e+00  -1.020136e+01   4.145076e+00  -9.854924e+00   3.889241e+00  -1.011076e+01   4.061543e+00  -9.938457e+00   4.025450e+00  -9.974550e+00
8.8	   3.816919e+00  -1.018308e+01   4.083224e+00  -9.916776e+00   3.918152e+00  -1.008185e+01   4.043951e+00  -9.956049e+00   4.033044e+00  -9.966956e+00
8.9	   3.843473e+00  -1.015653e+01   4.026346e+00  -9.973654e+00   3.954366e+00  -1.004563e+01   4.023262e+00  -9.976738e+00   4.040547e+00  -9.959453e+00
9	   3.877847e+00  -1.012215e+01   3.977974e+00  -1.002203e+01   3.996213e+00  -1.000379e+01   4.000587e+00  -9.999413e+00   4.047615e+00  -9.952385e+00
9.1	   3.920278e+00  -1.007972e+01   3.936561e+00  -1.006344e+01   4.041589e+00  -9.958411e+00   3.977206e+00  -1.002279e+01   4.053919e+00  -9.946081e+00
9.2	   3.974288e+00  -1.002571e+01   3.901795e+00  -1.009820e+01   4.087902e+00  -9.912098e+00   3.954467e+00  -1.004553e+01   4.059071e+00  -9.940929e+00
9.3	   4.032093e+00  -9.967907e+00   3.872610e+00  -1.012739e+01   4.132818e+00  -9.867182e+00   3.933705e+00  -1.006630e+01   4.062651e+00  -9.937349e+00
9.4	   4.067738e+00  -9.932262e+00   3.848509e+00  -1.015149e+01   4.174841e+00  -9.825159e+00   3.916248e+00  -1.008375e+01   4.064441e+00  -9.935559e+00
9.5	   4.104100e+00  -9.895900e+00   3.830403e+00  -1.016960e+01   4.208763e+00  -9.791237e+00   3.903491e+00  -1.009651e+01   4.064221e+00  -9.935779e+00
9.6	   4.154325e+00  -9.845675e+00   3.819298e+00  -1.018070e+01   4.230376e+00  -9.769624e+00   3.895501e+00  -1.010450e+01   4.061543e+00  -9.938457e+00
9.7	   4.203059e+00  -9.796941e+00   3.815966e+00  -1.018403e+01   4.235560e+00  -9.764440e+00   3.892518e+00  -1.010748e+01   4.056371e+00  -9.943629e+00
9.8	   4.237721e+00  -9.762279e+00   3.821347e+00  -1.017865e+01   4.220195e+00  -9.779805e+00   3.895204e+00  -1.010480e+01   4.048745e+00  -9.951255e+00
9.9	   4.255143e+00  -9.744857e+00   3.836323e+00  -1.016368e+01   4.185613e+00  -9.814387e+00   3.904662e+00  -1.009534e+01   4.038834e+00  -9.961166e+00
10	   4.254601e+00  -9.745399e+00   3.861172e+00  -1.013883e+01   4.140878e+00  -9.859122e+00   3.920914e+00  -1.007909e+01   4.026958e+00  -9.973042e+00
10.1	   4.234703e+00  -9.765297e+00   3.896373e+00  -1.010363e+01   4.089834e+00  -9.910166e+00   3.943733e+00  -1.005627e+01   4.013574e+00  -9.986426e+00
10.2	   4.198580e+00  -9.801420e+00   3.940492e+00  -1.005951e+01   4.035443e+00  -9.964557e+00   3.972518e+00  -1.002748e+01   3.999254e+00  -1.000075e+01
10.3	   4.150560e+00  -9.849440e+00   3.991851e+00  -1.000815e+01   3.981495e+00  -1.001851e+01   4.006118e+00  -9.993882e+00   3.984653e+00  -1.001535e+01
10.4	   4.089812e+00  -9.910188e+00   4.048672e+00  -9.951328e+00   3.930996e+00  -1.006900e+01   4.042977e+00  -9.957023e+00   3.970485e+00  -1.002952e+01
10.5	   4.027416e+00  -9.972584e+00   4.109292e+00  -9.890708e+00   3.887976e+00  -1.011202e+01   4.081151e+00  -9.918849e+00   3.957508e+00  -1.004249e+01
10.6	   3.968465e+00  -1.003153e+01   4.171381e+00  -9.828619e+00   3.853757e+00  -1.014624e+01   4.118454e+00  -9.881546e+00   3.946489e+00  -1.005351e+01
10.7	   3.915402e+00  -1.008460e+01   4.217485e+00  -9.782515e+00   3.828288e+00  -1.017171e+01   4.153529e+00  -9.846471e+00   3.938070e+00  -1.006193e+01
10.8	   3.871323e+00  -1.012868e+01   4.237576e+00  -9.762424e+00   3.812154e+00  -1.018785e+01   4.181807e+00  -9.818193e+00   3.932662e+00  -1.006734e+01
10.9	   3.835295e+00  -1.016471e+01   4.250856e+00  -9.749144e+00   3.805631e+00  -1.019437e+01   4.199197e+00  -9.800803e+00   3.930504e+00  -1.006950e+01
11	   3.808642e+00  -1.019136e+01   4.265135e+00  -9.734865e+00   3.808537e+00  -1.019146e+01   4.203549e+00  -9.796451e+00   3.932061e+00  -1.006794e+01
11.1	   3.793642e+00  -1.020636e+01   4.204880e+00  -9.795120e+00   3.821817e+00  -1.017818e+01   4.191561e+00  -9.808439e+00   3.937987e+00  -1.006201e+01
11.2	   3.790659e+00  -1.020934e+01   4.183466e+00  -9.816534e+00   3.844628e+00  -1.015537e+01   4.164728e+00  -9.835272e+00   3.948359e+00  -1.005164e+01
11.3	   3.798862e+00  -1.020114e+01   4.152768e+00  -9.847232e+00   3.876782e+00  -1.012322e+01   4.127093e+00  -9.872907e+00   3.963105e+00  -1.003690e+01
11.4	   3.816846e+00  -1.018315e+01   4.071461e+00  -9.928539e+00   3.918484e+00  -1.008152e+01   4.080959e+00  -9.919041e+00   3.981873e+00  -1.001813e+01
11.5	   3.843216e+00  -1.015678e+01   4.007676e+00  -9.992324e+00   3.969006e+00  -1.003099e+01   4.031664e+00  -9.968336e+00   4.004014e+00  -9.995986e+00
11.6	   3.876625e+00  -1.012338e+01   3.960855e+00  -1.003914e+01   4.024657e+00  -9.975343e+00   3.983498e+00  -1.001650e+01   4.028613e+00  -9.971387e+00
11.7	   3.920497e+00  -1.007950e+01   3.925692e+00  -1.007431e+01   4.081157e+00  -9.918843e+00   3.938198e+00  -1.006180e+01   4.054465e+00  -9.945535e+00
11.8	   3.976531e+00  -1.002347e+01   3.896864e+00  -1.010314e+01   4.133614e+00  -9.866386e+00   3.898560e+00  -1.010144e+01   4.080125e+00  -9.919875e+00
11.9	   4.035566e+00  -9.964434e+00   3.871813e+00  -1.012819e+01   4.178658e+00  -9.821342e+00   3.866237e+00  -1.013376e+01   4.103963e+00  -9.896037e+00
12	   4.083115e+00  -9.916885e+00   3.851098e+00  -1.014890e+01   4.214806e+00  -9.785194e+00   3.841406e+00  -1.015859e+01   4.124774e+00  -9.875226e+00
12.1	   4.121657e+00  -9.878343e+00   3.831613e+00  -1.016839e+01   4.240421e+00  -9.759579e+00   3.824938e+00  -1.017506e+01   4.140769e+00  -9.859231e+00
12.2	   4.164593e+00  -9.835407e+00   3.816513e+00  -1.018349e+01   4.238501e+00  -9.761499e+00   3.817339e+00  -1.018266e+01   4.150736e+00  -9.849264e+00
12.3	   4.210403e+00  -9.789597e+00   3.809596e+00  -1.019040e+01   4.228027e+00  -9.771973e+00   3.818596e+00  -1.018140e+01   4.153445e+00  -9.846555e+00
12.4	   4.244999e+00  -9.755001e+00   3.811741e+00  -1.018826e+01   4.208132e+00  -9.791868e+00   3.830274e+00  -1.016973e+01   4.146384e+00  -9.853616e+00
12.5	   4.259139e+00  -9.740861e+00   3.825603e+00  -1.017440e+01   4.167347e+00  -9.832653e+00   3.852069e+00  -1.014793e+01   4.129445e+00  -9.870555e+00
12.6	   4.253640e+00  -9.746360e+00   3.855248e+00  -1.014475e+01   4.114312e+00  -9.885688e+00   3.883976e+00  -1.011602e+01   4.102986e+00  -9.897014e+00
12.7	   4.228230e+00  -9.771770e+00   3.903611e+00  -1.009639e+01   4.071544e+00  -9.928456e+00   3.924953e+00  -1.007505e+01   4.069006e+00  -9.930994e+00
12.8	   4.188287e+00  -9.811713e+00   3.959594e+00  -1.004041e+01   4.026744e+00  -9.973256e+00   3.973127e+00  -1.002687e+01   4.030563e+00  -9.969437e+00
12.9	   4.137713e+00  -9.862287e+00   4.010223e+00  -9.989777e+00   3.973585e+00  -1.002642e+01   4.025717e+00  -9.974283e+00   3.990727e+00  -1.000927e+01
13	   4.078122e+00  -9.921878e+00   4.056188e+00  -9.943812e+00   3.919522e+00  -1.008048e+01   4.080101e+00  -9.919899e+00   3.951987e+00  -1.004801e+01
13.1	   4.017466e+00  -9.982534e+00   4.105682e+00  -9.894318e+00   3.872668e+00  -1.012733e+01   4.133321e+00  -9.866679e+00   3.916707e+00  -1.008329e+01
13.2	   3.959416e+00  -1.004058e+01   4.168074e+00  -9.831926e+00   3.837175e+00  -1.016283e+01   4.183018e+00  -9.816982e+00   3.887464e+00  -1.011254e+01
13.3	   3.906496e+00  -1.009350e+01   4.222680e+00  -9.777320e+00   3.813149e+00  -1.018685e+01   4.222055e+00  -9.777945e+00   3.864803e+00  -1.013520e+01
13.4	   3.861965e+00  -1.013804e+01   4.244167e+00  -9.755833e+00   3.800636e+00  -1.019936e+01   4.245580e+00  -9.754420e+00   3.849286e+00  -1.015071e+01
13.5	   3.826739e+00  -1.017326e+01   4.251982e+00  -9.748018e+00   3.798707e+00  -1.020129e+01   4.250362e+00  -9.749638e+00   3.841457e+00  -1.015854e+01
13.6	   3.803205e+00  -1.019680e+01   4.258438e+00  -9.741562e+00   3.807446e+00  -1.019255e+01   4.236799e+00  -9.763201e+00   3.841319e+00  -1.015868e+01
13.7	   3.792002e+00  -1.020800e+01   4.204614e+00  -9.795386e+00   3.826185e+00  -1.017381e+01   4.205592e+00  -9.794408e+00   3.850459e+00  -1.014954e+01
13.8	   3.791402e+00  -1.020860e+01   4.154251e+00  -9.845749e+00   3.852233e+00  -1.014777e+01   4.158518e+00  -9.841482e+00   3.869028e+00  -1.013097e+01
13.9	   3.800624e+00  -1.019938e+01   4.130925e+00  -9.869075e+00   3.884131e+00  -1.011587e+01   4.100791e+00  -9.899209e+00   3.897018e+00  -1.010298e+01
14	   3.817938e+00  -1.018206e+01   4.091690e+00  -9.908310e+00   3.925854e+00  -1.007415e+01   4.043871e+00  -9.956129e+00   3.933626e+00  -1.006637e+01
14.1	   3.844136e+00  -1.015586e+01   4.026072e+00  -9.973928e+00   3.982182e+00  -1.001782e+01   3.990424e+00  -1.000958e+01   3.977335e+00  -1.002267e+01
14.2	   3.883465e+00  -1.011654e+01   3.962006e+00  -1.003799e+01   4.047757e+00  -9.952243e+00   3.940483e+00  -1.005952e+01   4.025594e+00  -9.974406e+00
14.3	   3.936267e+00  -1.006373e+01   3.906492e+00  -1.009351e+01   4.100931e+00  -9.899069e+00   3.896934e+00  -1.010307e+01   4.075800e+00  -9.924200e+00
14.4	   3.994090e+00  -1.000591e+01   3.866240e+00  -1.013376e+01   4.131693e+00  -9.868307e+00   3.861499e+00  -1.013850e+01   4.124936e+00  -9.875064e+00
14.5	   4.047503e+00  -9.952497e+00   3.840432e+00  -1.015957e+01   4.170958e+00  -9.829042e+00   3.834370e+00  -1.016563e+01   4.171188e+00  -9.828812e+00
14.6	   4.090608e+00  -9.909392e+00   3.825798e+00  -1.017420e+01   4.219343e+00  -9.780657e+00   3.816458e+00  -1.018354e+01   4.208162e+00  -9.791838e+00
14.7	   4.128124e+00  -9.871876e+00   3.820401e+00  -1.017960e+01   4.242264e+00  -9.757736e+00   3.808100e+00  -1.019190e+01   4.231566e+00  -9.768434e+00
14.8	   4.169270e+00  -9.830730e+00   3.821094e+00  -1.017891e+01   4.242480e+00  -9.757520e+00   3.808851e+00  -1.019115e+01   4.239252e+00  -9.760748e+00
14.9	   4.212532e+00  -9.787468e+00   3.826723e+00  -1.017328e+01   4.245297e+00  -9.754703e+00   3.820052e+00  -1.017995e+01   4.228068e+00  -9.771932e+00
15	   4.244633e+00  -9.755367e+00   3.839735e+00  -1.016026e+01   4.194519e+00  -9.805481e+00   3.841073e+00  -1.015893e+01   4.197030e+00  -9.802970e+00
15.1	   4.256287e+00  -9.743713e+00   3.857598e+00  -1.014240e+01   4.129773e+00  -9.870227e+00   3.871008e+00  -1.012899e+01   4.153274e+00  -9.846726e+00
15.2	   4.247966e+00  -9.752034e+00   3.876652e+00  -1.012335e+01   4.104113e+00  -9.895887e+00   3.908256e+00  -1.009174e+01   4.099903e+00  -9.900097e+00
15.3	   4.221118e+00  -9.778882e+00   3.899770e+00  -1.010023e+01   4.083492e+00  -9.916508e+00   3.951025e+00  -1.004897e+01   4.043499e+00  -9.956501e+00
15.4	   4.180604e+00  -9.819396e+00   3.943902e+00  -1.005610e+01   4.031513e+00  -9.968487e+00   3.998788e+00  -1.000121e+01   3.989198e+00  -1.001080e+01
15.5	   4.128894e+00  -9.871106e+00   4.003781e+00  -9.996219e+00   3.967857e+00  -1.003214e+01   4.050391e+00  -9.949609e+00   3.938569e+00  -1.006143e+01
15.6	   4.069177e+00  -9.930823e+00   4.065178e+00  -9.934822e+00   3.906865e+00  -1.009314e+01   4.102885e+00  -9.897115e+00   3.894711e+00  -1.010529e+01
15.7	   4.008161e+00  -9.991839e+00   4.120386e+00  -9.879614e+00   3.858350e+00  -1.014165e+01   4.150334e+00  -9.849666e+00   3.859164e+00  -1.014084e+01
15.8	   3.948952e+00  -1.005105e+01   4.176660e+00  -9.823340e+00   3.822645e+00  -1.017735e+01   4.187301e+00  -9.812699e+00   3.831926e+00  -1.016807e+01
15.9	   3.895381e+00  -1.010462e+01   4.230982e+00  -9.769018e+00   3.800779e+00  -1.019922e+01   4.217306e+00  -9.782694e+00   3.813861e+00  -1.018614e+01
16	   3.851183e+00  -1.014882e+01   4.250675e+00  -9.749325e+00   3.793525e+00  -1.020648e+01   4.241654e+00  -9.758346e+00   3.805383e+00  -1.019462e+01
16.1	   3.818808e+00  -1.018119e+01   4.254906e+00  -9.745094e+00   3.798579e+00  -1.020142e+01   4.239920e+00  -9.760080e+00   3.806183e+00  -1.019382e+01
16.2	   3.799597e+00  -1.020040e+01   4.265587e+00  -9.734413e+00   3.815622e+00  -1.018438e+01   4.228015e+00  -9.771985e+00   3.817649e+00  -1.018235e+01
16.3	   3.792085e+00  -1.020792e+01   4.216019e+00  -9.783981e+00   3.841190e+00  -1.015881e+01   4.213063e+00  -9.786937e+00   3.839290e+00  -1.016071e+01
16.4	   3.792505e+00  -1.020749e+01   4.153966e+00  -9.846034e+00   3.869645e+00  -1.013035e+01   4.167520e+00  -9.832480e+00   3.870675e+00  -1.012933e+01
16.5	   3.801755e+00  -1.019825e+01   4.111883e+00  -9.888117e+00   3.896971e+00  -1.010303e+01   4.077570e+00  -9.922430e+00   3.911315e+00  -1.008868e+01
16.6	   3.823129e+00  -1.017687e+01   4.068421e+00  -9.931579e+00   3.928070e+00  -1.007193e+01   4.012100e+00  -9.987900e+00   3.959618e+00  -1.004038e+01
16.7	   3.857278e+00  -1.014272e+01   4.013856e+00  -9.986144e+00   3.972905e+00  -1.002709e+01   3.964132e+00  -1.003587e+01   4.012880e+00  -9.987120e+00
16.8	   3.900884e+00  -1.009912e+01   3.956715e+00  -1.004329e+01   4.038742e+00  -9.961258e+00   3.927493e+00  -1.007251e+01   4.068052e+00  -9.931948e+00
16.9	   3.948170e+00  -1.005183e+01   3.902233e+00  -1.009777e+01   4.129546e+00  -9.870454e+00   3.898029e+00  -1.010197e+01   4.121332e+00  -9.878668e+00
17	   3.997632e+00  -1.000237e+01   3.858513e+00  -1.014149e+01   4.168442e+00  -9.831558e+00   3.870714e+00  -1.012929e+01   4.170353e+00  -9.829647e+00
17.1	   4.044030e+00  -9.955970e+00   3.828039e+00  -1.017196e+01   4.175408e+00  -9.824592e+00   3.845942e+00  -1.015406e+01   4.210312e+00  -9.789688e+00
17.2	   4.084203e+00  -9.915797e+00   3.811980e+00  -1.018802e+01   4.221163e+00  -9.778837e+00   3.826119e+00  -1.017388e+01   4.236464e+00  -9.763536e+00
17.3	   4.127319e+00  -9.872681e+00   3.810857e+00  -1.018914e+01   4.254391e+00  -9.745609e+00   3.812043e+00  -1.018796e+01   4.245343e+00  -9.754657e+00
17.4	   4.177390e+00  -9.822610e+00   3.819190e+00  -1.018081e+01   4.242754e+00  -9.757246e+00   3.805240e+00  -1.019476e+01   4.239508e+00  -9.760492e+00
17.5	   4.224070e+00  -9.775930e+00   3.830946e+00  -1.016905e+01   4.235690e+00  -9.764310e+00   3.809652e+00  -1.019035e+01   4.211876e+00  -9.788124e+00
17.6	   4.252847e+00  -9.747153e+00   3.846398e+00  -1.015360e+01   4.219195e+00  -9.780805e+00   3.829332e+00  -1.017067e+01   4.168834e+00  -9.831166e+00
17.7	   4.259563e+00  -9.740437e+00   3.864913e+00  -1.013509e+01   4.149862e+00  -9.850138e+00   3.865625e+00  -1.013438e+01   4.119817e+00  -9.880183e+00
17.8	   4.248008e+00  -9.751992e+00   3.883058e+00  -1.011694e+01   4.066344e+00  -9.933656e+00   3.919907e+00  -1.008009e+01   4.067885e+00  -9.932115e+00
17.9	   4.220087e+00  -9.779913e+00   3.909284e+00  -1.009072e+01   4.026694e+00  -9.973306e+00   3.973333e+00  -1.002667e+01   4.016171e+00  -9.983829e+00
18	   4.177537e+00  -9.822463e+00   3.953472e+00  -1.004653e+01   4.007395e+00  -9.992605e+00   4.015571e+00  -9.984429e+00   3.967462e+00  -1.003254e+01
18.1	   4.120038e+00  -9.879962e+00   4.015932e+00  -9.984068e+00   3.976670e+00  -1.002333e+01   4.052744e+00  -9.947256e+00   3.923497e+00  -1.007650e+01
18.2	   4.055685e+00  -9.944315e+00   4.085112e+00  -9.914888e+00   3.920940e+00  -1.007906e+01   4.094380e+00  -9.905620e+00   3.886427e+00  -1.011357e+01
18.3	   3.992543e+00  -1.000746e+01   4.146101e+00  -9.853899e+00   3.864622e+00  -1.013538e+01   4.146860e+00  -9.853140e+00   3.856556e+00  -1.014344e+01
18.4	   3.933809e+00  -1.006619e+01   4.198260e+00  -9.801740e+00   3.823732e+00  -1.017627e+01   4.205633e+00  -9.794367e+00   3.834132e+00  -1.016587e+01
18.5	   3.884040e+00  -1.011596e+01   4.243181e+00  -9.756819e+00   3.798738e+00  -1.020126e+01   4.235612e+00  -9.764388e+00   3.819829e+00  -1.018017e+01
18.6	   3.844880e+00  -1.015512e+01   4.263103e+00  -9.736897e+00   3.786843e+00  -1.021316e+01   4.243139e+00  -9.756861e+00   3.813827e+00  -1.018617e+01
18.7	   3.816687e+00  -1.018331e+01   4.262240e+00  -9.737760e+00   3.787873e+00  -1.021213e+01   4.257377e+00  -9.742623e+00   3.816049e+00  -1.018395e+01
18.8	   3.799166e+00  -1.020083e+01   4.261103e+00  -9.738897e+00   3.805858e+00  -1.019414e+01   4.208744e+00  -9.791256e+00   3.827821e+00  -1.017218e+01
18.9	   3.791171e+00  -1.020883e+01   4.212594e+00  -9.787406e+00   3.839937e+00  -1.016006e+01   4.171181e+00  -9.828819e+00   3.848927e+00  -1.015107e+01
19	   3.792653e+00  -1.020735e+01   4.135097e+00  -9.864903e+00   3.878995e+00  -1.012101e+01   4.154157e+00  -9.845843e+00   3.879915e+00  -1.012009e+01
19.1	   3.805375e+00  -1.019463e+01   4.087383e+00  -9.912617e+00   3.912953e+00  -1.008705e+01   4.102006e+00  -9.897994e+00   3.920652e+00  -1.007935e+01
19.2	   3.828532e+00  -1.017147e+01   4.048953e+00  -9.951047e+00   3.946517e+00  -1.005348e+01   4.020944e+00  -9.979056e+00   3.968576e+00  -1.003142e+01
19.3	   3.861054e+00  -1.013895e+01   3.997796e+00  -1.000220e+01   3.989062e+00  -1.001094e+01   3.963435e+00  -1.003657e+01   4.019800e+00  -9.980200e+00
19.4	   3.902514e+00  -1.009749e+01   3.943926e+00  -1.005607e+01   4.044691e+00  -9.955309e+00   3.917747e+00  -1.008225e+01   4.071734e+00  -9.928266e+00
19.5	   3.951109e+00  -1.004889e+01   3.895148e+00  -1.010485e+01   4.122094e+00  -9.877906e+00   3.882874e+00  -1.011713e+01   4.122707e+00  -9.877293e+00
19.6	   4.003509e+00  -9.996491e+00   3.858717e+00  -1.014128e+01   4.194141e+00  -9.805859e+00   3.856313e+00  -1.014369e+01   4.173397e+00  -9.826603e+00
19.7	   4.054695e+00  -9.945305e+00   3.833084e+00  -1.016692e+01   4.192752e+00  -9.807248e+00   3.834520e+00  -1.016548e+01   4.216448e+00  -9.783552e+00
19.8	   4.102004e+00  -9.897996e+00   3.817216e+00  -1.018278e+01   4.214228e+00  -9.785772e+00   3.815981e+00  -1.018402e+01   4.241515e+00  -9.758485e+00
19.9	   4.148507e+00  -9.851493e+00   3.810028e+00  -1.018997e+01   4.241210e+00  -9.758790e+00   3.804601e+00  -1.019540e+01   4.252196e+00  -9.747804e+00
20	   4.195830e+00  -9.804170e+00   3.813779e+00  -1.018622e+01   4.234364e+00  -9.765636e+00   3.802721e+00  -1.019728e+01   4.243052e+00  -9.756948e+00
20.1	   4.236645e+00  -9.763355e+00   3.827529e+00  -1.017247e+01   4.215515e+00  -9.784485e+00   3.810535e+00  -1.018946e+01   4.195856e+00  -9.804144e+00
20.2	   4.259747e+00  -9.740253e+00   3.845289e+00  -1.015471e+01   4.188081e+00  -9.811919e+00   3.831084e+00  -1.016892e+01   4.155714e+00  -9.844286e+00
20.3	   4.261247e+00  -9.738753e+00   3.863076e+00  -1.013692e+01   4.153418e+00  -9.846582e+00   3.870633e+00  -1.012937e+01   4.118893e+00  -9.881107e+00
20.4	   4.242854e+00  -9.757146e+00   3.885637e+00  -1.011436e+01   4.093741e+00  -9.906259e+00   3.933265e+00  -1.006673e+01   4.065428e+00  -9.934572e+00
20.5	   4.208537e+00  -9.791463e+00   3.919937e+00  -1.008006e+01   4.027551e+00  -9.972449e+00   3.990039e+00  -1.000996e+01   4.007260e+00  -9.992740e+00
20.6	   4.161303e+00  -9.838697e+00   3.971634e+00  -1.002837e+01   3.975840e+00  -1.002416e+01   4.027407e+00  -9.972593e+00   3.954037e+00  -1.004596e+01
20.7	   4.102151e+00  -9.897849e+00   4.036116e+00  -9.963884e+00   3.936832e+00  -1.006317e+01   4.060658e+00  -9.939342e+00   3.909725e+00  -1.009028e+01
20.8	   4.037811e+00  -9.962189e+00   4.101974e+00  -9.898026e+00   3.907179e+00  -1.009282e+01   4.105062e+00  -9.894938e+00   3.876773e+00  -1.012323e+01
20.9	   3.976896e+00  -1.002310e+01   4.159309e+00  -9.840691e+00   3.879148e+00  -1.012085e+01   4.174150e+00  -9.825850e+00   3.852758e+00  -1.014724e+01
21	   3.922830e+00  -1.007717e+01   4.207333e+00  -9.792667e+00   3.849102e+00  -1.015090e+01   4.213170e+00  -9.786830e+00   3.836342e+00  -1.016366e+01
21.1	   3.879333e+00  -1.012067e+01   4.242261e+00  -9.757739e+00   3.821222e+00  -1.017878e+01   4.212760e+00  -9.787240e+00   3.826826e+00  -1.017317e+01
21.2	   3.845946e+00  -1.015405e+01   4.255021e+00  -9.744979e+00   3.798586e+00  -1.020141e+01   4.258908e+00  -9.741092e+00   3.823085e+00  -1.017692e+01
21.3	   3.820558e+00  -1.017944e+01   4.255558e+00  -9.744442e+00   3.785237e+00  -1.021476e+01   4.202756e+00  -9.797244e+00   3.824503e+00  -1.017550e+01
21.4	   3.800373e+00  -1.019963e+01   4.247617e+00  -9.752383e+00   3.787483e+00  -1.021252e+01   4.183691e+00  -9.816309e+00   3.832408e+00  -1.016759e+01
21.5	   3.787558e+00  -1.021244e+01   4.178870e+00  -9.821130e+00   3.811894e+00  -1.018811e+01   4.183802e+00  -9.816198e+00   3.847646e+00  -1.015235e+01
21.6	   3.787640e+00  -1.021236e+01   4.125936e+00  -9.874064e+00   3.862418e+00  -1.013758e+01   4.156907e+00  -9.843093e+00   3.871762e+00  -1.012824e+01
21.7	   3.803380e+00  -1.019662e+01   4.093779e+00  -9.906221e+00   3.926851e+00  -1.007315e+01   4.062256e+00  -9.937744e+00   3.910102e+00  -1.008990e+01
21.8	   3.832998e+00  -1.016700e+01   4.041868e+00  -9.958132e+00   3.976359e+00  -1.002364e+01   3.992585e+00  -1.000742e+01   3.966491e+00  -1.003351e+01
21.9	   3.873528e+00  -1.012647e+01   3.983462e+00  -1.001654e+01   4.015784e+00  -9.984216e+00   3.948721e+00  -1.005128e+01   4.031511e+00  -9.968489e+00
22	   3.921079e+00  -1.007892e+01   3.931569e+00  -1.006843e+01   4.058428e+00  -9.941572e+00   3.925145e+00  -1.007486e+01   4.090745e+00  -9.909255e+00
22.1	   3.970925e+00  -1.002907e+01   3.887497e+00  -1.011250e+01   4.113048e+00  -9.886952e+00   3.896136e+00  -1.010386e+01   4.132167e+00  -9.867833e+00
22.2	   4.021624e+00  -9.978376e+00   3.852609e+00  -1.014739e+01   4.186220e+00  -9.813780e+00   3.852531e+00  -1.014747e+01   4.172139e+00  -9.827861e+00
22.3	   4.067717e+00  -9.932283e+00   3.828065e+00  -1.017194e+01   4.219492e+00  -9.780508e+00   3.815047e+00  -1.018495e+01   4.224765e+00  -9.775235e+00
22.4	   4.107883e+00  -9.892117e+00   3.815262e+00  -1.018474e+01   4.213602e+00  -9.786398e+00   3.792712e+00  -1.020729e+01   4.247953e+00  -9.752047e+00
22.5	   4.150107e+00  -9.849893e+00   3.815832e+00  -1.018417e+01   4.246254e+00  -9.753746e+00   3.785517e+00  -1.021448e+01   4.238215e+00  -9.761785e+00
22.6	   4.194298e+00  -9.805702e+00   3.825910e+00  -1.017409e+01   4.215366e+00  -9.784634e+00   3.790820e+00  -1.020918e+01   4.249035e+00  -9.750965e+00
22.7	   4.230438e+00  -9.769562e+00   3.837355e+00  -1.016265e+01   4.183364e+00  -9.816636e+00   3.817599e+00  -1.018240e+01   4.232901e+00  -9.767099e+00
22.8	   4.249159e+00  -9.750841e+00   3.846498e+00  -1.015350e+01   4.164932e+00  -9.835068e+00   3.874205e+00  -1.012579e+01   4.123334e+00  -9.876666e+00
22.9	   4.249528e+00  -9.750472e+00   3.859726e+00  -1.014027e+01   4.128854e+00  -9.871146e+00   3.923679e+00  -1.007632e+01   4.054260e+00  -9.945740e+00
23	   4.232135e+00  -9.767865e+00   3.886581e+00  -1.011342e+01   4.082507e+00  -9.917493e+00   3.951935e+00  -1.004806e+01   4.026516e+00  -9.973484e+00
23.1	   4.200230e+00  -9.799770e+00   3.931631e+00  -1.006837e+01   4.029450e+00  -9.970550e+00   3.976700e+00  -1.002330e+01   4.010919e+00  -9.989081e+00
23.2	   4.153190e+00  -9.846810e+00   3.991706e+00  -1.000829e+01   3.978048e+00  -1.002195e+01   4.016890e+00  -9.983110e+00   3.976506e+00  -1.002349e+01
23.3	   4.092647e+00  -9.907353e+00   4.054261e+00  -9.945739e+00   3.931623e+00  -1.006838e+01   4.082485e+00  -9.917515e+00   3.925346e+00  -1.007465e+01
23.4	   4.030403e+00  -9.969597e+00   4.109521e+00  -9.890479e+00   3.892403e+00  -1.010760e+01   4.158278e+00  -9.841722e+00   3.870414e+00  -1.012959e+01
23.5	   3.971201e+00  -1.002880e+01   4.159788e+00  -9.840212e+00   3.860713e+00  -1.013929e+01   4.159592e+00  -9.840408e+00   3.828134e+00  -1.017187e+01
23.6	   3.917661e+00  -1.008234e+01   4.207957e+00  -9.792043e+00   3.836573e+00  -1.016343e+01   4.182296e+00  -9.817704e+00   3.801841e+00  -1.019816e+01
23.7	   3.872327e+00  -1.012767e+01   4.238312e+00  -9.761688e+00   3.818215e+00  -1.018178e+01   4.233219e+00  -9.766781e+00   3.790550e+00  -1.020945e+01
23.8	   3.834650e+00  -1.016535e+01   4.247619e+00  -9.752381e+00   3.805359e+00  -1.019464e+01   4.239105e+00  -9.760895e+00   3.792973e+00  -1.020703e+01
23.9	   3.806046e+00  -1.019395e+01   4.250513e+00  -9.749487e+00   3.801371e+00  -1.019863e+01   4.234124e+00  -9.765876e+00   3.808770e+00  -1.019123e+01
24	   3.789304e+00  -1.021070e+01   4.225537e+00  -9.774463e+00   3.809832e+00  -1.019017e+01   4.224670e+00  -9.775330e+00   3.843618e+00  -1.015638e+01
24.1	   3.786307e+00  -1.021369e+01   4.163935e+00  -9.836065e+00   3.829113e+00  -1.017089e+01   4.198625e+00  -9.801375e+00   3.891594e+00  -1.010841e+01
24.2	   3.797905e+00  -1.020209e+01   4.118617e+00  -9.881383e+00   3.859938e+00  -1.014006e+01   4.111581e+00  -9.888419e+00   3.928156e+00  -1.007184e+01
24.3	   3.820497e+00  -1.017950e+01   4.082820e+00  -9.917180e+00   3.914920e+00  -1.008508e+01   4.029111e+00  -9.970889e+00   3.951012e+00  -1.004899e+01
24.4	   3.849240e+00  -1.015076e+01   4.034178e+00  -9.965822e+00   3.979104e+00  -1.002090e+01   3.984899e+00  -1.001510e+01   3.976587e+00  -1.002341e+01
24.5	   3.883335e+00  -1.011667e+01   3.984295e+00  -1.001570e+01   4.031279e+00  -9.968721e+00   3.956340e+00  -1.004366e+01   4.019921e+00  -9.980079e+00
24.6	   3.927390e+00  -1.007261e+01   3.931900e+00  -1.006810e+01   4.074192e+00  -9.925808e+00   3.929691e+00  -1.007031e+01   4.085323e+00  -9.914677e+00
24.7	   3.980039e+00  -1.001996e+01   3.881061e+00  -1.011894e+01   4.124258e+00  -9.875742e+00   3.885718e+00  -1.011428e+01   4.167879e+00  -9.832121e+00
24.8	   4.030787e+00  -9.969213e+00   3.843232e+00  -1.015677e+01   4.190959e+00  -9.809041e+00   3.838479e+00  -1.016152e+01   4.214518e+00  -9.785482e+00
24.9	   4.071662e+00  -9.928338e+00   3.822242e+00  -1.017776e+01   4.223417e+00  -9.776583e+00   3.808924e+00  -1.019108e+01   4.228957e+00  -9.771043e+00
25	   4.109942e+00  -9.890058e+00   3.816736e+00  -1.018326e+01   4.222979e+00  -9.777021e+00   3.791835e+00  -1.020816e+01   4.258166e+00  -9.741834e+00
25.1	   4.155049e+00  -9.844951e+00   3.821707e+00  -1.017829e+01   4.253577e+00  -9.746423e+00   3.783410e+00  -1.021659e+01   4.246038e+00  -9.753962e+00
25.2	   4.203540e+00  -9.796460e+00   3.828192e+00  -1.017181e+01   4.218676e+00  -9.781324e+00   3.791981e+00  -1.020802e+01   4.233089e+00  -9.766911e+00
25.3	   4.239622e+00  -9.760378e+00   3.832029e+00  -1.016797e+01   4.168836e+00  -9.831164e+00   3.826609e+00  -1.017339e+01   4.206105e+00  -9.793895e+00
25.4	   4.254840e+00  -9.745160e+00   3.843488e+00  -1.015651e+01   4.164527e+00  -9.835473e+00   3.887234e+00  -1.011277e+01   4.142913e+00  -9.857087e+00
25.5	   4.251427e+00  -9.748573e+00   3.866471e+00  -1.013353e+01   4.138198e+00  -9.861802e+00   3.933487e+00  -1.006651e+01   4.083947e+00  -9.916053e+00
25.6	   4.229555e+00  -9.770445e+00   3.900338e+00  -1.009966e+01   4.073300e+00  -9.926700e+00   3.959549e+00  -1.004045e+01   4.027592e+00  -9.972408e+00
25.7	   4.193371e+00  -9.806629e+00   3.945120e+00  -1.005488e+01   4.022968e+00  -9.977032e+00   3.983353e+00  -1.001665e+01   3.969168e+00  -1.003083e+01
25.8	   4.143882e+00  -9.856118e+00   3.997660e+00  -1.000234e+01   3.973496e+00  -1.002650e+01   4.020409e+00  -9.979591e+00   3.918647e+00  -1.008135e+01
25.9	   4.083045e+00  -9.916955e+00   4.052628e+00  -9.947372e+00   3.924712e+00  -1.007529e+01   4.075968e+00  -9.924032e+00   3.882658e+00  -1.011734e+01
26	   4.020940e+00  -9.979060e+00   4.108041e+00  -9.891959e+00   3.882956e+00  -1.011704e+01   4.148102e+00  -9.851898e+00   3.861419e+00  -1.013858e+01
26.1	   3.960920e+00  -1.003908e+01   4.166247e+00  -9.833753e+00   3.849683e+00  -1.015032e+01   4.207954e+00  -9.792046e+00   3.850918e+00  -1.014908e+01
26.2	   3.905750e+00  -1.009425e+01   4.215718e+00  -9.784282e+00   3.825722e+00  -1.017428e+01   4.217339e+00  -9.782661e+00   3.843122e+00  -1.015688e+01
26.3	   3.859105e+00  -1.014090e+01   4.240715e+00  -9.759285e+00   3.812270e+00  -1.018773e+01   4.242383e+00  -9.757617e+00   3.833621e+00  -1.016638e+01
26.4	   3.822908e+00  -1.017709e+01   4.250357e+00  -9.749643e+00   3.807507e+00  -1.019249e+01   4.241674e+00  -9.758326e+00   3.825544e+00  -1.017446e+01
26.5	   3.799677e+00  -1.020032e+01   4.254081e+00  -9.745919e+00   3.807059e+00  -1.019294e+01   4.207782e+00  -9.792218e+00   3.823722e+00  -1.017628e+01
26.6	   3.789810e+00  -1.021019e+01   4.218199e+00  -9.781801e+00   3.813554e+00  -1.018645e+01   4.224797e+00  -9.775203e+00   3.830543e+00  -1.016946e+01
26.7	   3.791047e+00  -1.020895e+01   4.169027e+00  -9.830973e+00   3.833970e+00  -1.016603e+01   4.195256e+00  -9.804744e+00   3.848803e+00  -1.015120e+01
26.8	   3.802444e+00  -1.019756e+01   4.122947e+00  -9.877053e+00   3.869559e+00  -1.013044e+01   4.101324e+00  -9.898676e+00   3.883661e+00  -1.011634e+01
26.9	   3.821574e+00  -1.017843e+01   4.079358e+00  -9.920642e+00   3.925013e+00  -1.007499e+01   4.018597e+00  -9.981403e+00   3.946653e+00  -1.005335e+01
27	   3.848332e+00  -1.015167e+01   4.023956e+00  -9.976044e+00   3.990902e+00  -1.000910e+01   3.964453e+00  -1.003555e+01   4.017217e+00  -9.982783e+00
27.1	   3.885525e+00  -1.011448e+01   3.966338e+00  -1.003366e+01   4.047087e+00  -9.952913e+00   3.931128e+00  -1.006887e+01   4.066280e+00  -9.933720e+00
27.2	   3.932098e+00  -1.006790e+01   3.915445e+00  -1.008456e+01   4.090975e+00  -9.909025e+00   3.913979e+00  -1.008602e+01   4.107691e+00  -9.892309e+00
27.3	   3.982983e+00  -1.001702e+01   3.876606e+00  -1.012339e+01   4.142701e+00  -9.857299e+00   3.883385e+00  -1.011661e+01   4.162332e+00  -9.837668e+00
27.4	   4.033962e+00  -9.966038e+00   3.847952e+00  -1.015205e+01   4.204333e+00  -9.795667e+00   3.842326e+00  -1.015767e+01   4.220042e+00  -9.779958e+00
27.5	   4.081840e+00  -9.918160e+00   3.828609e+00  -1.017139e+01   4.225408e+00  -9.774592e+00   3.811511e+00  -1.018849e+01   4.243484e+00  -9.756516e+00
27.6	   4.127153e+00  -9.872847e+00   3.816960e+00  -1.018304e+01   4.226076e+00  -9.773924e+00   3.793049e+00  -1.020695e+01   4.249007e+00  -9.750993e+00
27.7	   4.173051e+00  -9.826949e+00   3.812860e+00  -1.018714e+01   4.266012e+00  -9.733988e+00   3.785665e+00  -1.021434e+01   4.273408e+00  -9.726592e+00
27.8	   4.217430e+00  -9.782570e+00   3.817676e+00  -1.018232e+01   4.203118e+00  -9.796882e+00   3.792340e+00  -1.020766e+01   4.211104e+00  -9.788896e+00
27.9	   4.249954e+00  -9.750046e+00   3.831853e+00  -1.016815e+01   4.168021e+00  -9.831979e+00   3.826308e+00  -1.017369e+01   4.104753e+00  -9.895247e+00
28	   4.261356e+00  -9.738644e+00   3.852283e+00  -1.014772e+01   4.152038e+00  -9.847962e+00   3.889574e+00  -1.011043e+01   4.079866e+00  -9.920134e+00
28.1	   4.251724e+00  -9.748276e+00   3.873125e+00  -1.012687e+01   4.113672e+00  -9.886328e+00   3.943698e+00  -1.005630e+01   4.086310e+00  -9.913690e+00
28.2	   4.223278e+00  -9.776722e+00   3.899121e+00  -1.010088e+01   4.054570e+00  -9.945430e+00   3.977628e+00  -1.002237e+01   4.068716e+00  -9.931284e+00
28.3	   4.181451e+00  -9.818549e+00   3.944626e+00  -1.005537e+01   4.005847e+00  -9.994153e+00   4.006031e+00  -9.993969e+00   3.992229e+00  -1.000777e+01
28.4	   4.128598e+00  -9.871402e+00   4.004285e+00  -9.995715e+00   3.960332e+00  -1.003967e+01   4.042782e+00  -9.957218e+00   3.920097e+00  -1.007990e+01
28.5	   4.067966e+00  -9.932034e+00   4.066562e+00  -9.933438e+00   3.919614e+00  -1.008039e+01   4.092493e+00  -9.907507e+00   3.864763e+00  -1.013524e+01
28.6	   4.006087e+00  -9.993913e+00   4.126600e+00  -9.873400e+00   3.884228e+00  -1.011577e+01   4.151266e+00  -9.848734e+00   3.825139e+00  -1.017486e+01
28.7	   3.947307e+00  -1.005269e+01   4.187146e+00  -9.812854e+00   3.852536e+00  -1.014746e+01   4.202505e+00  -9.797495e+00   3.800143e+00  -1.019986e+01
28.8	   3.895373e+00  -1.010463e+01   4.233050e+00  -9.766950e+00   3.827519e+00  -1.017248e+01   4.225400e+00  -9.774600e+00   3.793444e+00  -1.020656e+01
28.9	   3.853418e+00  -1.014658e+01   4.252068e+00  -9.747932e+00   3.810837e+00  -1.018916e+01   4.239987e+00  -9.760013e+00   3.807610e+00  -1.019239e+01
29	   3.822175e+00  -1.017782e+01   4.265016e+00  -9.734984e+00   3.801262e+00  -1.019874e+01   4.237764e+00  -9.762236e+00   3.835995e+00  -1.016401e+01
29.1	   3.802177e+00  -1.019782e+01   4.260417e+00  -9.739583e+00   3.798159e+00  -1.020184e+01   4.199934e+00  -9.800066e+00   3.858106e+00  -1.014189e+01
29.2	   3.792710e+00  -1.020729e+01   4.201199e+00  -9.798801e+00   3.807648e+00  -1.019235e+01   4.211862e+00  -9.788138e+00   3.870905e+00  -1.012909e+01
29.3	   3.792225e+00  -1.020778e+01   4.166731e+00  -9.833269e+00   3.833942e+00  -1.016606e+01   4.146772e+00  -9.853228e+00   3.881287e+00  -1.011871e+01
29.4	   3.801919e+00  -1.019808e+01   4.121091e+00  -9.878909e+00   3.880168e+00  -1.011983e+01   4.049384e+00  -9.950616e+00   3.903353e+00  -1.009665e+01
29.5	   3.821378e+00  -1.017862e+01   4.047009e+00  -9.952991e+00   3.946827e+00  -1.005317e+01   3.994243e+00  -1.000576e+01   3.954780e+00  -1.004522e+01
29.6	   3.849857e+00  -1.015014e+01   3.989404e+00  -1.001060e+01   4.008411e+00  -9.991589e+00   3.962621e+00  -1.003738e+01   4.029969e+00  -9.970031e+00
29.7	   3.888609e+00  -1.011139e+01   3.945249e+00  -1.005475e+01   4.055720e+00  -9.944280e+00   3.945862e+00  -1.005414e+01   4.083204e+00  -9.916796e+00
29.8	   3.937036e+00  -1.006296e+01   3.910566e+00  -1.008943e+01   4.099692e+00  -9.900308e+00   3.923276e+00  -1.007672e+01   4.109267e+00  -9.890733e+00
29.9	   3.991372e+00  -1.000863e+01   3.882045e+00  -1.011795e+01   4.156866e+00  -9.843134e+00   3.879734e+00  -1.012027e+01   4.156777e+00  -9.843223e+00
30	   4.047375e+00  -9.952625e+00   3.855878e+00  -1.014412e+01   4.209469e+00  -9.790531e+00   3.833820e+00  -1.016618e+01   4.213050e+00  -9.786950e+00
30.1	   4.100234e+00  -9.899766e+00   3.832864e+00  -1.016714e+01   4.220698e+00  -9.779302e+00   3.802813e+00  -1.019719e+01   4.258050e+00  -9.741950e+00
30.2	   4.147953e+00  -9.852047e+00   3.817232e+00  -1.018277e+01   4.225133e+00  -9.774867e+00   3.789338e+00  -1.021066e+01   4.230756e+00  -9.769244e+00
30.3	   4.191189e+00  -9.808811e+00   3.811546e+00  -1.018845e+01   4.248366e+00  -9.751634e+00   3.789226e+00  -1.021077e+01   4.241836e+00  -9.758164e+00
30.4	   4.228124e+00  -9.771876e+00   3.814082e+00  -1.018592e+01   4.190992e+00  -9.809008e+00   3.801188e+00  -1.019881e+01   4.215003e+00  -9.784997e+00
30.5	   4.252889e+00  -9.747111e+00   3.823078e+00  -1.017692e+01   4.164299e+00  -9.835701e+00   3.836915e+00  -1.016309e+01   4.129169e+00  -9.870831e+00
30.6	   4.259834e+00  -9.740166e+00   3.841389e+00  -1.015861e+01   4.142461e+00  -9.857539e+00   3.895391e+00  -1.010461e+01   4.084619e+00  -9.915381e+00
30.7	   4.246408e+00  -9.753592e+00   3.874411e+00  -1.012559e+01   4.095845e+00  -9.904155e+00   3.945911e+00  -1.005409e+01   4.081129e+00  -9.918871e+00
30.8	   4.214493e+00  -9.785507e+00   3.921213e+00  -1.007879e+01   4.041082e+00  -9.958918e+00   3.979129e+00  -1.002087e+01   4.033386e+00  -9.966614e+00
30.9	   4.169476e+00  -9.830524e+00   3.972410e+00  -1.002759e+01   3.994795e+00  -1.000520e+01   4.012331e+00  -9.987669e+00   3.944677e+00  -1.005532e+01
31	   4.114780e+00  -9.885220e+00   4.025710e+00  -9.974290e+00   3.953317e+00  -1.004668e+01   4.056773e+00  -9.943227e+00   3.885055e+00  -1.011494e+01
31.1	   4.053775e+00  -9.946225e+00   4.081549e+00  -9.918451e+00   3.916407e+00  -1.008359e+01   4.115877e+00  -9.884123e+00   3.851058e+00  -1.014894e+01
31.2	   3.993334e+00  -1.000667e+01   4.136826e+00  -9.863174e+00   3.882271e+00  -1.011773e+01   4.179790e+00  -9.820210e+00   3.841711e+00  -1.015829e+01
31.3	   3.937360e+00  -1.006264e+01   4.188935e+00  -9.811065e+00   3.848089e+00  -1.015191e+01   4.213408e+00  -9.786592e+00   3.842923e+00  -1.015708e+01
31.4	   3.888990e+00  -1.011101e+01   4.228493e+00  -9.771507e+00   3.818390e+00  -1.018161e+01   4.224684e+00  -9.775316e+00   3.837181e+00  -1.016282e+01
31.5	   3.849587e+00  -1.015041e+01   4.248826e+00  -9.751174e+00   3.798687e+00  -1.020131e+01   4.254278e+00  -9.745722e+00   3.823697e+00  -1.017630e+01
31.6	   3.819115e+00  -1.018088e+01   4.259963e+00  -9.740037e+00   3.790919e+00  -1.020908e+01   4.228005e+00  -9.771995e+00   3.814879e+00  -1.018512e+01
31.7	   3.798538e+00  -1.020146e+01   4.247784e+00  -9.752216e+00   3.795170e+00  -1.020483e+01   4.209555e+00  -9.790445e+00   3.820125e+00  -1.017988e+01
31.8	   3.788903e+00  -1.021110e+01   4.199774e+00  -9.800226e+00   3.814672e+00  -1.018533e+01   4.211945e+00  -9.788055e+00   3.839522e+00  -1.016048e+01
31.9	   3.790603e+00  -1.020940e+01   4.148324e+00  -9.851676e+00   3.852061e+00  -1.014794e+01   4.126278e+00  -9.873722e+00   3.871604e+00  -1.012840e+01
32	   3.804229e+00  -1.019577e+01   4.098727e+00  -9.901273e+00   3.909137e+00  -1.009086e+01   4.024456e+00  -9.975544e+00   3.925333e+00  -1.007467e+01
32.1	   3.827233e+00  -1.017277e+01   4.045810e+00  -9.954190e+00   3.967837e+00  -1.003216e+01   3.972301e+00  -1.002770e+01   3.992091e+00  -1.000791e+01
32.2	   3.858073e+00  -1.014193e+01   3.993679e+00  -1.000632e+01   4.016646e+00  -9.983354e+00   3.945667e+00  -1.005433e+01   4.047681e+00  -9.952319e+00
32.3	   3.899156e+00  -1.010084e+01   3.944612e+00  -1.005539e+01   4.059683e+00  -9.940317e+00   3.938935e+00  -1.006107e+01   4.081524e+00  -9.918476e+00
32.4	   3.950014e+00  -1.004999e+01   3.903118e+00  -1.009688e+01   4.107177e+00  -9.892823e+00   3.920935e+00  -1.007907e+01   4.119496e+00  -9.880504e+00
32.5	   4.005339e+00  -9.994661e+00   3.870877e+00  -1.012912e+01   4.172206e+00  -9.827794e+00   3.878213e+00  -1.012179e+01   4.167290e+00  -9.832710e+00
32.6	   4.059745e+00  -9.940255e+00   3.844462e+00  -1.015554e+01   4.211789e+00  -9.788211e+00   3.836656e+00  -1.016334e+01   4.220889e+00  -9.779111e+00
32.7	   4.108787e+00  -9.891213e+00   3.824547e+00  -1.017545e+01   4.212969e+00  -9.787031e+00   3.804136e+00  -1.019586e+01   4.238039e+00  -9.761961e+00
32.8	   4.152601e+00  -9.847399e+00   3.813284e+00  -1.018672e+01   4.235023e+00  -9.764977e+00   3.785488e+00  -1.021451e+01   4.247548e+00  -9.752452e+00
32.9	   4.193790e+00  -9.806210e+00   3.811534e+00  -1.018847e+01   4.225630e+00  -9.774370e+00   3.786040e+00  -1.021396e+01   4.229745e+00  -9.770255e+00
33	   4.229789e+00  -9.770211e+00   3.819380e+00  -1.018062e+01   4.180588e+00  -9.819412e+00   3.810173e+00  -1.018983e+01   4.172004e+00  -9.827996e+00
33.1	   4.253104e+00  -9.746896e+00   3.832401e+00  -1.016760e+01   4.165583e+00  -9.834417e+00   3.860024e+00  -1.013998e+01   4.137975e+00  -9.862025e+00
33.2	   4.256931e+00  -9.743069e+00   3.848697e+00  -1.015130e+01   4.134020e+00  -9.865980e+00   3.917321e+00  -1.008268e+01   4.128726e+00  -9.871274e+00
33.3	   4.240002e+00  -9.759998e+00   3.879249e+00  -1.012075e+01   4.086183e+00  -9.913817e+00   3.958724e+00  -1.004128e+01   4.068643e+00  -9.931357e+00
33.4	   4.206173e+00  -9.793827e+00   3.926933e+00  -1.007307e+01   4.038003e+00  -9.961997e+00   3.984471e+00  -1.001553e+01   3.980107e+00  -1.001989e+01
33.5	   4.160260e+00  -9.839740e+00   3.981374e+00  -1.001863e+01   3.987778e+00  -1.001222e+01   4.013598e+00  -9.986402e+00   3.920019e+00  -1.007998e+01
33.6	   4.103921e+00  -9.896079e+00   4.036008e+00  -9.963992e+00   3.941004e+00  -1.005900e+01   4.057202e+00  -9.942798e+00   3.879941e+00  -1.012006e+01
33.7	   4.042241e+00  -9.957759e+00   4.091137e+00  -9.908863e+00   3.901832e+00  -1.009817e+01   4.123825e+00  -9.876175e+00   3.864676e+00  -1.013532e+01
33.8	   3.982396e+00  -1.001760e+01   4.148298e+00  -9.851702e+00   3.870187e+00  -1.012981e+01   4.198662e+00  -9.801338e+00   3.859617e+00  -1.014038e+01
33.9	   3.927067e+00  -1.007293e+01   4.200544e+00  -9.799456e+00   3.841863e+00  -1.015814e+01   4.213987e+00  -9.786013e+00   3.849987e+00  -1.015001e+01
34	   3.879785e+00  -1.012022e+01   4.237711e+00  -9.762289e+00   3.816559e+00  -1.018344e+01   4.222723e+00  -9.777277e+00   3.827594e+00  -1.017241e+01
34.1	   3.841370e+00  -1.015863e+01   4.258494e+00  -9.741506e+00   3.799159e+00  -1.020084e+01   4.253148e+00  -9.746852e+00   3.809766e+00  -1.019023e+01
34.2	   3.812563e+00  -1.018744e+01   4.261372e+00  -9.738628e+00   3.793663e+00  -1.020634e+01   4.199595e+00  -9.800405e+00   3.807742e+00  -1.019226e+01
34.3	   3.794553e+00  -1.020545e+01   4.241049e+00  -9.758951e+00   3.800422e+00  -1.019958e+01   4.218030e+00  -9.781970e+00   3.820628e+00  -1.017937e+01
34.4	   3.787438e+00  -1.021256e+01   4.187728e+00  -9.812272e+00   3.819956e+00  -1.018004e+01   4.224328e+00  -9.775672e+00   3.847507e+00  -1.015249e+01
34.5	   3.791198e+00  -1.020880e+01   4.131504e+00  -9.868496e+00   3.858557e+00  -1.014144e+01   4.112895e+00  -9.887105e+00   3.890660e+00  -1.010934e+01
34.6	   3.806637e+00  -1.019336e+01   4.084340e+00  -9.915660e+00   3.919555e+00  -1.008044e+01   4.013428e+00  -9.986572e+00   3.947877e+00  -1.005212e+01
34.7	   3.832565e+00  -1.016743e+01   4.033472e+00  -9.966528e+00   3.979258e+00  -1.002074e+01   3.961076e+00  -1.003892e+01   4.009256e+00  -9.990744e+00
34.8	   3.868497e+00  -1.013150e+01   3.983221e+00  -1.001678e+01   4.026457e+00  -9.973543e+00   3.935590e+00  -1.006441e+01   4.061535e+00  -9.938465e+00
34.9	   3.913801e+00  -1.008620e+01   3.935257e+00  -1.006474e+01   4.069011e+00  -9.930989e+00   3.925859e+00  -1.007414e+01   4.090752e+00  -9.909248e+00
35	   3.964793e+00  -1.003521e+01   3.893907e+00  -1.010609e+01   4.120875e+00  -9.879125e+00   3.904243e+00  -1.009576e+01   4.126379e+00  -9.873621e+00
35.1	   4.018471e+00  -9.981529e+00   3.862558e+00  -1.013744e+01   4.185646e+00  -9.814354e+00   3.865481e+00  -1.013452e+01   4.186585e+00  -9.813415e+00
35.2	   4.071750e+00  -9.928250e+00   3.840454e+00  -1.015955e+01   4.207327e+00  -9.792673e+00   3.829522e+00  -1.017048e+01   4.231959e+00  -9.768041e+00
35.3	   4.121248e+00  -9.878752e+00   3.825830e+00  -1.017417e+01   4.211445e+00  -9.788555e+00   3.800484e+00  -1.019952e+01   4.235294e+00  -9.764706e+00
35.4	   4.166091e+00  -9.833909e+00   3.817334e+00  -1.018267e+01   4.242882e+00  -9.757118e+00   3.785745e+00  -1.021426e+01   4.264633e+00  -9.735367e+00
35.5	   4.205815e+00  -9.794185e+00   3.814554e+00  -1.018545e+01   4.198032e+00  -9.801968e+00   3.791407e+00  -1.020859e+01   4.200560e+00  -9.799440e+00
35.6	   4.236538e+00  -9.763462e+00   3.818224e+00  -1.018178e+01   4.179981e+00  -9.820019e+00   3.819039e+00  -1.018096e+01   4.138669e+00  -9.861331e+00
35.7	   4.253180e+00  -9.746820e+00   3.830348e+00  -1.016965e+01   4.163765e+00  -9.836235e+00   3.871404e+00  -1.012860e+01   4.152312e+00  -9.847688e+00
35.8	   4.252907e+00  -9.747093e+00   3.854992e+00  -1.014501e+01   4.126603e+00  -9.873397e+00   3.927517e+00  -1.007248e+01   4.109205e+00  -9.890795e+00
35.9	   4.233745e+00  -9.766255e+00   3.893648e+00  -1.010635e+01   4.076539e+00  -9.923461e+00   3.965521e+00  -1.003448e+01   4.002098e+00  -9.997902e+00
36	   4.197994e+00  -9.802006e+00   3.944333e+00  -1.005567e+01   4.021480e+00  -9.978520e+00   3.990977e+00  -1.000902e+01   3.940992e+00  -1.005901e+01
36.1	   4.150530e+00  -9.849470e+00   3.999503e+00  -1.000050e+01   3.973348e+00  -1.002665e+01   4.020651e+00  -9.979349e+00   3.910430e+00  -1.008957e+01
36.2	   4.094447e+00  -9.905553e+00   4.053491e+00  -9.946509e+00   3.933974e+00  -1.006603e+01   4.064586e+00  -9.935414e+00   3.900669e+00  -1.009933e+01
36.3	   4.033030e+00  -9.966970e+00   4.106234e+00  -9.893766e+00   3.899987e+00  -1.010001e+01   4.135289e+00  -9.864711e+00   3.902159e+00  -1.009784e+01
36.4	   3.972873e+00  -1.002713e+01   4.160737e+00  -9.839263e+00   3.866741e+00  -1.013326e+01   4.203883e+00  -9.796117e+00   3.884222e+00  -1.011578e+01
36.5	   3.917315e+00  -1.008268e+01   4.208852e+00  -9.791148e+00   3.834419e+00  -1.016558e+01   4.206290e+00  -9.793710e+00   3.847786e+00  -1.015221e+01
36.6	   3.870257e+00  -1.012974e+01   4.240785e+00  -9.759215e+00   3.807642e+00  -1.019236e+01   4.231713e+00  -9.768287e+00   3.815800e+00  -1.018420e+01
36.7	   3.832859e+00  -1.016714e+01   4.256542e+00  -9.743458e+00   3.791135e+00  -1.020887e+01   4.223726e+00  -9.776274e+00   3.801263e+00  -1.019874e+01
36.8	   3.806622e+00  -1.019338e+01   4.250360e+00  -9.749640e+00   3.788577e+00  -1.021142e+01   4.194765e+00  -9.805235e+00   3.801870e+00  -1.019813e+01
36.9	   3.792108e+00  -1.020789e+01   4.220079e+00  -9.779921e+00   3.802871e+00  -1.019713e+01   4.220699e+00  -9.779301e+00   3.819177e+00  -1.018082e+01
37	   3.788224e+00  -1.021178e+01   4.172539e+00  -9.827461e+00   3.832133e+00  -1.016787e+01   4.208961e+00  -9.791039e+00   3.852584e+00  -1.014742e+01
37.1	   3.794641e+00  -1.020536e+01   4.117972e+00  -9.882028e+00   3.884048e+00  -1.011595e+01   4.099625e+00  -9.900375e+00   3.906995e+00  -1.009300e+01
37.2	   3.811344e+00  -1.018866e+01   4.071597e+00  -9.928403e+00   3.944311e+00  -1.005569e+01   4.010098e+00  -9.989902e+00   3.967299e+00  -1.003270e+01
37.3	   3.837754e+00  -1.016225e+01   4.026519e+00  -9.973481e+00   3.991620e+00  -1.000838e+01   3.959738e+00  -1.004026e+01   4.020353e+00  -9.979647e+00
37.4	   3.874559e+00  -1.012544e+01   3.977373e+00  -1.002263e+01   4.032118e+00  -9.967882e+00   3.936579e+00  -1.006342e+01   4.055202e+00  -9.944798e+00
37.5	   3.921039e+00  -1.007896e+01   3.927386e+00  -1.007261e+01   4.076507e+00  -9.923493e+00   3.924538e+00  -1.007546e+01   4.089554e+00  -9.910446e+00
37.6	   3.972482e+00  -1.002752e+01   3.883917e+00  -1.011608e+01   4.132011e+00  -9.867989e+00   3.892058e+00  -1.010794e+01   4.137172e+00  -9.862828e+00
37.7	   4.025272e+00  -9.974728e+00   3.853252e+00  -1.014675e+01   4.185487e+00  -9.814513e+00   3.849031e+00  -1.015097e+01   4.210155e+00  -9.789845e+00
37.8	   4.076398e+00  -9.923602e+00   3.836070e+00  -1.016393e+01   4.204883e+00  -9.795117e+00   3.815515e+00  -1.018449e+01   4.240295e+00  -9.759705e+00
37.9	   4.123545e+00  -9.876455e+00   3.827170e+00  -1.017283e+01   4.223657e+00  -9.776343e+00   3.792677e+00  -1.020732e+01   4.252257e+00  -9.747743e+00
38	   4.167469e+00  -9.832531e+00   3.816535e+00  -1.018347e+01   4.229200e+00  -9.770800e+00   3.785992e+00  -1.021401e+01   4.254219e+00  -9.745781e+00
38.1	   4.208486e+00  -9.791514e+00   3.807083e+00  -1.019292e+01   4.202443e+00  -9.797557e+00   3.800596e+00  -1.019940e+01   4.165983e+00  -9.834017e+00
38.2	   4.241123e+00  -9.758877e+00   3.811748e+00  -1.018825e+01   4.189442e+00  -9.810558e+00   3.834556e+00  -1.016544e+01   4.162234e+00  -9.837766e+00
38.3	   4.257789e+00  -9.742211e+00   3.831978e+00  -1.016802e+01   4.164334e+00  -9.835666e+00   3.888373e+00  -1.011163e+01   4.142535e+00  -9.857465e+00
38.4	   4.253561e+00  -9.746439e+00   3.865708e+00  -1.013429e+01   4.119862e+00  -9.880138e+00   3.937077e+00  -1.006292e+01   4.060792e+00  -9.939208e+00
38.5	   4.228824e+00  -9.771176e+00   3.909545e+00  -1.009045e+01   4.063218e+00  -9.936782e+00   3.969495e+00  -1.003050e+01   3.978388e+00  -1.002161e+01
38.6	   4.189851e+00  -9.810149e+00   3.956260e+00  -1.004374e+01   4.011923e+00  -9.988077e+00   3.996059e+00  -1.000394e+01   3.931175e+00  -1.006882e+01
38.7	   4.140289e+00  -9.859711e+00   4.004496e+00  -9.995504e+00   3.966886e+00  -1.003311e+01   4.030841e+00  -9.969159e+00   3.914182e+00  -1.008582e+01
38.8	   4.081158e+00  -9.918842e+00   4.055695e+00  -9.944305e+00   3.925792e+00  -1.007421e+01   4.080308e+00  -9.919692e+00   3.910275e+00  -1.008972e+01
38.9	   4.019176e+00  -9.980824e+00   4.109999e+00  -9.890001e+00   3.885979e+00  -1.011402e+01   4.146239e+00  -9.853761e+00   3.904210e+00  -1.009579e+01
39	   3.960362e+00  -1.003964e+01   4.164256e+00  -9.835744e+00   3.848849e+00  -1.015115e+01   4.203381e+00  -9.796619e+00   3.880881e+00  -1.011912e+01
39.1	   3.907374e+00  -1.009263e+01   4.208791e+00  -9.791209e+00   3.818931e+00  -1.018107e+01   4.220431e+00  -9.779569e+00   3.836456e+00  -1.016354e+01
39.2	   3.863329e+00  -1.013667e+01   4.239039e+00  -9.760961e+00   3.798486e+00  -1.020151e+01   4.234326e+00  -9.765674e+00   3.805639e+00  -1.019436e+01
39.3	   3.828487e+00  -1.017151e+01   4.252840e+00  -9.747160e+00   3.787652e+00  -1.021235e+01   4.249871e+00  -9.750129e+00   3.795031e+00  -1.020497e+01
39.4	   3.804321e+00  -1.019568e+01   4.242466e+00  -9.757534e+00   3.789795e+00  -1.021020e+01   4.196432e+00  -9.803568e+00   3.801214e+00  -1.019879e+01
39.5	   3.791537e+00  -1.020846e+01   4.216458e+00  -9.783542e+00   3.811036e+00  -1.018896e+01   4.205222e+00  -9.794778e+00   3.824945e+00  -1.017505e+01
39.6	   3.789183e+00  -1.021082e+01   4.178228e+00  -9.821772e+00   3.850725e+00  -1.014927e+01   4.192644e+00  -9.807356e+00   3.869641e+00  -1.013036e+01
39.7	   3.797748e+00  -1.020225e+01   4.121659e+00  -9.878341e+00   3.902424e+00  -1.009758e+01   4.094403e+00  -9.905597e+00   3.933484e+00  -1.006652e+01
39.8	   3.816871e+00  -1.018313e+01   4.068254e+00  -9.931746e+00   3.952739e+00  -1.004726e+01   4.006109e+00  -9.993891e+00   3.994193e+00  -1.000581e+01
39.9	   3.846063e+00  -1.015394e+01   4.015239e+00  -9.984761e+00   3.997295e+00  -1.000270e+01   3.949427e+00  -1.005057e+01   4.033820e+00  -9.966180e+00
40	   3.885643e+00  -1.011436e+01   3.962116e+00  -1.003788e+01   4.040851e+00  -9.959149e+00   3.917322e+00  -1.008268e+01   4.063019e+00  -9.936981e+00
40.1	   3.933347e+00  -1.006665e+01   3.915757e+00  -1.008424e+01   4.088949e+00  -9.911051e+00   3.903274e+00  -1.009673e+01   4.098567e+00  -9.901433e+00
40.2	   3.984455e+00  -1.001555e+01   3.880448e+00  -1.011955e+01   4.145119e+00  -9.854881e+00   3.884966e+00  -1.011503e+01   4.150735e+00  -9.849265e+00
40.3	   4.036311e+00  -9.963689e+00   3.854711e+00  -1.014529e+01   4.183726e+00  -9.816274e+00   3.851983e+00  -1.014802e+01   4.220965e+00  -9.779035e+00
40.4	   4.086121e+00  -9.913879e+00   3.836444e+00  -1.016356e+01   4.199907e+00  -9.800093e+00   3.820424e+00  -1.017958e+01   4.231789e+00  -9.768211e+00
40.5	   4.131970e+00  -9.868030e+00   3.820205e+00  -1.017979e+01   4.215816e+00  -9.784184e+00   3.800480e+00  -1.019952e+01   4.245030e+00  -9.754970e+00
40.6	   4.174690e+00  -9.825310e+00   3.807101e+00  -1.019290e+01   4.215095e+00  -9.784905e+00   3.794545e+00  -1.020545e+01   4.257140e+00  -9.742860e+00
40.7	   4.213265e+00  -9.786735e+00   3.806364e+00  -1.019364e+01   4.205682e+00  -9.794318e+00   3.801404e+00  -1.019860e+01   4.150494e+00  -9.849506e+00
40.8	   4.241496e+00  -9.758504e+00   3.820654e+00  -1.017935e+01   4.183186e+00  -9.816814e+00   3.823686e+00  -1.017631e+01   4.127357e+00  -9.872643e+00
40.9	   4.253063e+00  -9.746937e+00   3.846141e+00  -1.015386e+01   4.147964e+00  -9.852036e+00   3.877589e+00  -1.012241e+01   4.132265e+00  -9.867735e+00
41	   4.244994e+00  -9.755006e+00   3.874790e+00  -1.012521e+01   4.108152e+00  -9.891848e+00   3.936223e+00  -1.006378e+01   4.041921e+00  -9.958079e+00
41.1	   4.217616e+00  -9.782384e+00   3.906627e+00  -1.009337e+01   4.065463e+00  -9.934537e+00   3.972643e+00  -1.002736e+01   3.964519e+00  -1.003548e+01
41.2	   4.177203e+00  -9.822797e+00   3.953175e+00  -1.004683e+01   4.015266e+00  -9.984734e+00   4.000819e+00  -9.999181e+00   3.928229e+00  -1.007177e+01
41.3	   4.128089e+00  -9.871911e+00   4.011758e+00  -9.988242e+00   3.965314e+00  -1.003469e+01   4.036815e+00  -9.963185e+00   3.913523e+00  -1.008648e+01
41.4	   4.071310e+00  -9.928690e+00   4.073673e+00  -9.926327e+00   3.916463e+00  -1.008354e+01   4.087180e+00  -9.912820e+00   3.908270e+00  -1.009173e+01
41.5	   4.011702e+00  -9.988298e+00   4.133462e+00  -9.866538e+00   3.872196e+00  -1.012780e+01   4.161313e+00  -9.838687e+00   3.899511e+00  -1.010049e+01
41.6	   3.953819e+00  -1.004618e+01   4.187435e+00  -9.812565e+00   3.836059e+00  -1.016394e+01   4.221364e+00  -9.778636e+00   3.870063e+00  -1.012994e+01
41.7	   3.900943e+00  -1.009906e+01   4.229468e+00  -9.770532e+00   3.811345e+00  -1.018866e+01   4.227969e+00  -9.772031e+00   3.830142e+00  -1.016986e+01
41.8	   3.856489e+00  -1.014351e+01   4.253607e+00  -9.746393e+00   3.799921e+00  -1.020008e+01   4.241319e+00  -9.758681e+00   3.806072e+00  -1.019393e+01
41.9	   3.821641e+00  -1.017836e+01   4.256550e+00  -9.743450e+00   3.798612e+00  -1.020139e+01   4.259477e+00  -9.740523e+00   3.796836e+00  -1.020316e+01
42	   3.798230e+00  -1.020177e+01   4.235666e+00  -9.764334e+00   3.801911e+00  -1.019809e+01   4.188942e+00  -9.811058e+00   3.802206e+00  -1.019779e+01
42.1	   3.786862e+00  -1.021314e+01   4.201423e+00  -9.798577e+00   3.815942e+00  -1.018406e+01   4.181307e+00  -9.818693e+00   3.828601e+00  -1.017140e+01
42.2	   3.786579e+00  -1.021342e+01   4.164347e+00  -9.835653e+00   3.848287e+00  -1.015171e+01   4.167277e+00  -9.832723e+00   3.881399e+00  -1.011860e+01
42.3	   3.798100e+00  -1.020190e+01   4.107311e+00  -9.892689e+00   3.896840e+00  -1.010316e+01   4.087579e+00  -9.912421e+00   3.947820e+00  -1.005218e+01
42.4	   3.820824e+00  -1.017918e+01   4.042963e+00  -9.957037e+00   3.950434e+00  -1.004957e+01   4.000879e+00  -9.999121e+00   4.007010e+00  -9.992990e+00
42.5	   3.854088e+00  -1.014591e+01   3.992155e+00  -1.000785e+01   4.002972e+00  -9.997028e+00   3.942286e+00  -1.005771e+01   4.045049e+00  -9.954951e+00
42.6	   3.897280e+00  -1.010272e+01   3.949943e+00  -1.005006e+01   4.054853e+00  -9.945147e+00   3.909106e+00  -1.009089e+01   4.075805e+00  -9.924195e+00
42.7	   3.946699e+00  -1.005330e+01   3.915794e+00  -1.008421e+01   4.108967e+00  -9.891033e+00   3.889602e+00  -1.011040e+01   4.114464e+00  -9.885536e+00
42.8	   3.998977e+00  -1.000102e+01   3.884964e+00  -1.011504e+01   4.165794e+00  -9.834206e+00   3.869364e+00  -1.013064e+01   4.171762e+00  -9.828238e+00
42.9	   4.052009e+00  -9.947991e+00   3.854865e+00  -1.014513e+01   4.198457e+00  -9.801543e+00   3.846686e+00  -1.015331e+01   4.232137e+00  -9.767863e+00
43	   4.102410e+00  -9.897590e+00   3.828210e+00  -1.017179e+01   4.217361e+00  -9.782639e+00   3.826950e+00  -1.017305e+01   4.242061e+00  -9.757939e+00
43.1	   4.148259e+00  -9.851741e+00   3.811971e+00  -1.018803e+01   4.232072e+00  -9.767928e+00   3.813928e+00  -1.018607e+01   4.243330e+00  -9.756670e+00
43.2	   4.189314e+00  -9.810686e+00   3.809050e+00  -1.019095e+01   4.223998e+00  -9.776002e+00   3.808264e+00  -1.019174e+01   4.245489e+00  -9.754511e+00
43.3	   4.223487e+00  -9.776513e+00   3.817404e+00  -1.018260e+01   4.211646e+00  -9.788354e+00   3.814608e+00  -1.018539e+01   4.136512e+00  -9.863488e+00
43.4	   4.245759e+00  -9.754241e+00   3.832325e+00  -1.016767e+01   4.179415e+00  -9.820585e+00   3.837797e+00  -1.016220e+01   4.096022e+00  -9.903978e+00
43.5	   4.252170e+00  -9.747830e+00   3.852206e+00  -1.014779e+01   4.129358e+00  -9.870642e+00   3.882875e+00  -1.011712e+01   4.106829e+00  -9.893171e+00
43.6	   4.240432e+00  -9.759568e+00   3.881732e+00  -1.011827e+01   4.087726e+00  -9.912274e+00   3.942706e+00  -1.005729e+01   4.086934e+00  -9.913066e+00
43.7	   4.211048e+00  -9.788952e+00   3.924153e+00  -1.007585e+01   4.047689e+00  -9.952311e+00   3.986317e+00  -1.001368e+01   4.002319e+00  -9.997681e+00
43.8	   4.168810e+00  -9.831190e+00   3.976177e+00  -1.002382e+01   3.997925e+00  -1.000208e+01   4.016841e+00  -9.983159e+00   3.935811e+00  -1.006419e+01
43.9	   4.117268e+00  -9.882732e+00   4.032545e+00  -9.967455e+00   3.948046e+00  -1.005195e+01   4.051721e+00  -9.948279e+00   3.887262e+00  -1.011274e+01
44	   4.058430e+00  -9.941570e+00   4.089231e+00  -9.910769e+00   3.901967e+00  -1.009803e+01   4.100567e+00  -9.899433e+00   3.857491e+00  -1.014251e+01
44.1	   3.998496e+00  -1.000150e+01   4.143418e+00  -9.856582e+00   3.862512e+00  -1.013749e+01   4.171907e+00  -9.828093e+00   3.842422e+00  -1.015758e+01
44.2	   3.941583e+00  -1.005842e+01   4.193515e+00  -9.806485e+00   3.830916e+00  -1.016908e+01   4.211786e+00  -9.788214e+00   3.838847e+00  -1.016115e+01
44.3	   3.891318e+00  -1.010868e+01   4.232165e+00  -9.767835e+00   3.811142e+00  -1.018886e+01   4.215688e+00  -9.784312e+00   3.837447e+00  -1.016255e+01
44.4	   3.849497e+00  -1.015050e+01   4.252825e+00  -9.747175e+00   3.804440e+00  -1.019556e+01   4.246203e+00  -9.753797e+00   3.830982e+00  -1.016902e+01
44.5	   3.817340e+00  -1.018266e+01   4.252077e+00  -9.747923e+00   3.809638e+00  -1.019036e+01   4.213162e+00  -9.786838e+00   3.826151e+00  -1.017385e+01
44.6	   3.796387e+00  -1.020361e+01   4.229181e+00  -9.770819e+00   3.821822e+00  -1.017818e+01   4.185111e+00  -9.814889e+00   3.828225e+00  -1.017178e+01
44.7	   3.786858e+00  -1.021314e+01   4.190876e+00  -9.809124e+00   3.836806e+00  -1.016319e+01   4.180017e+00  -9.819983e+00   3.841222e+00  -1.015878e+01
44.8	   3.788041e+00  -1.021196e+01   4.148286e+00  -9.851714e+00   3.861451e+00  -1.013855e+01   4.150941e+00  -9.849059e+00   3.872716e+00  -1.012728e+01
44.9	   3.800747e+00  -1.019925e+01   4.096025e+00  -9.903975e+00   3.904140e+00  -1.009586e+01   4.058480e+00  -9.941520e+00   3.935139e+00  -1.006486e+01
45	   3.824480e+00  -1.017552e+01   4.037952e+00  -9.962048e+00   3.960262e+00  -1.003974e+01   3.987269e+00  -1.001273e+01   4.010118e+00  -9.989882e+00
45.1	   3.858818e+00  -1.014118e+01   3.988616e+00  -1.001138e+01   4.017945e+00  -9.982055e+00   3.937991e+00  -1.006201e+01   4.062921e+00  -9.937079e+00
45.2	   3.902998e+00  -1.009700e+01   3.945704e+00  -1.005430e+01   4.070513e+00  -9.929487e+00   3.910378e+00  -1.008962e+01   4.089762e+00  -9.910238e+00
45.3	   3.953264e+00  -1.004674e+01   3.908179e+00  -1.009182e+01   4.119443e+00  -9.880557e+00   3.890850e+00  -1.010915e+01   4.123500e+00  -9.876500e+00
45.4	   4.006774e+00  -9.993226e+00   3.876134e+00  -1.012387e+01   4.166815e+00  -9.833185e+00   3.865846e+00  -1.013415e+01   4.168922e+00  -9.831078e+00
45.5	   4.060952e+00  -9.939048e+00   3.848912e+00  -1.015109e+01   4.200613e+00  -9.799387e+00   3.840157e+00  -1.015984e+01   4.229097e+00  -9.770903e+00
45.6	   4.112089e+00  -9.887911e+00   3.827013e+00  -1.017299e+01   4.224960e+00  -9.775040e+00   3.820651e+00  -1.017935e+01   4.229212e+00  -9.770788e+00
45.7	   4.158633e+00  -9.841367e+00   3.812620e+00  -1.018738e+01   4.230686e+00  -9.769314e+00   3.810407e+00  -1.018959e+01   4.231735e+00  -9.768265e+00
45.8	   4.199746e+00  -9.800254e+00   3.808091e+00  -1.019191e+01   4.218092e+00  -9.781908e+00   3.809628e+00  -1.019037e+01   4.232340e+00  -9.767660e+00
45.9	   4.232369e+00  -9.767631e+00   3.815010e+00  -1.018499e+01   4.199359e+00  -9.800641e+00   3.820370e+00  -1.017963e+01   4.190580e+00  -9.809420e+00
46	   4.251537e+00  -9.748463e+00   3.833370e+00  -1.016663e+01   4.169304e+00  -9.830696e+00   3.849310e+00  -1.015069e+01   4.101099e+00  -9.898901e+00
46.1	   4.254091e+00  -9.745909e+00   3.861003e+00  -1.013900e+01   4.120198e+00  -9.879802e+00   3.898421e+00  -1.010158e+01   4.058286e+00  -9.941714e+00
46.2	   4.238055e+00  -9.761945e+00   3.894402e+00  -1.010560e+01   4.072241e+00  -9.927759e+00   3.944850e+00  -1.005515e+01   4.032404e+00  -9.967596e+00
46.3	   4.205190e+00  -9.794810e+00   3.933062e+00  -1.006694e+01   4.031911e+00  -9.968089e+00   3.985714e+00  -1.001429e+01   4.005693e+00  -9.994307e+00
46.4	   4.160291e+00  -9.839709e+00   3.980312e+00  -1.001969e+01   3.984872e+00  -1.001513e+01   4.029197e+00  -9.970803e+00   3.966112e+00  -1.003389e+01
46.5	   4.106552e+00  -9.893448e+00   4.035146e+00  -9.964854e+00   3.935327e+00  -1.006467e+01   4.082207e+00  -9.917793e+00   3.916586e+00  -1.008341e+01
46.6	   4.046703e+00  -9.953297e+00   4.093078e+00  -9.906922e+00   3.889413e+00  -1.011059e+01   4.143444e+00  -9.856556e+00   3.867243e+00  -1.013276e+01
46.7	   3.986907e+00  -1.001309e+01   4.149560e+00  -9.850440e+00   3.852495e+00  -1.014750e+01   4.180531e+00  -9.819469e+00   3.829741e+00  -1.017026e+01
46.8	   3.930768e+00  -1.006923e+01   4.198618e+00  -9.801382e+00   3.824053e+00  -1.017595e+01   4.201932e+00  -9.798068e+00   3.806798e+00  -1.019320e+01
46.9	   3.881908e+00  -1.011809e+01   4.233463e+00  -9.766537e+00   3.806421e+00  -1.019358e+01   4.228213e+00  -9.771787e+00   3.800246e+00  -1.019975e+01
47	   3.841918e+00  -1.015808e+01   4.250883e+00  -9.749117e+00   3.801622e+00  -1.019838e+01   4.240398e+00  -9.759602e+00   3.811964e+00  -1.018804e+01
47.1	   3.812356e+00  -1.018764e+01   4.249898e+00  -9.750102e+00   3.809111e+00  -1.019089e+01   4.232742e+00  -9.767258e+00   3.839462e+00  -1.016054e+01
47.2	   3.794462e+00  -1.020554e+01   4.228999e+00  -9.771001e+00   3.825486e+00  -1.017451e+01   4.210838e+00  -9.789162e+00   3.868926e+00  -1.013107e+01
47.3	   3.787782e+00  -1.021222e+01   4.192180e+00  -9.807820e+00   3.848240e+00  -1.015176e+01   4.164049e+00  -9.835951e+00   3.890608e+00  -1.010939e+01
47.4	   3.791415e+00  -1.020858e+01   4.143125e+00  -9.856875e+00   3.877890e+00  -1.012211e+01   4.092341e+00  -9.907659e+00   3.909404e+00  -1.009060e+01
47.5	   3.805714e+00  -1.019429e+01   4.087666e+00  -9.912334e+00   3.919164e+00  -1.008084e+01   4.036077e+00  -9.963923e+00   3.938531e+00  -1.006147e+01
47.6	   3.830079e+00  -1.016992e+01   4.032460e+00  -9.967540e+00   3.970743e+00  -1.002926e+01   3.993824e+00  -1.000618e+01   3.989628e+00  -1.001037e+01
47.7	   3.864670e+00  -1.013533e+01   3.980408e+00  -1.001959e+01   4.024545e+00  -9.975455e+00   3.954097e+00  -1.004590e+01   4.063179e+00  -9.936821e+00
47.8	   3.908903e+00  -1.009110e+01   3.933956e+00  -1.006604e+01   4.075007e+00  -9.924993e+00   3.915205e+00  -1.008480e+01   4.107219e+00  -9.892781e+00
47.9	   3.958857e+00  -1.004114e+01   3.895843e+00  -1.010416e+01   4.121052e+00  -9.878948e+00   3.878710e+00  -1.012129e+01   4.122753e+00  -9.877247e+00
48	   4.011602e+00  -9.988398e+00   3.866381e+00  -1.013362e+01   4.166517e+00  -9.833483e+00   3.842832e+00  -1.015717e+01   4.177483e+00  -9.822517e+00
48.1	   4.064463e+00  -9.935537e+00   3.843658e+00  -1.015634e+01   4.199803e+00  -9.800197e+00   3.811734e+00  -1.018827e+01   4.242705e+00  -9.757295e+00
48.2	   4.114197e+00  -9.885803e+00   3.825821e+00  -1.017418e+01   4.218512e+00  -9.781488e+00   3.797018e+00  -1.020298e+01   4.238183e+00  -9.761817e+00
48.3	   4.160213e+00  -9.839787e+00   3.812306e+00  -1.018769e+01   4.225646e+00  -9.774354e+00   3.802413e+00  -1.019759e+01   4.224408e+00  -9.775592e+00
48.4	   4.202416e+00  -9.797584e+00   3.806379e+00  -1.019362e+01   4.211102e+00  -9.788898e+00   3.827140e+00  -1.017286e+01   4.223143e+00  -9.776857e+00
48.5	   4.236729e+00  -9.763271e+00   3.812650e+00  -1.018735e+01   4.191111e+00  -9.808889e+00   3.862155e+00  -1.013784e+01   4.186575e+00  -9.813425e+00
48.6	   4.256453e+00  -9.743547e+00   3.832963e+00  -1.016704e+01   4.167487e+00  -9.832513e+00   3.892015e+00  -1.010798e+01   4.089626e+00  -9.910374e+00
48.7	   4.256102e+00  -9.743898e+00   3.865394e+00  -1.013461e+01   4.118786e+00  -9.881214e+00   3.913035e+00  -1.008696e+01   4.033416e+00  -9.966584e+00
48.8	   4.234783e+00  -9.765217e+00   3.905649e+00  -1.009435e+01   4.063694e+00  -9.936306e+00   3.937806e+00  -1.006219e+01   4.013566e+00  -9.986434e+00
48.9	   4.198201e+00  -9.801799e+00   3.948351e+00  -1.005165e+01   4.018019e+00  -9.981981e+00   3.976793e+00  -1.002321e+01   4.000285e+00  -9.999715e+00
49	   4.151214e+00  -9.848786e+00   3.993391e+00  -1.000661e+01   3.971257e+00  -1.002874e+01   4.024493e+00  -9.975507e+00   3.950312e+00  -1.004969e+01
49.1	   4.094868e+00  -9.905132e+00   4.042858e+00  -9.957142e+00   3.925623e+00  -1.007438e+01   4.074625e+00  -9.925375e+00   3.889743e+00  -1.011026e+01
49.2	   4.033243e+00  -9.966757e+00   4.095245e+00  -9.904755e+00   3.884497e+00  -1.011550e+01   4.127299e+00  -9.872701e+00   3.847408e+00  -1.015259e+01
49.3	   3.973413e+00  -1.002659e+01   4.147729e+00  -9.852271e+00   3.851599e+00  -1.014840e+01   4.176253e+00  -9.823747e+00   3.819674e+00  -1.018033e+01
49.4	   3.918289e+00  -1.008171e+01   4.195101e+00  -9.804899e+00   3.827646e+00  -1.017235e+01   4.217197e+00  -9.782803e+00   3.806303e+00  -1.019370e+01
49.5	   3.871351e+00  -1.012865e+01   4.230249e+00  -9.769751e+00   3.812863e+00  -1.018714e+01   4.237678e+00  -9.762322e+00   3.809793e+00  -1.019021e+01
49.6	   3.833594e+00  -1.016641e+01   4.248603e+00  -9.751397e+00   3.807221e+00  -1.019278e+01   4.243195e+00  -9.756805e+00   3.830014e+00  -1.016999e+01
49.7	   3.806840e+00  -1.019316e+01   4.247087e+00  -9.752913e+00   3.812161e+00  -1.018784e+01   4.239261e+00  -9.760739e+00   3.852753e+00  -1.014725e+01
49.8	   3.792056e+00  -1.020794e+01   4.225028e+00  -9.774972e+00   3.828475e+00  -1.017152e+01   4.201721e+00  -9.798279e+00   3.867163e+00  -1.013284e+01
49.9	   3.788269e+00  -1.021173e+01   4.186129e+00  -9.813871e+00   3.854279e+00  -1.014572e+01   4.172312e+00  -9.827688e+00   3.881915e+00  -1.011808e+01
50	   3.795178e+00  -1.020482e+01   4.137167e+00  -9.862833e+00   3.886755e+00  -1.011325e+01   4.110210e+00  -9.889790e+00   3.907669e+00  -1.009233e+01
50.1	   3.812427e+00  -1.018757e+01   4.083964e+00  -9.916036e+00   3.925399e+00  -1.007460e+01   4.034130e+00  -9.965870e+00   3.950200e+00  -1.004980e+01
50.2	   3.839444e+00  -1.016056e+01   4.030015e+00  -9.969985e+00   3.971131e+00  -1.002887e+01   3.972822e+00  -1.002718e+01   4.010810e+00  -9.989190e+00
50.3	   3.876583e+00  -1.012342e+01   3.978039e+00  -1.002196e+01   4.021755e+00  -9.978245e+00   3.926159e+00  -1.007384e+01   4.082939e+00  -9.917061e+00
50.4	   3.922463e+00  -1.007754e+01   3.930472e+00  -1.006953e+01   4.072622e+00  -9.927378e+00   3.890436e+00  -1.010956e+01   4.120807e+00  -9.879193e+00
50.5	   3.973028e+00  -1.002697e+01   3.890188e+00  -1.010981e+01   4.117420e+00  -9.882580e+00   3.860481e+00  -1.013952e+01   4.149656e+00  -9.850344e+00
50.6	   4.025711e+00  -9.974289e+00   3.858286e+00  -1.014171e+01   4.158687e+00  -9.841313e+00   3.839859e+00  -1.016014e+01   4.204331e+00  -9.795669e+00
50.7	   4.077557e+00  -9.922443e+00   3.834744e+00  -1.016526e+01   4.198027e+00  -9.801973e+00   3.827856e+00  -1.017214e+01   4.246028e+00  -9.753972e+00
50.8	   4.125592e+00  -9.874408e+00   3.819103e+00  -1.018090e+01   4.222317e+00  -9.777683e+00   3.817805e+00  -1.018219e+01   4.237807e+00  -9.762193e+00
50.9	   4.169768e+00  -9.830232e+00   3.810679e+00  -1.018932e+01   4.228846e+00  -9.771154e+00   3.811125e+00  -1.018887e+01   4.226474e+00  -9.773526e+00
51	   4.209655e+00  -9.790345e+00   3.809086e+00  -1.019091e+01   4.224167e+00  -9.775833e+00   3.819246e+00  -1.018075e+01   4.201017e+00  -9.798983e+00
51.1	   4.240401e+00  -9.759599e+00   3.816352e+00  -1.018365e+01   4.198258e+00  -9.801742e+00   3.842465e+00  -1.015753e+01   4.128116e+00  -9.871884e+00
51.2	   4.255524e+00  -9.744476e+00   3.834282e+00  -1.016572e+01   4.163843e+00  -9.836157e+00   3.876023e+00  -1.012398e+01   4.087635e+00  -9.912365e+00
51.3	   4.251001e+00  -9.748999e+00   3.864539e+00  -1.013546e+01   4.124336e+00  -9.875664e+00   3.914766e+00  -1.008523e+01   4.085593e+00  -9.914407e+00
51.4	   4.226866e+00  -9.773134e+00   3.906634e+00  -1.009337e+01   4.076524e+00  -9.923476e+00   3.957254e+00  -1.004275e+01   4.034866e+00  -9.965134e+00
51.5	   4.188805e+00  -9.811195e+00   3.956877e+00  -1.004312e+01   4.018256e+00  -9.981744e+00   4.001410e+00  -9.998590e+00   3.958579e+00  -1.004142e+01
51.6	   4.140660e+00  -9.859340e+00   4.010419e+00  -9.989581e+00   3.962619e+00  -1.003738e+01   4.045336e+00  -9.954664e+00   3.903084e+00  -1.009692e+01
