           0.1	(   7.556740e-01   0.000000e+00  3.080990e-05) (   3.778370e+00   0.000000e+00  6.229109e-06) (   7.556740e+00   0.000000e+00  1.413165e-06) (   1.133511e+01   0.000000e+00  3.342641e-07) (   1.511348e+01   0.000000e+00  7.941064e-08) 
0.2	(   7.556740e-01   0.000000e+00  1.960236e-04) (   3.778370e+00   0.000000e+00  3.735276e-05) (   7.556740e+00   0.000000e+00  8.451626e-06) (   1.133511e+01   0.000000e+00  2.013952e-06) (   1.511348e+01   0.000000e+00  4.827021e-07) 
0.3	(   7.556740e-01   0.000000e+00  5.714870e-04) (   3.778370e+00   0.000000e+00  1.049750e-04) (   7.556740e+00   0.000000e+00  2.382199e-05) (   1.133511e+01   0.000000e+00  5.735343e-06) (   1.511348e+01   0.000000e+00  1.390219e-06) 
0.4	(   7.556740e-01   0.000000e+00  1.200632e-03) (   3.778370e+00   0.000000e+00  2.156187e-04) (   7.556740e+00   0.000000e+00  4.931457e-05) (   1.133511e+01   0.000000e+00  1.203754e-05) (   1.511348e+01   0.000000e+00  2.959930e-06) 
0.5	(   7.556740e-01   0.000000e+00  2.086825e-03) (   3.778370e+00   0.000000e+00  3.709461e-04) (   7.556740e+00   0.000000e+00  8.591768e-05) (   1.133511e+01   0.000000e+00  2.134198e-05) (   1.511348e+01   0.000000e+00  5.340389e-06) 
0.6	(   7.556740e-01   0.000000e+00  3.188953e-03) (   3.778370e+00   0.000000e+00  5.692258e-04) (   7.556740e+00   0.000000e+00  1.341755e-04) (   1.133511e+01   0.000000e+00  3.404417e-05) (   1.511348e+01   0.000000e+00  8.695759e-06) 
0.7	(   7.556740e-01   0.000000e+00  4.411601e-03) (   3.778370e+00   0.000000e+00  8.056719e-04) (   7.556740e+00   0.000000e+00  1.942817e-04) (   1.133511e+01   0.000000e+00  5.053998e-05) (   1.511348e+01   0.000000e+00  1.321469e-05) 
0.8	(   7.556740e-01   0.000000e+00  5.595686e-03) (   3.778370e+00   0.000000e+00  1.072412e-03) (   7.556740e+00   0.000000e+00  2.660471e-04) (   1.133511e+01   0.000000e+00  7.121582e-05) (   1.511348e+01   0.000000e+00  1.911046e-05) 
0.9	(   7.556740e-01   0.000000e+00  6.513566e-03) (   3.778370e+00   0.000000e+00  1.358110e-03) (   7.556740e+00   0.000000e+00  3.488290e-04) (   1.133511e+01   0.000000e+00  9.642967e-05) (   1.511348e+01   0.000000e+00  2.661914e-05) 
1	(   7.556740e-01   0.000000e+00  6.892479e-03) (   3.778370e+00   0.000000e+00  1.647879e-03) (   7.556740e+00   0.000000e+00  4.414443e-04) (   1.133511e+01   0.000000e+00  1.264736e-04) (   1.511348e+01   0.000000e+00  3.599168e-05) 
1.1	(   7.556740e-01   0.000000e+00  6.435660e-03) (   3.778370e+00   0.000000e+00  1.919429e-03) (   7.556740e+00   0.000000e+00  5.412002e-04) (   1.133511e+01   0.000000e+00  1.613320e-04) (   1.511348e+01   0.000000e+00  4.743803e-05) 
1.2	(   7.556740e-01   0.000000e+00  4.900648e-03) (   3.778370e+00   0.000000e+00  2.149398e-03) (   7.556740e+00   0.000000e+00  6.452069e-04) (   1.133511e+01   0.000000e+00  2.009665e-04) (   1.511348e+01   0.000000e+00  6.118940e-05) 
1.3	(   7.556740e-01   0.000000e+00  2.169328e-03) (   3.778370e+00   0.000000e+00  2.306381e-03) (   7.556740e+00   0.000000e+00  7.486415e-04) (   1.133511e+01   0.000000e+00  2.448975e-04) (   1.511348e+01   0.000000e+00  7.739600e-05) 
1.4	(   7.556740e-01   0.000000e+00 -1.649990e-03) (   3.778370e+00   0.000000e+00  2.362123e-03) (   7.556740e+00   0.000000e+00  8.472157e-04) (   1.133511e+01   0.000000e+00  2.927391e-04) (   1.511348e+01   0.000000e+00  9.624230e-05) 
1.5	(   7.556740e-01   0.000000e+00 -6.189324e-03) (   3.778370e+00   0.000000e+00  2.293231e-03) (   7.556740e+00   0.000000e+00  9.373273e-04) (   1.133511e+01   0.000000e+00  3.442323e-04) (   1.511348e+01   0.000000e+00  1.179610e-04) 
1.6	(   7.556740e-01   0.000000e+00 -1.100510e-02) (   3.778370e+00   0.000000e+00  2.054059e-03) (   7.556740e+00   0.000000e+00  1.009397e-03) (   1.133511e+01   0.000000e+00  3.975665e-04) (   1.511348e+01   0.000000e+00  1.424178e-04) 
1.7	(   7.556740e-01   0.000000e+00 -1.545623e-02) (   3.778370e+00   0.000000e+00  1.627791e-03) (   7.556740e+00   0.000000e+00  1.059133e-03) (   1.133511e+01   0.000000e+00  4.519894e-04) (   1.511348e+01   0.000000e+00  1.697269e-04) 
1.8	(   7.556740e-01   0.000000e+00 -1.896871e-02) (   3.778370e+00   0.000000e+00  1.003444e-03) (   7.556740e+00   0.000000e+00  1.081793e-03) (   1.133511e+01   0.000000e+00  5.064246e-04) (   1.511348e+01   0.000000e+00  1.999061e-04) 
1.9	(   7.556740e-01   0.000000e+00 -2.110182e-02) (   3.778370e+00   0.000000e+00  1.711759e-04) (   7.556740e+00   0.000000e+00  1.070816e-03) (   1.133511e+01   0.000000e+00  5.590521e-04) (   1.511348e+01   0.000000e+00  2.327645e-04) 
2	(   7.556740e-01   0.000000e+00 -2.143777e-02) (   3.778370e+00   0.000000e+00 -8.610708e-04) (   7.556740e+00   0.000000e+00  1.020742e-03) (   1.133511e+01   0.000000e+00  6.080258e-04) (   1.511348e+01   0.000000e+00  2.680467e-04) 
2.1	(   7.556740e-01   0.000000e+00 -1.964154e-02) (   3.778370e+00   0.000000e+00 -2.085526e-03) (   7.556740e+00   0.000000e+00  9.232231e-04) (   1.133511e+01   0.000000e+00  6.503273e-04) (   1.511348e+01   0.000000e+00  3.051470e-04) 
2.2	(   7.556740e-01   0.000000e+00 -1.566270e-02) (   3.778370e+00   0.000000e+00 -3.478462e-03) (   7.556740e+00   0.000000e+00  7.697769e-04) (   1.133511e+01   0.000000e+00  6.824700e-04) (   1.511348e+01   0.000000e+00  3.432203e-04) 
2.3	(   7.556740e-01   0.000000e+00 -9.720703e-03) (   3.778370e+00   0.000000e+00 -4.973126e-03) (   7.556740e+00   0.000000e+00  5.580456e-04) (   1.133511e+01   0.000000e+00  7.018441e-04) (   1.511348e+01   0.000000e+00  3.815024e-04) 
2.4	(   7.556740e-01   0.000000e+00 -2.375805e-03) (   3.778370e+00   0.000000e+00 -6.502105e-03) (   7.556740e+00   0.000000e+00  2.810165e-04) (   1.133511e+01   0.000000e+00  7.041267e-04) (   1.511348e+01   0.000000e+00  4.186554e-04) 
2.5	(   7.556740e-01   0.000000e+00  5.800547e-03) (   3.778370e+00   0.000000e+00 -7.951376e-03) (   7.556740e+00   0.000000e+00 -6.139284e-05) (   1.133511e+01   0.000000e+00  6.858182e-04) (   1.511348e+01   0.000000e+00  4.533621e-04) 
2.6	(   7.556740e-01   0.000000e+00  1.400579e-02) (   3.778370e+00   0.000000e+00 -9.202545e-03) (   7.556740e+00   0.000000e+00 -4.711582e-04) (   1.133511e+01   0.000000e+00  6.423763e-04) (   1.511348e+01   0.000000e+00  4.838101e-04) 
2.7	(   7.556740e-01   0.000000e+00  2.154706e-02) (   3.778370e+00   0.000000e+00 -1.008998e-02) (   7.556740e+00   0.000000e+00 -9.406483e-04) (   1.133511e+01   0.000000e+00  5.708904e-04) (   1.511348e+01   0.000000e+00  5.083249e-04) 
2.8	(   7.556740e-01   0.000000e+00  2.781780e-02) (   3.778370e+00   0.000000e+00 -1.043391e-02) (   7.556740e+00   0.000000e+00 -1.457169e-03) (   1.133511e+01   0.000000e+00  4.691382e-04) (   1.511348e+01   0.000000e+00  5.251253e-04) 
2.9	(   7.556740e-01   0.000000e+00  3.220601e-02) (   3.778370e+00   0.000000e+00 -1.007896e-02) (   7.556740e+00   0.000000e+00 -2.009518e-03) (   1.133511e+01   0.000000e+00  3.340098e-04) (   1.511348e+01   0.000000e+00  5.318882e-04) 
3	(   7.556740e-01   0.000000e+00  3.424955e-02) (   3.778370e+00   0.000000e+00 -8.877083e-03) (   7.556740e+00   0.000000e+00 -2.578589e-03) (   1.133511e+01   0.000000e+00  1.640836e-04) (   1.511348e+01   0.000000e+00  5.264633e-04) 
3.1	(   7.556740e-01   0.000000e+00  3.359361e-02) (   3.778370e+00   0.000000e+00 -6.744399e-03) (   7.556740e+00   0.000000e+00 -3.142031e-03) (   1.133511e+01   0.000000e+00 -4.145122e-05) (   1.511348e+01   0.000000e+00  5.063426e-04) 
3.2	(   7.556740e-01   0.000000e+00  3.018362e-02) (   3.778370e+00   0.000000e+00 -3.635238e-03) (   7.556740e+00   0.000000e+00 -3.663083e-03) (   1.133511e+01   0.000000e+00 -2.799070e-04) (   1.511348e+01   0.000000e+00  4.697602e-04) 
3.3	(   7.556740e-01   0.000000e+00  2.393482e-02) (   3.778370e+00   0.000000e+00  3.366160e-04) (   7.556740e+00   0.000000e+00 -4.115135e-03) (   1.133511e+01   0.000000e+00 -5.503984e-04) (   1.511348e+01   0.000000e+00  4.142704e-04) 
3.4	(   7.556740e-01   0.000000e+00  1.513971e-02) (   3.778370e+00   0.000000e+00  4.980126e-03) (   7.556740e+00   0.000000e+00 -4.459202e-03) (   1.133511e+01   0.000000e+00 -8.478825e-04) (   1.511348e+01   0.000000e+00  3.382611e-04) 
3.5	(   7.556740e-01   0.000000e+00  4.276457e-03) (   3.778370e+00   0.000000e+00  9.958241e-03) (   7.556740e+00   0.000000e+00 -4.657893e-03) (   1.133511e+01   0.000000e+00 -1.166161e-03) (   1.511348e+01   0.000000e+00  2.403006e-04) 
3.6	(   7.556740e-01   0.000000e+00 -7.888485e-03) (   3.778370e+00   0.000000e+00  1.485674e-02) (   7.556740e+00   0.000000e+00 -4.670973e-03) (   1.133511e+01   0.000000e+00 -1.496171e-03) (   1.511348e+01   0.000000e+00  1.196664e-04) 
3.7	(   7.556740e-01   0.000000e+00 -2.045644e-02) (   3.778370e+00   0.000000e+00  1.917503e-02) (   7.556740e+00   0.000000e+00 -4.462475e-03) (   1.133511e+01   0.000000e+00 -1.827607e-03) (   1.511348e+01   0.000000e+00 -2.387356e-05) 
3.8	(   7.556740e-01   0.000000e+00 -3.234685e-02) (   3.778370e+00   0.000000e+00  2.239612e-02) (   7.556740e+00   0.000000e+00 -4.001622e-03) (   1.133511e+01   0.000000e+00 -2.147415e-03) (   1.511348e+01   0.000000e+00 -1.895729e-04) 
3.9	(   7.556740e-01   0.000000e+00 -4.243669e-02) (   3.778370e+00   0.000000e+00  2.403973e-02) (   7.556740e+00   0.000000e+00 -3.270129e-03) (   1.133511e+01   0.000000e+00 -2.440993e-03) (   1.511348e+01   0.000000e+00 -3.759849e-04) 
4	(   7.556740e-01   0.000000e+00 -4.947262e-02) (   3.778370e+00   0.000000e+00  2.375426e-02) (   7.556740e+00   0.000000e+00 -2.255045e-03) (   1.133511e+01   0.000000e+00 -2.690687e-03) (   1.511348e+01   0.000000e+00 -5.801356e-04) 
4.1	(   7.556740e-01   0.000000e+00 -5.234837e-02) (   3.778370e+00   0.000000e+00  2.128667e-02) (   7.556740e+00   0.000000e+00 -9.623035e-04) (   1.133511e+01   0.000000e+00 -2.878637e-03) (   1.511348e+01   0.000000e+00 -7.980551e-04) 
4.2	(   7.556740e-01   0.000000e+00 -5.053058e-02) (   3.778370e+00   0.000000e+00  1.655670e-02) (   7.556740e+00   0.000000e+00  5.737639e-04) (   1.133511e+01   0.000000e+00 -2.988475e-03) (   1.511348e+01   0.000000e+00 -1.025014e-03) 
4.3	(   7.556740e-01   0.000000e+00 -4.392355e-02) (   3.778370e+00   0.000000e+00  9.715809e-03) (   7.556740e+00   0.000000e+00  2.299077e-03) (   1.133511e+01   0.000000e+00 -3.003705e-03) (   1.511348e+01   0.000000e+00 -1.254943e-03) 
4.4	(   7.556740e-01   0.000000e+00 -3.293990e-02) (   3.778370e+00   0.000000e+00  1.145768e-03) (   7.556740e+00   0.000000e+00  4.136612e-03) (   1.133511e+01   0.000000e+00 -2.908593e-03) (   1.511348e+01   0.000000e+00 -1.480735e-03) 
4.5	(   7.556740e-01   0.000000e+00 -1.890000e-02) (   3.778370e+00   0.000000e+00 -8.532192e-03) (   7.556740e+00   0.000000e+00  5.981342e-03) (   1.133511e+01   0.000000e+00 -2.691326e-03) (   1.511348e+01   0.000000e+00 -1.694176e-03) 
4.6	(   7.556740e-01   0.000000e+00 -3.323473e-03) (   3.778370e+00   0.000000e+00 -1.851713e-02) (   7.556740e+00   0.000000e+00  7.703104e-03) (   1.133511e+01   0.000000e+00 -2.345236e-03) (   1.511348e+01   0.000000e+00 -1.886344e-03) 
4.7	(   7.556740e-01   0.000000e+00  1.271188e-02) (   3.778370e+00   0.000000e+00 -2.783626e-02) (   7.556740e+00   0.000000e+00  9.160757e-03) (   1.133511e+01   0.000000e+00 -1.868289e-03) (   1.511348e+01   0.000000e+00 -2.047905e-03) 
4.8	(   7.556740e-01   0.000000e+00  2.786324e-02) (   3.778370e+00   0.000000e+00 -3.547315e-02) (   7.556740e+00   0.000000e+00  1.020440e-02) (   1.133511e+01   0.000000e+00 -1.265013e-03) (   1.511348e+01   0.000000e+00 -2.169427e-03) 
4.9	(   7.556740e-01   0.000000e+00  4.074238e-02) (   3.778370e+00   0.000000e+00 -4.052275e-02) (   7.556740e+00   0.000000e+00  1.069168e-02) (   1.133511e+01   0.000000e+00 -5.456732e-04) (   1.511348e+01   0.000000e+00 -2.241127e-03) 
5	(   7.556740e-01   0.000000e+00  5.015607e-02) (   3.778370e+00   0.000000e+00 -4.233284e-02) (   7.556740e+00   0.000000e+00  1.048215e-02) (   1.133511e+01   0.000000e+00  2.681003e-04) (   1.511348e+01   0.000000e+00 -2.254791e-03) 
5.1	(   7.556740e-01   0.000000e+00  5.570098e-02) (   3.778370e+00   0.000000e+00 -4.050732e-02) (   7.556740e+00   0.000000e+00  9.472777e-03) (   1.133511e+01   0.000000e+00  1.150636e-03) (   1.511348e+01   0.000000e+00 -2.201948e-03) 
5.2	(   7.556740e-01   0.000000e+00  5.715966e-02) (   3.778370e+00   0.000000e+00 -3.506234e-02) (   7.556740e+00   0.000000e+00  7.602223e-03) (   1.133511e+01   0.000000e+00  2.066236e-03) (   1.511348e+01   0.000000e+00 -2.076385e-03) 
5.3	(   7.556740e-01   0.000000e+00  5.421191e-02) (   3.778370e+00   0.000000e+00 -2.643072e-02) (   7.556740e+00   0.000000e+00  4.850582e-03) (   1.133511e+01   0.000000e+00  2.968507e-03) (   1.511348e+01   0.000000e+00 -1.874811e-03) 
5.4	(   7.556740e-01   0.000000e+00  4.691351e-02) (   3.778370e+00   0.000000e+00 -1.527232e-02) (   7.556740e+00   0.000000e+00  1.276603e-03) (   1.133511e+01   0.000000e+00  3.806784e-03) (   1.511348e+01   0.000000e+00 -1.596164e-03) 
5.5	(   7.556740e-01   0.000000e+00  3.548694e-02) (   3.778370e+00   0.000000e+00 -2.503462e-03) (   7.556740e+00   0.000000e+00 -2.994356e-03) (   1.133511e+01   0.000000e+00  4.522285e-03) (   1.511348e+01   0.000000e+00 -1.243200e-03) 
5.6	(   7.556740e-01   0.000000e+00  2.083323e-02) (   3.778370e+00   0.000000e+00  1.085945e-02) (   7.556740e+00   0.000000e+00 -7.747935e-03) (   1.133511e+01   0.000000e+00  5.056457e-03) (   1.511348e+01   0.000000e+00 -8.220124e-04) 
5.7	(   7.556740e-01   0.000000e+00  4.289255e-03) (   3.778370e+00   0.000000e+00  2.374486e-02) (   7.556740e+00   0.000000e+00 -1.269038e-02) (   1.133511e+01   0.000000e+00  5.353486e-03) (   1.511348e+01   0.000000e+00 -3.428186e-04) 
5.8	(   7.556740e-01   0.000000e+00 -1.276846e-02) (   3.778370e+00   0.000000e+00  3.512032e-02) (   7.556740e+00   0.000000e+00 -1.744016e-02) (   1.133511e+01   0.000000e+00  5.360598e-03) (   1.511348e+01   0.000000e+00  1.799839e-04) 
5.9	(   7.556740e-01   0.000000e+00 -2.901157e-02) (   3.778370e+00   0.000000e+00  4.403845e-02) (   7.556740e+00   0.000000e+00 -2.156018e-02) (   1.133511e+01   0.000000e+00  5.029508e-03) (   1.511348e+01   0.000000e+00  7.277793e-04) 
6	(   7.556740e-01   0.000000e+00 -4.295298e-02) (   3.778370e+00   0.000000e+00  4.976871e-02) (   7.556740e+00   0.000000e+00 -2.460178e-02) (   1.133511e+01   0.000000e+00  4.329220e-03) (   1.511348e+01   0.000000e+00  1.278338e-03) 
6.1	(   7.556740e-01   0.000000e+00 -5.371278e-02) (   3.778370e+00   0.000000e+00  5.178108e-02) (   7.556740e+00   0.000000e+00 -2.611140e-02) (   1.133511e+01   0.000000e+00  3.244576e-03) (   1.511348e+01   0.000000e+00  1.805782e-03) 
6.2	(   7.556740e-01   0.000000e+00 -6.004250e-02) (   3.778370e+00   0.000000e+00  4.979761e-02) (   7.556740e+00   0.000000e+00 -2.571659e-02) (   1.133511e+01   0.000000e+00  1.781847e-03) (   1.511348e+01   0.000000e+00  2.281497e-03) 
6.3	(   7.556740e-01   0.000000e+00 -6.124956e-02) (   3.778370e+00   0.000000e+00  4.375157e-02) (   7.556740e+00   0.000000e+00 -2.316145e-02) (   1.133511e+01   0.000000e+00 -2.978865e-05) (   1.511348e+01   0.000000e+00  2.674906e-03) 
6.4	(   7.556740e-01   0.000000e+00 -5.708953e-02) (   3.778370e+00   0.000000e+00  3.399716e-02) (   7.556740e+00   0.000000e+00 -1.838947e-02) (   1.133511e+01   0.000000e+00 -2.128246e-03) (   1.511348e+01   0.000000e+00  2.957057e-03) 
6.5	(   7.556740e-01   0.000000e+00 -4.789561e-02) (   3.778370e+00   0.000000e+00  2.106490e-02) (   7.556740e+00   0.000000e+00 -1.157514e-02) (   1.133511e+01   0.000000e+00 -4.426412e-03) (   1.511348e+01   0.000000e+00  3.098977e-03) 
6.6	(   7.556740e-01   0.000000e+00 -3.456651e-02) (   3.778370e+00   0.000000e+00  5.804526e-03) (   7.556740e+00   0.000000e+00 -3.129995e-03) (   1.133511e+01   0.000000e+00 -6.809329e-03) (   1.511348e+01   0.000000e+00  3.075254e-03) 
6.7	(   7.556740e-01   0.000000e+00 -1.869319e-02) (   3.778370e+00   0.000000e+00 -1.067257e-02) (   7.556740e+00   0.000000e+00  6.326087e-03) (   1.133511e+01   0.000000e+00 -9.134483e-03) (   1.511348e+01   0.000000e+00  2.863618e-03) 
6.8	(   7.556740e-01   0.000000e+00 -1.900302e-03) (   3.778370e+00   0.000000e+00 -2.702557e-02) (   7.556740e+00   0.000000e+00  1.601559e-02) (   1.133511e+01   0.000000e+00 -1.123551e-02) (   1.511348e+01   0.000000e+00  2.450309e-03) 
6.9	(   7.556740e-01   0.000000e+00  1.457131e-02) (   3.778370e+00   0.000000e+00 -4.174773e-02) (   7.556740e+00   0.000000e+00  2.510360e-02) (   1.133511e+01   0.000000e+00 -1.293604e-02) (   1.511348e+01   0.000000e+00  1.829945e-03) 
7	(   7.556740e-01   0.000000e+00  2.969499e-02) (   3.778370e+00   0.000000e+00 -5.329878e-02) (   7.556740e+00   0.000000e+00  3.276384e-02) (   1.133511e+01   0.000000e+00 -1.406128e-02) (   1.511348e+01   0.000000e+00  1.007571e-03) 
7.1	(   7.556740e-01   0.000000e+00  4.243379e-02) (   3.778370e+00   0.000000e+00 -6.028480e-02) (   7.556740e+00   0.000000e+00  3.824782e-02) (   1.133511e+01   0.000000e+00 -1.444569e-02) (   1.511348e+01   0.000000e+00  1.479825e-07) 
7.2	(   7.556740e-01   0.000000e+00  5.158842e-02) (   3.778370e+00   0.000000e+00 -6.178528e-02) (   7.556740e+00   0.000000e+00  4.096080e-02) (   1.133511e+01   0.000000e+00 -1.395208e-02) (   1.511348e+01   0.000000e+00 -1.163219e-03) 
7.3	(   7.556740e-01   0.000000e+00  5.668692e-02) (   3.778370e+00   0.000000e+00 -5.748259e-02) (   7.556740e+00   0.000000e+00  4.051727e-02) (   1.133511e+01   0.000000e+00 -1.248078e-02) (   1.511348e+01   0.000000e+00 -2.439307e-03) 
7.4	(   7.556740e-01   0.000000e+00  5.749958e-02) (   3.778370e+00   0.000000e+00 -4.793562e-02) (   7.556740e+00   0.000000e+00  3.671379e-02) (   1.133511e+01   0.000000e+00 -1.000224e-02) (   1.511348e+01   0.000000e+00 -3.772562e-03) 
7.5	(   7.556740e-01   0.000000e+00  5.388149e-02) (   3.778370e+00   0.000000e+00 -3.430682e-02) (   7.556740e+00   0.000000e+00  2.961969e-02) (   1.133511e+01   0.000000e+00 -6.566182e-03) (   1.511348e+01   0.000000e+00 -5.097182e-03) 
7.6	(   7.556740e-01   0.000000e+00  4.627626e-02) (   3.778370e+00   0.000000e+00 -1.799642e-02) (   7.556740e+00   0.000000e+00  1.958607e-02) (   1.133511e+01   0.000000e+00 -2.298620e-03) (   1.511348e+01   0.000000e+00 -6.337494e-03) 
7.7	(   7.556740e-01   0.000000e+00  3.500290e-02) (   3.778370e+00   0.000000e+00 -5.671774e-04) (   7.556740e+00   0.000000e+00  7.214889e-03) (   1.133511e+01   0.000000e+00  2.592160e-03) (   1.511348e+01   0.000000e+00 -7.408216e-03) 
7.8	(   7.556740e-01   0.000000e+00  2.068413e-02) (   3.778370e+00   0.000000e+00  1.649410e-02) (   7.556740e+00   0.000000e+00 -6.602740e-03) (   1.133511e+01   0.000000e+00  7.815926e-03) (   1.511348e+01   0.000000e+00 -8.226045e-03) 
7.9	(   7.556740e-01   0.000000e+00  4.368865e-03) (   3.778370e+00   0.000000e+00  3.182848e-02) (   7.556740e+00   0.000000e+00 -2.073750e-02) (   1.133511e+01   0.000000e+00  1.301726e-02) (   1.511348e+01   0.000000e+00 -8.709389e-03) 
8	(   7.556740e-01   0.000000e+00 -1.259162e-02) (   3.778370e+00   0.000000e+00  4.432034e-02) (   7.556740e+00   0.000000e+00 -3.388264e-02) (   1.133511e+01   0.000000e+00  1.781144e-02) (   1.511348e+01   0.000000e+00 -8.786729e-03) 
8.1	(   7.556740e-01   0.000000e+00 -2.889171e-02) (   3.778370e+00   0.000000e+00  5.312430e-02) (   7.556740e+00   0.000000e+00 -4.470941e-02) (   1.133511e+01   0.000000e+00  2.179530e-02) (   1.511348e+01   0.000000e+00 -8.395513e-03) 
8.2	(   7.556740e-01   0.000000e+00 -4.316864e-02) (   3.778370e+00   0.000000e+00  5.773148e-02) (   7.556740e+00   0.000000e+00 -5.199762e-02) (   1.133511e+01   0.000000e+00  2.458647e-02) (   1.511348e+01   0.000000e+00 -7.499007e-03) 
8.3	(   7.556740e-01   0.000000e+00 -5.373457e-02) (   3.778370e+00   0.000000e+00  5.790786e-02) (   7.556740e+00   0.000000e+00 -5.488112e-02) (   1.133511e+01   0.000000e+00  2.585541e-02) (   1.511348e+01   0.000000e+00 -6.087428e-03) 
8.4	(   7.556740e-01   0.000000e+00 -5.990700e-02) (   3.778370e+00   0.000000e+00  5.366487e-02) (   7.556740e+00   0.000000e+00 -5.292218e-02) (   1.133511e+01   0.000000e+00  2.534850e-02) (   1.511348e+01   0.000000e+00 -4.182190e-03) 
8.5	(   7.556740e-01   0.000000e+00 -6.134946e-02) (   3.778370e+00   0.000000e+00  4.526081e-02) (   7.556740e+00   0.000000e+00 -4.621776e-02) (   1.133511e+01   0.000000e+00  2.289174e-02) (   1.511348e+01   0.000000e+00 -1.840154e-03) 
8.6	(   7.556740e-01   0.000000e+00 -5.714399e-02) (   3.778370e+00   0.000000e+00  3.330950e-02) (   7.556740e+00   0.000000e+00 -3.541627e-02) (   1.133511e+01   0.000000e+00  1.846151e-02) (   1.511348e+01   0.000000e+00  8.467112e-04) 
8.7	(   7.556740e-01   0.000000e+00 -4.789525e-02) (   3.778370e+00   0.000000e+00  1.855021e-02) (   7.556740e+00   0.000000e+00 -2.156466e-02) (   1.133511e+01   0.000000e+00  1.217100e-02) (   1.511348e+01   0.000000e+00  3.750907e-03) 
8.8	(   7.556740e-01   0.000000e+00 -3.459146e-02) (   3.778370e+00   0.000000e+00  2.020120e-03) (   7.556740e+00   0.000000e+00 -5.926003e-03) (   1.133511e+01   0.000000e+00  4.292368e-03) (   1.511348e+01   0.000000e+00  6.713172e-03) 
8.9	(   7.556740e-01   0.000000e+00 -1.874275e-02) (   3.778370e+00   0.000000e+00 -1.501758e-02) (   7.556740e+00   0.000000e+00  1.016389e-02) (   1.133511e+01   0.000000e+00 -4.737913e-03) (   1.511348e+01   0.000000e+00  9.549047e-03) 
9	(   7.556740e-01   0.000000e+00 -1.909804e-03) (   3.778370e+00   0.000000e+00 -3.112232e-02) (   7.556740e+00   0.000000e+00  2.541388e-02) (   1.133511e+01   0.000000e+00 -1.432651e-02) (   1.511348e+01   0.000000e+00  1.206653e-02) 
9.1	(   7.556740e-01   0.000000e+00  1.461554e-02) (   3.778370e+00   0.000000e+00 -4.485367e-02) (   7.556740e+00   0.000000e+00  3.865822e-02) (   1.133511e+01   0.000000e+00 -2.371980e-02) (   1.511348e+01   0.000000e+00  1.406866e-02) 
9.2	(   7.556740e-01   0.000000e+00  2.973271e-02) (   3.778370e+00   0.000000e+00 -5.496069e-02) (   7.556740e+00   0.000000e+00  4.892202e-02) (   1.133511e+01   0.000000e+00 -3.207695e-02) (   1.511348e+01   0.000000e+00  1.536895e-02) 
9.3	(   7.556740e-01   0.000000e+00  4.242318e-02) (   3.778370e+00   0.000000e+00 -6.049775e-02) (   7.556740e+00   0.000000e+00  5.542046e-02) (   1.133511e+01   0.000000e+00 -3.851470e-02) (   1.511348e+01   0.000000e+00  1.580519e-02) 
9.4	(   7.556740e-01   0.000000e+00  5.157607e-02) (   3.778370e+00   0.000000e+00 -6.096677e-02) (   7.556740e+00   0.000000e+00  5.765565e-02) (   1.133511e+01   0.000000e+00 -4.224040e-02) (   1.511348e+01   0.000000e+00  1.524998e-02) 
9.5	(   7.556740e-01   0.000000e+00  5.670150e-02) (   3.778370e+00   0.000000e+00 -5.622171e-02) (   7.556740e+00   0.000000e+00  5.538662e-02) (   1.133511e+01   0.000000e+00 -4.261101e-02) (   1.511348e+01   0.000000e+00  1.362231e-02) 
9.6	(   7.556740e-01   0.000000e+00  5.752180e-02) (   3.778370e+00   0.000000e+00 -4.667296e-02) (   7.556740e+00   0.000000e+00  4.863311e-02) (   1.133511e+01   0.000000e+00 -3.926064e-02) (   1.511348e+01   0.000000e+00  1.091065e-02) 
9.7	(   7.556740e-01   0.000000e+00  5.381656e-02) (   3.778370e+00   0.000000e+00 -3.321463e-02) (   7.556740e+00   0.000000e+00  3.773338e-02) (   1.133511e+01   0.000000e+00 -3.226571e-02) (   1.511348e+01   0.000000e+00  7.170590e-03) 
9.8	(   7.556740e-01   0.000000e+00  4.616978e-02) (   3.778370e+00   0.000000e+00 -1.708180e-02) (   7.556740e+00   0.000000e+00  2.335311e-02) (   1.133511e+01   0.000000e+00 -2.208678e-02) (   1.511348e+01   0.000000e+00  2.537790e-03) 
9.9	(   7.556740e-01   0.000000e+00  3.490326e-02) (   3.778370e+00   0.000000e+00  1.383675e-04) (   7.556740e+00   0.000000e+00  6.479324e-03) (   1.133511e+01   0.000000e+00 -9.576268e-03) (   1.511348e+01   0.000000e+00 -2.771968e-03) 
10	(   7.556740e-01   0.000000e+00  2.064249e-02) (   3.778370e+00   0.000000e+00  1.689171e-02) (   7.556740e+00   0.000000e+00 -1.155602e-02) (   1.133511e+01   0.000000e+00  4.170885e-03) (   1.511348e+01   0.000000e+00 -8.466124e-03) 
10.1	(   7.556740e-01   0.000000e+00  4.374936e-03) (   3.778370e+00   0.000000e+00  3.185619e-02) (   7.556740e+00   0.000000e+00 -2.915081e-02) (   1.133511e+01   0.000000e+00  1.794185e-02) (   1.511348e+01   0.000000e+00 -1.418288e-02) 
10.2	(   7.556740e-01   0.000000e+00 -1.264645e-02) (   3.778370e+00   0.000000e+00  4.397619e-02) (   7.556740e+00   0.000000e+00 -4.458129e-02) (   1.133511e+01   0.000000e+00  3.055508e-02) (   1.511348e+01   0.000000e+00 -1.949361e-02) 
10.3	(   7.556740e-01   0.000000e+00 -2.890808e-02) (   3.778370e+00   0.000000e+00  5.250686e-02) (   7.556740e+00   0.000000e+00 -5.622940e-02) (   1.133511e+01   0.000000e+00  4.093758e-02) (   1.511348e+01   0.000000e+00 -2.395590e-02) 
10.4	(   7.556740e-01   0.000000e+00 -4.304853e-02) (   3.778370e+00   0.000000e+00  5.700086e-02) (   7.556740e+00   0.000000e+00 -6.280377e-02) (   1.133511e+01   0.000000e+00  4.822378e-02) (   1.511348e+01   0.000000e+00 -2.712972e-02) 
10.5	(   7.556740e-01   0.000000e+00 -5.372012e-02) (   3.778370e+00   0.000000e+00  5.724088e-02) (   7.556740e+00   0.000000e+00 -6.361098e-02) (   1.133511e+01   0.000000e+00  5.176794e-02) (   1.511348e+01   0.000000e+00 -2.861654e-02) 
10.6	(   7.556740e-01   0.000000e+00 -5.981185e-02) (   3.778370e+00   0.000000e+00  5.322247e-02) (   7.556740e+00   0.000000e+00 -5.859836e-02) (   1.133511e+01   0.000000e+00  5.122710e-02) (   1.511348e+01   0.000000e+00 -2.811907e-02) 
10.7	(   7.556740e-01   0.000000e+00 -6.120494e-02) (   3.778370e+00   0.000000e+00  4.513315e-02) (   7.556740e+00   0.000000e+00 -4.847591e-02) (   1.133511e+01   0.000000e+00  4.646204e-02) (   1.511348e+01   0.000000e+00 -2.546104e-02) 
10.8	(   7.556740e-01   0.000000e+00 -5.717374e-02) (   3.778370e+00   0.000000e+00  3.349633e-02) (   7.556740e+00   0.000000e+00 -3.440358e-02) (   1.133511e+01   0.000000e+00  3.770989e-02) (   1.511348e+01   0.000000e+00 -2.067185e-02) 
10.9	(   7.556740e-01   0.000000e+00 -4.791696e-02) (   3.778370e+00   0.000000e+00  1.896271e-02) (   7.556740e+00   0.000000e+00 -1.783362e-02) (   1.133511e+01   0.000000e+00  2.546671e-02) (   1.511348e+01   0.000000e+00 -1.396606e-02) 
11	(   7.556740e-01   0.000000e+00 -3.464564e-02) (   3.778370e+00   0.000000e+00  2.504688e-03) (   7.556740e+00   0.000000e+00 -3.056609e-04) (   1.133511e+01   0.000000e+00  1.055242e-02) (   1.511348e+01   0.000000e+00 -5.740923e-03) 
11.1	(   7.556740e-01   0.000000e+00 -1.875640e-02) (   3.778370e+00   0.000000e+00 -1.463875e-02) (   7.556740e+00   0.000000e+00  1.671625e-02) (   1.133511e+01   0.000000e+00 -5.918602e-03) (   1.511348e+01   0.000000e+00  3.423362e-03) 
11.2	(   7.556740e-01   0.000000e+00 -1.845107e-03) (   3.778370e+00   0.000000e+00 -3.099957e-02) (   7.556740e+00   0.000000e+00  3.195054e-02) (   1.133511e+01   0.000000e+00 -2.257191e-02) (   1.511348e+01   0.000000e+00  1.284998e-02) 
11.3	(   7.556740e-01   0.000000e+00  1.468137e-02) (   3.778370e+00   0.000000e+00 -4.500974e-02) (   7.556740e+00   0.000000e+00  4.433546e-02) (   1.133511e+01   0.000000e+00 -3.786291e-02) (   1.511348e+01   0.000000e+00  2.180411e-02) 
11.4	(   7.556740e-01   0.000000e+00  2.974762e-02) (   3.778370e+00   0.000000e+00 -5.526444e-02) (   7.556740e+00   0.000000e+00  5.307136e-02) (   1.133511e+01   0.000000e+00 -5.027094e-02) (   1.511348e+01   0.000000e+00  2.955488e-02) 
11.5	(   7.556740e-01   0.000000e+00  4.239207e-02) (   3.778370e+00   0.000000e+00 -6.076514e-02) (   7.556740e+00   0.000000e+00  5.766626e-02) (   1.133511e+01   0.000000e+00 -5.845494e-02) (   1.511348e+01   0.000000e+00  3.543970e-02) 
11.6	(   7.556740e-01   0.000000e+00  5.157051e-02) (   3.778370e+00   0.000000e+00 -6.107981e-02) (   7.556740e+00   0.000000e+00  5.787502e-02) (   1.133511e+01   0.000000e+00 -6.145891e-02) (   1.511348e+01   0.000000e+00  3.889674e-02) 
11.7	(   7.556740e-01   0.000000e+00  5.671895e-02) (   3.778370e+00   0.000000e+00 -5.618471e-02) (   7.556740e+00   0.000000e+00  5.371322e-02) (   1.133511e+01   0.000000e+00 -5.890681e-02) (   1.511348e+01   0.000000e+00  3.953433e-02) 
11.8	(   7.556740e-01   0.000000e+00  5.747929e-02) (   3.778370e+00   0.000000e+00 -4.656196e-02) (   7.556740e+00   0.000000e+00  4.548846e-02) (   1.133511e+01   0.000000e+00 -5.103863e-02) (   1.511348e+01   0.000000e+00  3.710164e-02) 
11.9	(   7.556740e-01   0.000000e+00  5.365849e-02) (   3.778370e+00   0.000000e+00 -3.308233e-02) (   7.556740e+00   0.000000e+00  3.374187e-02) (   1.133511e+01   0.000000e+00 -3.872713e-02) (   1.511348e+01   0.000000e+00  3.156846e-02) 
12	(   7.556740e-01   0.000000e+00  4.589045e-02) (   3.778370e+00   0.000000e+00 -1.694940e-02) (   7.556740e+00   0.000000e+00  1.924956e-02) (   1.133511e+01   0.000000e+00 -2.320194e-02) (   1.511348e+01   0.000000e+00  2.313801e-02) 
12.1	(   7.556740e-01   0.000000e+00  3.461769e-02) (   3.778370e+00   0.000000e+00  2.339867e-04) (   7.556740e+00   0.000000e+00  2.972680e-03) (   1.133511e+01   0.000000e+00 -5.953379e-03) (   1.511348e+01   0.000000e+00  1.222670e-02) 
12.2	(   7.556740e-01   0.000000e+00  2.038751e-02) (   3.778370e+00   0.000000e+00  1.687516e-02) (   7.556740e+00   0.000000e+00 -1.391968e-02) (   1.133511e+01   0.000000e+00  1.152131e-02) (   1.511348e+01   0.000000e+00 -4.897838e-04) 
12.3	(   7.556740e-01   0.000000e+00  4.165724e-03) (   3.778370e+00   0.000000e+00  3.170909e-02) (   7.556740e+00   0.000000e+00 -3.009508e-02) (   1.133511e+01   0.000000e+00  2.782948e-02) (   1.511348e+01   0.000000e+00 -1.409920e-02) 
12.4	(   7.556740e-01   0.000000e+00 -1.285551e-02) (   3.778370e+00   0.000000e+00  4.374654e-02) (   7.556740e+00   0.000000e+00 -4.416529e-02) (   1.133511e+01   0.000000e+00  4.173855e-02) (   1.511348e+01   0.000000e+00 -2.747738e-02) 
12.5	(   7.556740e-01   0.000000e+00 -2.912425e-02) (   3.778370e+00   0.000000e+00  5.227609e-02) (   7.556740e+00   0.000000e+00 -5.478763e-02) (   1.133511e+01   0.000000e+00  5.223976e-02) (   1.511348e+01   0.000000e+00 -3.935674e-02) 
12.6	(   7.556740e-01   0.000000e+00 -4.308684e-02) (   3.778370e+00   0.000000e+00  5.684287e-02) (   7.556740e+00   0.000000e+00 -6.083740e-02) (   1.133511e+01   0.000000e+00  5.861957e-02) (   1.511348e+01   0.000000e+00 -4.847677e-02) 
12.7	(   7.556740e-01   0.000000e+00 -5.362452e-02) (   3.778370e+00   0.000000e+00  5.717297e-02) (   7.556740e+00   0.000000e+00 -6.161459e-02) (   1.133511e+01   0.000000e+00  6.041424e-02) (   1.511348e+01   0.000000e+00 -5.370148e-02) 
12.8	(   7.556740e-01   0.000000e+00 -5.971947e-02) (   3.778370e+00   0.000000e+00  5.319910e-02) (   7.556740e+00   0.000000e+00 -5.697919e-02) (   1.133511e+01   0.000000e+00  5.746346e-02) (   1.511348e+01   0.000000e+00 -5.425761e-02) 
12.9	(   7.556740e-01   0.000000e+00 -6.095292e-02) (   3.778370e+00   0.000000e+00  4.507413e-02) (   7.556740e+00   0.000000e+00 -4.748145e-02) (   1.133511e+01   0.000000e+00  4.989637e-02) (   1.511348e+01   0.000000e+00 -4.978735e-02) 
13	(   7.556740e-01   0.000000e+00 -5.701912e-02) (   3.778370e+00   0.000000e+00  3.333060e-02) (   7.556740e+00   0.000000e+00 -3.410893e-02) (   1.133511e+01   0.000000e+00  3.817314e-02) (   1.511348e+01   0.000000e+00 -4.059899e-02) 
13.1	(   7.556740e-01   0.000000e+00 -4.793855e-02) (   3.778370e+00   0.000000e+00  1.869915e-02) (   7.556740e+00   0.000000e+00 -1.816977e-02) (   1.133511e+01   0.000000e+00  2.303243e-02) (   1.511348e+01   0.000000e+00 -2.754607e-02) 
13.2	(   7.556740e-01   0.000000e+00 -3.465327e-02) (   3.778370e+00   0.000000e+00  2.228483e-03) (   7.556740e+00   0.000000e+00 -1.086428e-03) (   1.133511e+01   0.000000e+00  5.557168e-03) (   1.511348e+01   0.000000e+00 -1.189935e-02) 
13.3	(   7.556740e-01   0.000000e+00 -1.878318e-02) (   3.778370e+00   0.000000e+00 -1.481758e-02) (   7.556740e+00   0.000000e+00  1.573104e-02) (   1.133511e+01   0.000000e+00 -1.284835e-02) (   1.511348e+01   0.000000e+00  4.846642e-03) 
13.4	(   7.556740e-01   0.000000e+00 -1.822921e-03) (   3.778370e+00   0.000000e+00 -3.103173e-02) (   7.556740e+00   0.000000e+00  3.098917e-02) (   1.133511e+01   0.000000e+00 -3.055583e-02) (   1.511348e+01   0.000000e+00  2.117903e-02) 
13.5	(   7.556740e-01   0.000000e+00  1.477078e-02) (   3.778370e+00   0.000000e+00 -4.494411e-02) (   7.556740e+00   0.000000e+00  4.357664e-02) (   1.133511e+01   0.000000e+00 -4.585304e-02) (   1.511348e+01   0.000000e+00  3.573050e-02) 
13.6	(   7.556740e-01   0.000000e+00  2.979677e-02) (   3.778370e+00   0.000000e+00 -5.518644e-02) (   7.556740e+00   0.000000e+00  5.261460e-02) (   1.133511e+01   0.000000e+00 -5.715820e-02) (   1.511348e+01   0.000000e+00  4.734406e-02) 
13.7	(   7.556740e-01   0.000000e+00  4.236497e-02) (   3.778370e+00   0.000000e+00 -6.075643e-02) (   7.556740e+00   0.000000e+00  5.753888e-02) (   1.133511e+01   0.000000e+00 -6.326401e-02) (   1.511348e+01   0.000000e+00  5.513128e-02) 
13.8	(   7.556740e-01   0.000000e+00  5.152115e-02) (   3.778370e+00   0.000000e+00 -6.114427e-02) (   7.556740e+00   0.000000e+00  5.803080e-02) (   1.133511e+01   0.000000e+00 -6.359548e-02) (   1.511348e+01   0.000000e+00  5.851964e-02) 
13.9	(   7.556740e-01   0.000000e+00  5.668160e-02) (   3.778370e+00   0.000000e+00 -5.617880e-02) (   7.556740e+00   0.000000e+00  5.406297e-02) (   1.133511e+01   0.000000e+00 -5.822083e-02) (   1.511348e+01   0.000000e+00  5.722493e-02) 
14	(   7.556740e-01   0.000000e+00  5.743757e-02) (   3.778370e+00   0.000000e+00 -4.638963e-02) (   7.556740e+00   0.000000e+00  4.591126e-02) (   1.133511e+01   0.000000e+00 -4.793769e-02) (   1.511348e+01   0.000000e+00  5.125884e-02) 
14.1	(   7.556740e-01   0.000000e+00  5.359346e-02) (   3.778370e+00   0.000000e+00 -3.286610e-02) (   7.556740e+00   0.000000e+00  3.411640e-02) (   1.133511e+01   0.000000e+00 -3.396628e-02) (   1.511348e+01   0.000000e+00  4.097403e-02) 
14.2	(   7.556740e-01   0.000000e+00  4.569142e-02) (   3.778370e+00   0.000000e+00 -1.684601e-02) (   7.556740e+00   0.000000e+00  1.949013e-02) (   1.133511e+01   0.000000e+00 -1.772898e-02) (   1.511348e+01   0.000000e+00  2.703887e-02) 
14.3	(   7.556740e-01   0.000000e+00  3.428725e-02) (   3.778370e+00   0.000000e+00  2.573642e-04) (   7.556740e+00   0.000000e+00  3.046357e-03) (   1.133511e+01   0.000000e+00 -6.648575e-04) (   1.511348e+01   0.000000e+00  1.042863e-02) 
14.4	(   7.556740e-01   0.000000e+00  1.999115e-02) (   3.778370e+00   0.000000e+00  1.692128e-02) (   7.556740e+00   0.000000e+00 -1.400514e-02) (   1.133511e+01   0.000000e+00  1.589350e-02) (   1.511348e+01   0.000000e+00 -7.571910e-03) 
14.5	(   7.556740e-01   0.000000e+00  3.842341e-03) (   3.778370e+00   0.000000e+00  3.181830e-02) (   7.556740e+00   0.000000e+00 -3.028880e-02) (   1.133511e+01   0.000000e+00  3.078342e-02) (   1.511348e+01   0.000000e+00 -2.544535e-02) 
14.6	(   7.556740e-01   0.000000e+00 -1.309814e-02) (   3.778370e+00   0.000000e+00  4.385840e-02) (   7.556740e+00   0.000000e+00 -4.439460e-02) (   1.133511e+01   0.000000e+00  4.302969e-02) (   1.511348e+01   0.000000e+00 -4.155060e-02) 
14.7	(   7.556740e-01   0.000000e+00 -2.940074e-02) (   3.778370e+00   0.000000e+00  5.229381e-02) (   7.556740e+00   0.000000e+00 -5.498071e-02) (   1.133511e+01   0.000000e+00  5.187877e-02) (   1.511348e+01   0.000000e+00 -5.430068e-02) 
14.8	(   7.556740e-01   0.000000e+00 -4.323735e-02) (   3.778370e+00   0.000000e+00  5.670677e-02) (   7.556740e+00   0.000000e+00 -6.096957e-02) (   1.133511e+01   0.000000e+00  5.680442e-02) (   1.511348e+01   0.000000e+00 -6.235904e-02) 
14.9	(   7.556740e-01   0.000000e+00 -5.353937e-02) (   3.778370e+00   0.000000e+00  5.690117e-02) (   7.556740e+00   0.000000e+00 -6.170905e-02) (   1.133511e+01   0.000000e+00  5.751892e-02) (   1.511348e+01   0.000000e+00 -6.483224e-02) 
15	(   7.556740e-01   0.000000e+00 -5.955574e-02) (   3.778370e+00   0.000000e+00  5.287951e-02) (   7.556740e+00   0.000000e+00 -5.705428e-02) (   1.133511e+01   0.000000e+00  5.394222e-02) (   1.511348e+01   0.000000e+00 -6.143864e-02) 
15.1	(   7.556740e-01   0.000000e+00 -6.071398e-02) (   3.778370e+00   0.000000e+00  4.479657e-02) (   7.556740e+00   0.000000e+00 -4.748927e-02) (   1.133511e+01   0.000000e+00  4.626893e-02) (   1.511348e+01   0.000000e+00 -5.257815e-02) 
15.2	(   7.556740e-01   0.000000e+00 -5.668966e-02) (   3.778370e+00   0.000000e+00  3.312683e-02) (   7.556740e+00   0.000000e+00 -3.395917e-02) (   1.133511e+01   0.000000e+00  3.494164e-02) (   1.511348e+01   0.000000e+00 -3.925661e-02) 
15.3	(   7.556740e-01   0.000000e+00 -4.780358e-02) (   3.778370e+00   0.000000e+00  1.852598e-02) (   7.556740e+00   0.000000e+00 -1.782526e-02) (   1.133511e+01   0.000000e+00  2.065548e-02) (   1.511348e+01   0.000000e+00 -2.281861e-02) 
15.4	(   7.556740e-01   0.000000e+00 -3.462168e-02) (   3.778370e+00   0.000000e+00  2.036447e-03) (   7.556740e+00   0.000000e+00 -6.235271e-04) (   1.133511e+01   0.000000e+00  4.372248e-03) (   1.511348e+01   0.000000e+00 -4.840714e-03) 
15.5	(   7.556740e-01   0.000000e+00 -1.871401e-02) (   3.778370e+00   0.000000e+00 -1.500285e-02) (   7.556740e+00   0.000000e+00  1.613967e-02) (   1.133511e+01   0.000000e+00 -1.270106e-02) (   1.511348e+01   0.000000e+00  1.310995e-02) 
15.6	(   7.556740e-01   0.000000e+00 -1.757057e-03) (   3.778370e+00   0.000000e+00 -3.111147e-02) (   7.556740e+00   0.000000e+00  3.116468e-02) (   1.133511e+01   0.000000e+00 -2.917219e-02) (   1.511348e+01   0.000000e+00  2.962041e-02) 
15.7	(   7.556740e-01   0.000000e+00  1.483037e-02) (   3.778370e+00   0.000000e+00 -4.491000e-02) (   7.556740e+00   0.000000e+00  4.343073e-02) (   1.133511e+01   0.000000e+00 -4.358606e-02) (   1.511348e+01   0.000000e+00  4.346921e-02) 
15.8	(   7.556740e-01   0.000000e+00  2.986901e-02) (   3.778370e+00   0.000000e+00 -5.514308e-02) (   7.556740e+00   0.000000e+00  5.218001e-02) (   1.133511e+01   0.000000e+00 -5.458542e-02) (   1.511348e+01   0.000000e+00  5.370357e-02) 
15.9	(   7.556740e-01   0.000000e+00  4.242601e-02) (   3.778370e+00   0.000000e+00 -6.073781e-02) (   7.556740e+00   0.000000e+00  5.693783e-02) (   1.133511e+01   0.000000e+00 -6.104809e-02) (   1.511348e+01   0.000000e+00  5.966001e-02) 
16	(   7.556740e-01   0.000000e+00  5.156524e-02) (   3.778370e+00   0.000000e+00 -6.107025e-02) (   7.556740e+00   0.000000e+00  5.743802e-02) (   1.133511e+01   0.000000e+00 -6.226600e-02) (   1.511348e+01   0.000000e+00  6.095239e-02) 
16.1	(   7.556740e-01   0.000000e+00  5.671502e-02) (   3.778370e+00   0.000000e+00 -5.605354e-02) (   7.556740e+00   0.000000e+00  5.363988e-02) (   1.133511e+01   0.000000e+00 -5.802840e-02) (   1.511348e+01   0.000000e+00  5.747559e-02) 
16.2	(   7.556740e-01   0.000000e+00  5.744497e-02) (   3.778370e+00   0.000000e+00 -4.629033e-02) (   7.556740e+00   0.000000e+00  4.573843e-02) (   1.133511e+01   0.000000e+00 -4.877201e-02) (   1.511348e+01   0.000000e+00  4.944735e-02) 
16.3	(   7.556740e-01   0.000000e+00  5.358684e-02) (   3.778370e+00   0.000000e+00 -3.278425e-02) (   7.556740e+00   0.000000e+00  3.415488e-02) (   1.133511e+01   0.000000e+00 -3.544519e-02) (   1.511348e+01   0.000000e+00  3.738176e-02) 
16.4	(   7.556740e-01   0.000000e+00  4.568182e-02) (   3.778370e+00   0.000000e+00 -1.673664e-02) (   7.556740e+00   0.000000e+00  1.958986e-02) (   1.133511e+01   0.000000e+00 -1.937924e-02) (   1.511348e+01   0.000000e+00  2.208056e-02) 
16.5	(   7.556740e-01   0.000000e+00  3.425553e-02) (   3.778370e+00   0.000000e+00  4.134641e-04) (   7.556740e+00   0.000000e+00  3.027799e-03) (   1.133511e+01   0.000000e+00 -2.074851e-03) (   1.511348e+01   0.000000e+00  4.658029e-03) 
16.6	(   7.556740e-01   0.000000e+00  1.989617e-02) (   3.778370e+00   0.000000e+00  1.709954e-02) (   7.556740e+00   0.000000e+00 -1.424124e-02) (   1.133511e+01   0.000000e+00  1.498753e-02) (   1.511348e+01   0.000000e+00 -1.348416e-02) 
16.7	(   7.556740e-01   0.000000e+00  3.747956e-03) (   3.778370e+00   0.000000e+00  3.198180e-02) (   7.556740e+00   0.000000e+00 -3.069365e-02) (   1.133511e+01   0.000000e+00  3.045467e-02) (   1.511348e+01   0.000000e+00 -3.075445e-02) 
16.8	(   7.556740e-01   0.000000e+00 -1.311454e-02) (   3.778370e+00   0.000000e+00  4.397587e-02) (   7.556740e+00   0.000000e+00 -4.479754e-02) (   1.133511e+01   0.000000e+00  4.321897e-02) (   1.511348e+01   0.000000e+00 -4.554318e-02) 
16.9	(   7.556740e-01   0.000000e+00 -2.942656e-02) (   3.778370e+00   0.000000e+00  5.233229e-02) (   7.556740e+00   0.000000e+00 -5.522604e-02) (   1.133511e+01   0.000000e+00  5.242249e-02) (   1.511348e+01   0.000000e+00 -5.639630e-02) 
17	(   7.556740e-01   0.000000e+00 -4.331867e-02) (   3.778370e+00   0.000000e+00  5.664741e-02) (   7.556740e+00   0.000000e+00 -6.100308e-02) (   1.133511e+01   0.000000e+00  5.751731e-02) (   1.511348e+01   0.000000e+00 -6.224489e-02) 
17.1	(   7.556740e-01   0.000000e+00 -5.352647e-02) (   3.778370e+00   0.000000e+00  5.674057e-02) (   7.556740e+00   0.000000e+00 -6.158040e-02) (   1.133511e+01   0.000000e+00  5.821890e-02) (   1.511348e+01   0.000000e+00 -6.258874e-02) 
17.2	(   7.556740e-01   0.000000e+00 -5.949869e-02) (   3.778370e+00   0.000000e+00  5.262665e-02) (   7.556740e+00   0.000000e+00 -5.685066e-02) (   1.133511e+01   0.000000e+00  5.448647e-02) (   1.511348e+01   0.000000e+00 -5.751864e-02) 
17.3	(   7.556740e-01   0.000000e+00 -6.070087e-02) (   3.778370e+00   0.000000e+00  4.449243e-02) (   7.556740e+00   0.000000e+00 -4.726957e-02) (   1.133511e+01   0.000000e+00  4.657667e-02) (   1.511348e+01   0.000000e+00 -4.775118e-02) 
17.4	(   7.556740e-01   0.000000e+00 -5.661887e-02) (   3.778370e+00   0.000000e+00  3.282134e-02) (   7.556740e+00   0.000000e+00 -3.374299e-02) (   1.133511e+01   0.000000e+00  3.499958e-02) (   1.511348e+01   0.000000e+00 -3.437645e-02) 
17.5	(   7.556740e-01   0.000000e+00 -4.777928e-02) (   3.778370e+00   0.000000e+00  1.827129e-02) (   7.556740e+00   0.000000e+00 -1.762409e-02) (   1.133511e+01   0.000000e+00  2.049955e-02) (   1.511348e+01   0.000000e+00 -1.869726e-02) 
17.6	(   7.556740e-01   0.000000e+00 -3.470711e-02) (   3.778370e+00   0.000000e+00  1.860808e-03) (   7.556740e+00   0.000000e+00 -4.414206e-04) (   1.133511e+01   0.000000e+00  4.066848e-03) (   1.511348e+01   0.000000e+00 -2.054588e-03) 
17.7	(   7.556740e-01   0.000000e+00 -1.878334e-02) (   3.778370e+00   0.000000e+00 -1.510124e-02) (   7.556740e+00   0.000000e+00  1.630186e-02) (   1.133511e+01   0.000000e+00 -1.308608e-02) (   1.511348e+01   0.000000e+00  1.427631e-02) 
17.8	(   7.556740e-01   0.000000e+00 -1.788224e-03) (   3.778370e+00   0.000000e+00 -3.115747e-02) (   7.556740e+00   0.000000e+00  3.130955e-02) (   1.133511e+01   0.000000e+00 -2.957351e-02) (   1.511348e+01   0.000000e+00  2.914601e-02) 
17.9	(   7.556740e-01   0.000000e+00  1.478589e-02) (   3.778370e+00   0.000000e+00 -4.489297e-02) (   7.556740e+00   0.000000e+00  4.355967e-02) (   1.133511e+01   0.000000e+00 -4.393587e-02) (   1.511348e+01   0.000000e+00  4.158718e-02) 
18	(   7.556740e-01   0.000000e+00  2.980668e-02) (   3.778370e+00   0.000000e+00 -5.506282e-02) (   7.556740e+00   0.000000e+00  5.229166e-02) (   1.133511e+01   0.000000e+00 -5.479572e-02) (   1.511348e+01   0.000000e+00  5.080963e-02) 
18.1	(   7.556740e-01   0.000000e+00  4.235257e-02) (   3.778370e+00   0.000000e+00 -6.064790e-02) (   7.556740e+00   0.000000e+00  5.701703e-02) (   1.133511e+01   0.000000e+00 -6.103281e-02) (   1.511348e+01   0.000000e+00  5.623295e-02) 
18.2	(   7.556740e-01   0.000000e+00  5.150772e-02) (   3.778370e+00   0.000000e+00 -6.100805e-02) (   7.556740e+00   0.000000e+00  5.747446e-02) (   1.133511e+01   0.000000e+00 -6.198098e-02) (   1.511348e+01   0.000000e+00  5.751573e-02) 
18.3	(   7.556740e-01   0.000000e+00  5.665250e-02) (   3.778370e+00   0.000000e+00 -5.599557e-02) (   7.556740e+00   0.000000e+00  5.361485e-02) (   1.133511e+01   0.000000e+00 -5.751073e-02) (   1.511348e+01   0.000000e+00  5.451467e-02) 
18.4	(   7.556740e-01   0.000000e+00  5.735291e-02) (   3.778370e+00   0.000000e+00 -4.623966e-02) (   7.556740e+00   0.000000e+00  4.564412e-02) (   1.133511e+01   0.000000e+00 -4.815476e-02) (   1.511348e+01   0.000000e+00  4.734632e-02) 
18.5	(   7.556740e-01   0.000000e+00  5.343938e-02) (   3.778370e+00   0.000000e+00 -3.276544e-02) (   7.556740e+00   0.000000e+00  3.400630e-02) (   1.133511e+01   0.000000e+00 -3.488206e-02) (   1.511348e+01   0.000000e+00  3.639234e-02) 
18.6	(   7.556740e-01   0.000000e+00  4.552733e-02) (   3.778370e+00   0.000000e+00 -1.672972e-02) (   7.556740e+00   0.000000e+00  1.942827e-02) (   1.133511e+01   0.000000e+00 -1.896768e-02) (   1.511348e+01   0.000000e+00  2.228912e-02) 
18.7	(   7.556740e-01   0.000000e+00  3.408445e-02) (   3.778370e+00   0.000000e+00  4.281672e-04) (   7.556740e+00   0.000000e+00  2.900214e-03) (   1.133511e+01   0.000000e+00 -1.842548e-03) (   1.511348e+01   0.000000e+00  5.947607e-03) 
18.8	(   7.556740e-01   0.000000e+00  1.969089e-02) (   3.778370e+00   0.000000e+00  1.714820e-02) (   7.556740e+00   0.000000e+00 -1.428612e-02) (   1.133511e+01   0.000000e+00  1.505633e-02) (   1.511348e+01   0.000000e+00 -1.142062e-02) 
18.9	(   7.556740e-01   0.000000e+00  3.517014e-03) (   3.778370e+00   0.000000e+00  3.207306e-02) (   7.556740e+00   0.000000e+00 -3.064747e-02) (   1.133511e+01   0.000000e+00  3.040760e-02) (   1.511348e+01   0.000000e+00 -2.838311e-02) 
19	(   7.556740e-01   0.000000e+00 -1.331107e-02) (   3.778370e+00   0.000000e+00  4.409547e-02) (   7.556740e+00   0.000000e+00 -4.469593e-02) (   1.133511e+01   0.000000e+00  4.309851e-02) (   1.511348e+01   0.000000e+00 -4.338800e-02) 
19.1	(   7.556740e-01   0.000000e+00 -2.954697e-02) (   3.778370e+00   0.000000e+00  5.244487e-02) (   7.556740e+00   0.000000e+00 -5.512342e-02) (   1.133511e+01   0.000000e+00  5.225622e-02) (   1.511348e+01   0.000000e+00 -5.492279e-02) 
19.2	(   7.556740e-01   0.000000e+00 -4.341984e-02) (   3.778370e+00   0.000000e+00  5.669844e-02) (   7.556740e+00   0.000000e+00 -6.096282e-02) (   1.133511e+01   0.000000e+00  5.731424e-02) (   1.511348e+01   0.000000e+00 -6.174614e-02) 
19.3	(   7.556740e-01   0.000000e+00 -5.355723e-02) (   3.778370e+00   0.000000e+00  5.669618e-02) (   7.556740e+00   0.000000e+00 -6.162533e-02) (   1.133511e+01   0.000000e+00  5.797039e-02) (   1.511348e+01   0.000000e+00 -6.310000e-02) 
19.4	(   7.556740e-01   0.000000e+00 -5.940691e-02) (   3.778370e+00   0.000000e+00  5.249423e-02) (   7.556740e+00   0.000000e+00 -5.691537e-02) (   1.133511e+01   0.000000e+00  5.418869e-02) (   1.511348e+01   0.000000e+00 -5.881409e-02) 
19.5	(   7.556740e-01   0.000000e+00 -6.058289e-02) (   3.778370e+00   0.000000e+00  4.431147e-02) (   7.556740e+00   0.000000e+00 -4.725594e-02) (   1.133511e+01   0.000000e+00  4.624021e-02) (   1.511348e+01   0.000000e+00 -4.943800e-02) 
19.6	(   7.556740e-01   0.000000e+00 -5.645871e-02) (   3.778370e+00   0.000000e+00  3.264284e-02) (   7.556740e+00   0.000000e+00 -3.362754e-02) (   1.133511e+01   0.000000e+00  3.465612e-02) (   1.511348e+01   0.000000e+00 -3.602158e-02) 
19.7	(   7.556740e-01   0.000000e+00 -4.760357e-02) (   3.778370e+00   0.000000e+00  1.812325e-02) (   7.556740e+00   0.000000e+00 -1.748051e-02) (   1.133511e+01   0.000000e+00  2.018110e-02) (   1.511348e+01   0.000000e+00 -1.991368e-02) 
19.8	(   7.556740e-01   0.000000e+00 -3.460898e-02) (   3.778370e+00   0.000000e+00  1.739604e-03) (   7.556740e+00   0.000000e+00 -3.628949e-04) (   1.133511e+01   0.000000e+00  3.802566e-03) (   1.511348e+01   0.000000e+00 -2.598279e-03) 
19.9	(   7.556740e-01   0.000000e+00 -1.871926e-02) (   3.778370e+00   0.000000e+00 -1.519771e-02) (   7.556740e+00   0.000000e+00  1.627366e-02) (   1.133511e+01   0.000000e+00 -1.328507e-02) (   1.511348e+01   0.000000e+00  1.448738e-02) 
20	(   7.556740e-01   0.000000e+00 -1.715559e-03) (   3.778370e+00   0.000000e+00 -3.121600e-02) (   7.556740e+00   0.000000e+00  3.119893e-02) (   1.133511e+01   0.000000e+00 -2.973128e-02) (   1.511348e+01   0.000000e+00  3.004827e-02) 
20.1	(   7.556740e-01   0.000000e+00  1.485246e-02) (   3.778370e+00   0.000000e+00 -4.493075e-02) (   7.556740e+00   0.000000e+00  4.341239e-02) (   1.133511e+01   0.000000e+00 -4.410574e-02) (   1.511348e+01   0.000000e+00  4.297900e-02) 
20.2	(   7.556740e-01   0.000000e+00  2.986712e-02) (   3.778370e+00   0.000000e+00 -5.511012e-02) (   7.556740e+00   0.000000e+00  5.212641e-02) (   1.133511e+01   0.000000e+00 -5.502160e-02) (   1.511348e+01   0.000000e+00  5.241462e-02) 
20.3	(   7.556740e-01   0.000000e+00  4.241407e-02) (   3.778370e+00   0.000000e+00 -6.070336e-02) (   7.556740e+00   0.000000e+00  5.683220e-02) (   1.133511e+01   0.000000e+00 -6.130745e-02) (   1.511348e+01   0.000000e+00  5.777336e-02) 
20.4	(   7.556740e-01   0.000000e+00  5.156127e-02) (   3.778370e+00   0.000000e+00 -6.105453e-02) (   7.556740e+00   0.000000e+00  5.722948e-02) (   1.133511e+01   0.000000e+00 -6.221762e-02) (   1.511348e+01   0.000000e+00  5.872396e-02) 
20.5	(   7.556740e-01   0.000000e+00  5.670313e-02) (   3.778370e+00   0.000000e+00 -5.602499e-02) (   7.556740e+00   0.000000e+00  5.328966e-02) (   1.133511e+01   0.000000e+00 -5.758698e-02) (   1.511348e+01   0.000000e+00  5.520286e-02) 
20.6	(   7.556740e-01   0.000000e+00  5.735564e-02) (   3.778370e+00   0.000000e+00 -4.623677e-02) (   7.556740e+00   0.000000e+00  4.523343e-02) (   1.133511e+01   0.000000e+00 -4.797512e-02) (   1.511348e+01   0.000000e+00  4.743469e-02) 
20.7	(   7.556740e-01   0.000000e+00  5.341251e-02) (   3.778370e+00   0.000000e+00 -3.273318e-02) (   7.556740e+00   0.000000e+00  3.356141e-02) (   1.133511e+01   0.000000e+00 -3.443737e-02) (   1.511348e+01   0.000000e+00  3.591941e-02) 
20.8	(   7.556740e-01   0.000000e+00  4.543420e-02) (   3.778370e+00   0.000000e+00 -1.671312e-02) (   7.556740e+00   0.000000e+00  1.903995e-02) (   1.133511e+01   0.000000e+00 -1.836646e-02) (   1.511348e+01   0.000000e+00  2.139768e-02) 
20.9	(   7.556740e-01   0.000000e+00  3.398507e-02) (   3.778370e+00   0.000000e+00  4.158005e-04) (   7.556740e+00   0.000000e+00  2.651327e-03) (   1.133511e+01   0.000000e+00 -1.242160e-03) (   1.511348e+01   0.000000e+00  4.883336e-03) 
21	(   7.556740e-01   0.000000e+00  1.959740e-02) (   3.778370e+00   0.000000e+00  1.711808e-02) (   7.556740e+00   0.000000e+00 -1.438616e-02) (   1.133511e+01   0.000000e+00  1.551819e-02) (   1.511348e+01   0.000000e+00 -1.238199e-02) 
21.1	(   7.556740e-01   0.000000e+00  3.441102e-03) (   3.778370e+00   0.000000e+00  3.204675e-02) (   7.556740e+00   0.000000e+00 -3.064317e-02) (   1.133511e+01   0.000000e+00  3.066059e-02) (   1.511348e+01   0.000000e+00 -2.901344e-02) 
21.2	(   7.556740e-01   0.000000e+00 -1.336773e-02) (   3.778370e+00   0.000000e+00  4.407205e-02) (   7.556740e+00   0.000000e+00 -4.464981e-02) (   1.133511e+01   0.000000e+00  4.314515e-02) (   1.511348e+01   0.000000e+00 -4.358062e-02) 
21.3	(   7.556740e-01   0.000000e+00 -2.959304e-02) (   3.778370e+00   0.000000e+00  5.240454e-02) (   7.556740e+00   0.000000e+00 -5.505673e-02) (   1.133511e+01   0.000000e+00  5.217863e-02) (   1.511348e+01   0.000000e+00 -5.473990e-02) 
21.4	(   7.556740e-01   0.000000e+00 -4.347135e-02) (   3.778370e+00   0.000000e+00  5.661912e-02) (   7.556740e+00   0.000000e+00 -6.084394e-02) (   1.133511e+01   0.000000e+00  5.720865e-02) (   1.511348e+01   0.000000e+00 -6.138218e-02) 
21.5	(   7.556740e-01   0.000000e+00 -5.359038e-02) (   3.778370e+00   0.000000e+00  5.656620e-02) (   7.556740e+00   0.000000e+00 -6.144375e-02) (   1.133511e+01   0.000000e+00  5.793590e-02) (   1.511348e+01   0.000000e+00 -6.278515e-02) 
21.6	(   7.556740e-01   0.000000e+00 -5.939187e-02) (   3.778370e+00   0.000000e+00  5.232386e-02) (   7.556740e+00   0.000000e+00 -5.671440e-02) (   1.133511e+01   0.000000e+00  5.428164e-02) (   1.511348e+01   0.000000e+00 -5.871530e-02) 
21.7	(   7.556740e-01   0.000000e+00 -6.060391e-02) (   3.778370e+00   0.000000e+00  4.412385e-02) (   7.556740e+00   0.000000e+00 -4.707436e-02) (   1.133511e+01   0.000000e+00  4.643320e-02) (   1.511348e+01   0.000000e+00 -4.958642e-02) 
21.8	(   7.556740e-01   0.000000e+00 -5.654047e-02) (   3.778370e+00   0.000000e+00  3.248114e-02) (   7.556740e+00   0.000000e+00 -3.343832e-02) (   1.133511e+01   0.000000e+00  3.485731e-02) (   1.511348e+01   0.000000e+00 -3.635787e-02) 
21.9	(   7.556740e-01   0.000000e+00 -4.772519e-02) (   3.778370e+00   0.000000e+00  1.801942e-02) (   7.556740e+00   0.000000e+00 -1.722245e-02) (   1.133511e+01   0.000000e+00  2.025997e-02) (   1.511348e+01   0.000000e+00 -2.035035e-02) 
22	(   7.556740e-01   0.000000e+00 -3.478471e-02) (   3.778370e+00   0.000000e+00  1.698876e-03) (   7.556740e+00   0.000000e+00  1.805509e-06) (   1.133511e+01   0.000000e+00  3.653284e-03) (   1.511348e+01   0.000000e+00 -3.074337e-03) 
22.1	(   7.556740e-01   0.000000e+00 -1.885942e-02) (   3.778370e+00   0.000000e+00 -1.518098e-02) (   7.556740e+00   0.000000e+00  1.672497e-02) (   1.133511e+01   0.000000e+00 -1.367889e-02) (   1.511348e+01   0.000000e+00  1.399986e-02) 
22.2	(   7.556740e-01   0.000000e+00 -1.751572e-03) (   3.778370e+00   0.000000e+00 -3.113024e-02) (   7.556740e+00   0.000000e+00  3.166929e-02) (   1.133511e+01   0.000000e+00 -3.025501e-02) (   1.511348e+01   0.000000e+00  2.954908e-02) 
22.3	(   7.556740e-01   0.000000e+00  1.487584e-02) (   3.778370e+00   0.000000e+00 -4.476177e-02) (   7.556740e+00   0.000000e+00  4.382372e-02) (   1.133511e+01   0.000000e+00 -4.456471e-02) (   1.511348e+01   0.000000e+00  4.246295e-02) 
22.4	(   7.556740e-01   0.000000e+00  2.988741e-02) (   3.778370e+00   0.000000e+00 -5.488788e-02) (   7.556740e+00   0.000000e+00  5.242962e-02) (   1.133511e+01   0.000000e+00 -5.528446e-02) (   1.511348e+01   0.000000e+00  5.190413e-02) 
22.5	(   7.556740e-01   0.000000e+00  4.239461e-02) (   3.778370e+00   0.000000e+00 -6.046418e-02) (   7.556740e+00   0.000000e+00  5.701282e-02) (   1.133511e+01   0.000000e+00 -6.140392e-02) (   1.511348e+01   0.000000e+00  5.729550e-02) 
22.6	(   7.556740e-01   0.000000e+00  5.153770e-02) (   3.778370e+00   0.000000e+00 -6.079466e-02) (   7.556740e+00   0.000000e+00  5.730447e-02) (   1.133511e+01   0.000000e+00 -6.231887e-02) (   1.511348e+01   0.000000e+00  5.832040e-02) 
22.7	(   7.556740e-01   0.000000e+00  5.668186e-02) (   3.778370e+00   0.000000e+00 -5.575438e-02) (   7.556740e+00   0.000000e+00  5.326781e-02) (   1.133511e+01   0.000000e+00 -5.784274e-02) (   1.511348e+01   0.000000e+00  5.491927e-02) 
22.8	(   7.556740e-01   0.000000e+00  5.735492e-02) (   3.778370e+00   0.000000e+00 -4.598733e-02) (   7.556740e+00   0.000000e+00  4.512827e-02) (   1.133511e+01   0.000000e+00 -4.837140e-02) (   1.511348e+01   0.000000e+00  4.730063e-02) 
22.9	(   7.556740e-01   0.000000e+00  5.342657e-02) (   3.778370e+00   0.000000e+00 -3.250447e-02) (   7.556740e+00   0.000000e+00  3.336667e-02) (   1.133511e+01   0.000000e+00 -3.484708e-02) (   1.511348e+01   0.000000e+00  3.594568e-02) 
23	(   7.556740e-01   0.000000e+00  4.543059e-02) (   3.778370e+00   0.000000e+00 -1.650262e-02) (   7.556740e+00   0.000000e+00  1.875075e-02) (   1.133511e+01   0.000000e+00 -1.867404e-02) (   1.511348e+01   0.000000e+00  2.157023e-02) 
23.1	(   7.556740e-01   0.000000e+00  3.393265e-02) (   3.778370e+00   0.000000e+00  5.954750e-04) (   7.556740e+00   0.000000e+00  2.282446e-03) (   1.133511e+01   0.000000e+00 -1.422047e-03) (   1.511348e+01   0.000000e+00  5.156929e-03) 
23.2	(   7.556740e-01   0.000000e+00  1.952678e-02) (   3.778370e+00   0.000000e+00  1.725492e-02) (   7.556740e+00   0.000000e+00 -1.477311e-02) (   1.133511e+01   0.000000e+00  1.541883e-02) (   1.511348e+01   0.000000e+00 -1.205816e-02) 
23.3	(   7.556740e-01   0.000000e+00  3.380995e-03) (   3.778370e+00   0.000000e+00  3.213209e-02) (   7.556740e+00   0.000000e+00 -3.100265e-02) (   1.133511e+01   0.000000e+00  3.057866e-02) (   1.511348e+01   0.000000e+00 -2.867023e-02) 
23.4	(   7.556740e-01   0.000000e+00 -1.338315e-02) (   3.778370e+00   0.000000e+00  4.410411e-02) (   7.556740e+00   0.000000e+00 -4.500032e-02) (   1.133511e+01   0.000000e+00  4.304648e-02) (   1.511348e+01   0.000000e+00 -4.320013e-02) 
23.5	(   7.556740e-01   0.000000e+00 -2.955066e-02) (   3.778370e+00   0.000000e+00  5.237617e-02) (   7.556740e+00   0.000000e+00 -5.544294e-02) (   1.133511e+01   0.000000e+00  5.206029e-02) (   1.511348e+01   0.000000e+00 -5.425732e-02) 
23.6	(   7.556740e-01   0.000000e+00 -4.338800e-02) (   3.778370e+00   0.000000e+00  5.652089e-02) (   7.556740e+00   0.000000e+00 -6.124231e-02) (   1.133511e+01   0.000000e+00  5.709349e-02) (   1.511348e+01   0.000000e+00 -6.072692e-02) 
23.7	(   7.556740e-01   0.000000e+00 -5.344936e-02) (   3.778370e+00   0.000000e+00  5.637986e-02) (   7.556740e+00   0.000000e+00 -6.179833e-02) (   1.133511e+01   0.000000e+00  5.785852e-02) (   1.511348e+01   0.000000e+00 -6.192522e-02) 
23.8	(   7.556740e-01   0.000000e+00 -5.918153e-02) (   3.778370e+00   0.000000e+00  5.204320e-02) (   7.556740e+00   0.000000e+00 -5.704182e-02) (   1.133511e+01   0.000000e+00  5.427010e-02) (   1.511348e+01   0.000000e+00 -5.769979e-02) 
23.9	(   7.556740e-01   0.000000e+00 -6.040996e-02) (   3.778370e+00   0.000000e+00  4.376782e-02) (   7.556740e+00   0.000000e+00 -4.743110e-02) (   1.133511e+01   0.000000e+00  4.650987e-02) (   1.511348e+01   0.000000e+00 -4.852252e-02) 
24	(   7.556740e-01   0.000000e+00 -5.640144e-02) (   3.778370e+00   0.000000e+00  3.206501e-02) (   7.556740e+00   0.000000e+00 -3.380155e-02) (   1.133511e+01   0.000000e+00  3.501990e-02) (   1.511348e+01   0.000000e+00 -3.535269e-02) 
24.1	(   7.556740e-01   0.000000e+00 -4.762107e-02) (   3.778370e+00   0.000000e+00  1.757044e-02) (   7.556740e+00   0.000000e+00 -1.751043e-02) (   1.133511e+01   0.000000e+00  2.052504e-02) (   1.511348e+01   0.000000e+00 -1.948104e-02) 
24.2	(   7.556740e-01   0.000000e+00 -3.477135e-02) (   3.778370e+00   0.000000e+00  1.243168e-03) (   7.556740e+00   0.000000e+00 -1.663131e-04) (   1.133511e+01   0.000000e+00  4.037932e-03) (   1.511348e+01   0.000000e+00 -2.378342e-03) 
24.3	(   7.556740e-01   0.000000e+00 -1.892430e-02) (   3.778370e+00   0.000000e+00 -1.562531e-02) (   7.556740e+00   0.000000e+00  1.665974e-02) (   1.133511e+01   0.000000e+00 -1.315882e-02) (   1.511348e+01   0.000000e+00  1.448989e-02) 
24.4	(   7.556740e-01   0.000000e+00 -1.834473e-03) (   3.778370e+00   0.000000e+00 -3.154874e-02) (   7.556740e+00   0.000000e+00  3.166678e-02) (   1.133511e+01   0.000000e+00 -2.961521e-02) (   1.511348e+01   0.000000e+00  2.980284e-02) 
24.5	(   7.556740e-01   0.000000e+00  1.476089e-02) (   3.778370e+00   0.000000e+00 -4.514452e-02) (   7.556740e+00   0.000000e+00  4.385402e-02) (   1.133511e+01   0.000000e+00 -4.387819e-02) (   1.511348e+01   0.000000e+00  4.244824e-02) 
24.6	(   7.556740e-01   0.000000e+00  2.970643e-02) (   3.778370e+00   0.000000e+00 -5.523320e-02) (   7.556740e+00   0.000000e+00  5.248696e-02) (   1.133511e+01   0.000000e+00 -5.464615e-02) (   1.511348e+01   0.000000e+00  5.159327e-02) 
24.7	(   7.556740e-01   0.000000e+00  4.218380e-02) (   3.778370e+00   0.000000e+00 -6.078542e-02) (   7.556740e+00   0.000000e+00  5.710164e-02) (   1.133511e+01   0.000000e+00 -6.087330e-02) (   1.511348e+01   0.000000e+00  5.668755e-02) 
24.8	(   7.556740e-01   0.000000e+00  5.131469e-02) (   3.778370e+00   0.000000e+00 -6.107206e-02) (   7.556740e+00   0.000000e+00  5.742693e-02) (   1.133511e+01   0.000000e+00 -6.189030e-02) (   1.511348e+01   0.000000e+00  5.745009e-02) 
24.9	(   7.556740e-01   0.000000e+00  5.645375e-02) (   3.778370e+00   0.000000e+00 -5.595494e-02) (   7.556740e+00   0.000000e+00  5.343043e-02) (   1.133511e+01   0.000000e+00 -5.745718e-02) (   1.511348e+01   0.000000e+00  5.383915e-02) 
25	(   7.556740e-01   0.000000e+00  5.708380e-02) (   3.778370e+00   0.000000e+00 -4.611650e-02) (   7.556740e+00   0.000000e+00  4.533132e-02) (   1.133511e+01   0.000000e+00 -4.800318e-02) (   1.511348e+01   0.000000e+00  4.610838e-02) 
25.1	(   7.556740e-01   0.000000e+00  5.309075e-02) (   3.778370e+00   0.000000e+00 -3.255255e-02) (   7.556740e+00   0.000000e+00  3.362986e-02) (   1.133511e+01   0.000000e+00 -3.452302e-02) (   1.511348e+01   0.000000e+00  3.473787e-02) 
25.2	(   7.556740e-01   0.000000e+00  4.504091e-02) (   3.778370e+00   0.000000e+00 -1.643935e-02) (   7.556740e+00   0.000000e+00  1.909660e-02) (   1.133511e+01   0.000000e+00 -1.844941e-02) (   1.511348e+01   0.000000e+00  2.043103e-02) 
25.3	(   7.556740e-01   0.000000e+00  3.350935e-02) (   3.778370e+00   0.000000e+00  7.668939e-04) (   7.556740e+00   0.000000e+00  2.721448e-03) (   1.133511e+01   0.000000e+00 -1.345816e-03) (   1.511348e+01   0.000000e+00  4.131391e-03) 
25.4	(   7.556740e-01   0.000000e+00  1.913399e-02) (   3.778370e+00   0.000000e+00  1.750074e-02) (   7.556740e+00   0.000000e+00 -1.427150e-02) (   1.133511e+01   0.000000e+00  1.532378e-02) (   1.511348e+01   0.000000e+00 -1.298151e-02) 
25.5	(   7.556740e-01   0.000000e+00  3.062915e-03) (   3.778370e+00   0.000000e+00  3.242359e-02) (   7.556740e+00   0.000000e+00 -3.049784e-02) (   1.133511e+01   0.000000e+00  3.031469e-02) (   1.511348e+01   0.000000e+00 -2.954017e-02) 
25.6	(   7.556740e-01   0.000000e+00 -1.364645e-02) (   3.778370e+00   0.000000e+00  4.441970e-02) (   7.556740e+00   0.000000e+00 -4.452992e-02) (   1.133511e+01   0.000000e+00  4.262277e-02) (   1.511348e+01   0.000000e+00 -4.404826e-02) 
25.7	(   7.556740e-01   0.000000e+00 -2.974403e-02) (   3.778370e+00   0.000000e+00  5.270256e-02) (   7.556740e+00   0.000000e+00 -5.501232e-02) (   1.133511e+01   0.000000e+00  5.148013e-02) (   1.511348e+01   0.000000e+00 -5.504695e-02) 
25.8	(   7.556740e-01   0.000000e+00 -4.345860e-02) (   3.778370e+00   0.000000e+00  5.684957e-02) (   7.556740e+00   0.000000e+00 -6.086209e-02) (   1.133511e+01   0.000000e+00  5.636711e-02) (   1.511348e+01   0.000000e+00 -6.132715e-02) 
25.9	(   7.556740e-01   0.000000e+00 -5.337356e-02) (   3.778370e+00   0.000000e+00  5.671123e-02) (   7.556740e+00   0.000000e+00 -6.148719e-02) (   1.133511e+01   0.000000e+00  5.698605e-02) (   1.511348e+01   0.000000e+00 -6.216461e-02) 
26	(   7.556740e-01   0.000000e+00 -5.896155e-02) (   3.778370e+00   0.000000e+00  5.237166e-02) (   7.556740e+00   0.000000e+00 -5.681105e-02) (   1.133511e+01   0.000000e+00  5.326829e-02) (   1.511348e+01   0.000000e+00 -5.745228e-02) 
26.1	(   7.556740e-01   0.000000e+00 -6.010068e-02) (   3.778370e+00   0.000000e+00  4.409452e-02) (   7.556740e+00   0.000000e+00 -4.730181e-02) (   1.133511e+01   0.000000e+00  4.540650e-02) (   1.511348e+01   0.000000e+00 -4.780070e-02) 
26.2	(   7.556740e-01   0.000000e+00 -5.606958e-02) (   3.778370e+00   0.000000e+00  3.239851e-02) (   7.556740e+00   0.000000e+00 -3.380767e-02) (   1.133511e+01   0.000000e+00  3.388827e-02) (   1.511348e+01   0.000000e+00 -3.427566e-02) 
26.3	(   7.556740e-01   0.000000e+00 -4.728552e-02) (   3.778370e+00   0.000000e+00  1.791580e-02) (   7.556740e+00   0.000000e+00 -1.766410e-02) (   1.133511e+01   0.000000e+00  1.945737e-02) (   1.511348e+01   0.000000e+00 -1.822988e-02) 
26.4	(   7.556740e-01   0.000000e+00 -3.444208e-02) (   3.778370e+00   0.000000e+00  1.588138e-03) (   7.556740e+00   0.000000e+00 -4.495548e-04) (   1.133511e+01   0.000000e+00  3.141357e-03) (   1.511348e+01   0.000000e+00 -1.092866e-03) 
26.5	(   7.556740e-01   0.000000e+00 -1.856367e-02) (   3.778370e+00   0.000000e+00 -1.530598e-02) (   7.556740e+00   0.000000e+00  1.627137e-02) (   1.133511e+01   0.000000e+00 -1.378983e-02) (   1.511348e+01   0.000000e+00  1.573692e-02) 
26.6	(   7.556740e-01   0.000000e+00 -1.412643e-03) (   3.778370e+00   0.000000e+00 -3.128155e-02) (   7.556740e+00   0.000000e+00  3.118009e-02) (   1.133511e+01   0.000000e+00 -2.993955e-02) (   1.511348e+01   0.000000e+00  3.098762e-02) 
26.7	(   7.556740e-01   0.000000e+00  1.521821e-02) (   3.778370e+00   0.000000e+00 -4.496455e-02) (   7.556740e+00   0.000000e+00  4.326650e-02) (   1.133511e+01   0.000000e+00 -4.392259e-02) (   1.511348e+01   0.000000e+00  4.359860e-02) 
26.8	(   7.556740e-01   0.000000e+00  3.014659e-02) (   3.778370e+00   0.000000e+00 -5.515434e-02) (   7.556740e+00   0.000000e+00  5.180367e-02) (   1.133511e+01   0.000000e+00 -5.447270e-02) (   1.511348e+01   0.000000e+00  5.271724e-02) 
26.9	(   7.556740e-01   0.000000e+00  4.256425e-02) (   3.778370e+00   0.000000e+00 -6.079423e-02) (   7.556740e+00   0.000000e+00  5.634482e-02) (   1.133511e+01   0.000000e+00 -6.051460e-02) (   1.511348e+01   0.000000e+00  5.777310e-02) 
27	(   7.556740e-01   0.000000e+00  5.162520e-02) (   3.778370e+00   0.000000e+00 -6.115312e-02) (   7.556740e+00   0.000000e+00  5.663700e-02) (   1.133511e+01   0.000000e+00 -6.131848e-02) (   1.511348e+01   0.000000e+00  5.843454e-02) 
27.1	(   7.556740e-01   0.000000e+00  5.671164e-02) (   3.778370e+00   0.000000e+00 -5.611794e-02) (   7.556740e+00   0.000000e+00  5.264500e-02) (   1.133511e+01   0.000000e+00 -5.663627e-02) (   1.511348e+01   0.000000e+00  5.463264e-02) 
27.2	(   7.556740e-01   0.000000e+00  5.731018e-02) (   3.778370e+00   0.000000e+00 -4.638717e-02) (   7.556740e+00   0.000000e+00  4.459804e-02) (   1.133511e+01   0.000000e+00 -4.695425e-02) (   1.511348e+01   0.000000e+00  4.659265e-02) 
27.3	(   7.556740e-01   0.000000e+00  5.329437e-02) (   3.778370e+00   0.000000e+00 -3.294309e-02) (   7.556740e+00   0.000000e+00  3.299494e-02) (   1.133511e+01   0.000000e+00 -3.331951e-02) (   1.511348e+01   0.000000e+00  3.480938e-02) 
27.4	(   7.556740e-01   0.000000e+00  4.516762e-02) (   3.778370e+00   0.000000e+00 -1.692419e-02) (   7.556740e+00   0.000000e+00  1.858725e-02) (   1.133511e+01   0.000000e+00 -1.716840e-02) (   1.511348e+01   0.000000e+00  2.003724e-02) 
27.5	(   7.556740e-01   0.000000e+00  3.353819e-02) (   3.778370e+00   0.000000e+00  2.373075e-04) (   7.556740e+00   0.000000e+00  2.381579e-03) (   1.133511e+01   0.000000e+00 -2.349544e-05) (   1.511348e+01   0.000000e+00  3.298039e-03) 
27.6	(   7.556740e-01   0.000000e+00  1.904518e-02) (   3.778370e+00   0.000000e+00  1.694531e-02) (   7.556740e+00   0.000000e+00 -1.440762e-02) (   1.133511e+01   0.000000e+00  1.665285e-02) (   1.511348e+01   0.000000e+00 -1.414469e-02) 
27.7	(   7.556740e-01   0.000000e+00  2.880441e-03) (   3.778370e+00   0.000000e+00  3.183486e-02) (   7.556740e+00   0.000000e+00 -3.040823e-02) (   1.133511e+01   0.000000e+00  3.159330e-02) (   1.511348e+01   0.000000e+00 -3.085773e-02) 
27.8	(   7.556740e-01   0.000000e+00 -1.391700e-02) (   3.778370e+00   0.000000e+00  4.380145e-02) (   7.556740e+00   0.000000e+00 -4.422572e-02) (   1.133511e+01   0.000000e+00  4.376924e-02) (   1.511348e+01   0.000000e+00 -4.539097e-02) 
27.9	(   7.556740e-01   0.000000e+00 -3.011212e-02) (   3.778370e+00   0.000000e+00  5.206773e-02) (   7.556740e+00   0.000000e+00 -5.451221e-02) (   1.133511e+01   0.000000e+00  5.239833e-02) (   1.511348e+01   0.000000e+00 -5.639019e-02) 
28	(   7.556740e-01   0.000000e+00 -4.393232e-02) (   3.778370e+00   0.000000e+00  5.622580e-02) (   7.556740e+00   0.000000e+00 -6.017872e-02) (   1.133511e+01   0.000000e+00  5.698102e-02) (   1.511348e+01   0.000000e+00 -6.272922e-02) 
28.1	(   7.556740e-01   0.000000e+00 -5.393261e-02) (   3.778370e+00   0.000000e+00  5.613141e-02) (   7.556740e+00   0.000000e+00 -6.061654e-02) (   1.133511e+01   0.000000e+00  5.725037e-02) (   1.511348e+01   0.000000e+00 -6.369719e-02) 
28.2	(   7.556740e-01   0.000000e+00 -5.956712e-02) (   3.778370e+00   0.000000e+00  5.188332e-02) (   7.556740e+00   0.000000e+00 -5.577544e-02) (   1.133511e+01   0.000000e+00  5.317218e-02) (   1.511348e+01   0.000000e+00 -5.906800e-02) 
28.3	(   7.556740e-01   0.000000e+00 -6.075330e-02) (   3.778370e+00   0.000000e+00  4.374582e-02) (   7.556740e+00   0.000000e+00 -4.616141e-02) (   1.133511e+01   0.000000e+00  4.499144e-02) (   1.511348e+01   0.000000e+00 -4.929995e-02) 
28.4	(   7.556740e-01   0.000000e+00 -5.673079e-02) (   3.778370e+00   0.000000e+00  3.223475e-02) (   7.556740e+00   0.000000e+00 -3.261667e-02) (   1.133511e+01   0.000000e+00  3.321059e-02) (   1.511348e+01   0.000000e+00 -3.542108e-02) 
28.5	(   7.556740e-01   0.000000e+00 -4.787674e-02) (   3.778370e+00   0.000000e+00  1.795743e-02) (   7.556740e+00   0.000000e+00 -1.646124e-02) (   1.133511e+01   0.000000e+00  1.855439e-02) (   1.511348e+01   0.000000e+00 -1.887084e-02) 
28.6	(   7.556740e-01   0.000000e+00 -3.495637e-02) (   3.778370e+00   0.000000e+00  1.844302e-03) (   7.556740e+00   0.000000e+00  7.124867e-04) (   1.133511e+01   0.000000e+00  2.036091e-03) (   1.511348e+01   0.000000e+00 -1.209790e-03) 
28.7	(   7.556740e-01   0.000000e+00 -1.898996e-02) (   3.778370e+00   0.000000e+00 -1.483033e-02) (   7.556740e+00   0.000000e+00  1.732705e-02) (   1.133511e+01   0.000000e+00 -1.508031e-02) (   1.511348e+01   0.000000e+00  1.606327e-02) 
28.8	(   7.556740e-01   0.000000e+00 -1.720551e-03) (   3.778370e+00   0.000000e+00 -3.059605e-02) (   7.556740e+00   0.000000e+00  3.206696e-02) (   1.133511e+01   0.000000e+00 -3.136817e-02) (   1.511348e+01   0.000000e+00  3.165339e-02) 
28.9	(   7.556740e-01   0.000000e+00  1.503443e-02) (   3.778370e+00   0.000000e+00 -4.409332e-02) (   7.556740e+00   0.000000e+00  4.392013e-02) (   1.133511e+01   0.000000e+00 -4.539364e-02) (   1.511348e+01   0.000000e+00  4.452045e-02) 
29	(   7.556740e-01   0.000000e+00  3.009008e-02) (   3.778370e+00   0.000000e+00 -5.414879e-02) (   7.556740e+00   0.000000e+00  5.218235e-02) (   1.133511e+01   0.000000e+00 -5.587963e-02) (   1.511348e+01   0.000000e+00  5.385110e-02) 
29.1	(   7.556740e-01   0.000000e+00  4.260932e-02) (   3.778370e+00   0.000000e+00 -5.971483e-02) (   7.556740e+00   0.000000e+00  5.642648e-02) (   1.133511e+01   0.000000e+00 -6.180552e-02) (   1.511348e+01   0.000000e+00  5.909881e-02) 
29.2	(   7.556740e-01   0.000000e+00  5.180615e-02) (   3.778370e+00   0.000000e+00 -6.005563e-02) (   7.556740e+00   0.000000e+00  5.641283e-02) (   1.133511e+01   0.000000e+00 -6.248654e-02) (   1.511348e+01   0.000000e+00  5.994220e-02) 
29.3	(   7.556740e-01   0.000000e+00  5.702853e-02) (   3.778370e+00   0.000000e+00 -5.505488e-02) (   7.556740e+00   0.000000e+00  5.214303e-02) (   1.133511e+01   0.000000e+00 -5.764470e-02) (   1.511348e+01   0.000000e+00  5.627999e-02) 
29.4	(   7.556740e-01   0.000000e+00  5.773750e-02) (   3.778370e+00   0.000000e+00 -4.539626e-02) (   7.556740e+00   0.000000e+00  4.385517e-02) (   1.133511e+01   0.000000e+00 -4.770098e-02) (   1.511348e+01   0.000000e+00  4.831411e-02) 
29.5	(   7.556740e-01   0.000000e+00  5.381483e-02) (   3.778370e+00   0.000000e+00 -3.203224e-02) (   7.556740e+00   0.000000e+00  3.205262e-02) (   1.133511e+01   0.000000e+00 -3.369643e-02) (   1.511348e+01   0.000000e+00  3.650253e-02) 
29.6	(   7.556740e-01   0.000000e+00  4.574908e-02) (   3.778370e+00   0.000000e+00 -1.610846e-02) (   7.556740e+00   0.000000e+00  1.750152e-02) (   1.133511e+01   0.000000e+00 -1.711941e-02) (   1.511348e+01   0.000000e+00  2.158372e-02) 
29.7	(   7.556740e-01   0.000000e+00  3.420145e-02) (   3.778370e+00   0.000000e+00  9.247163e-04) (   7.556740e+00   0.000000e+00  1.210443e-03) (   1.133511e+01   0.000000e+00  4.428636e-04) (   1.511348e+01   0.000000e+00  4.598413e-03) 
29.8	(   7.556740e-01   0.000000e+00  1.980516e-02) (   3.778370e+00   0.000000e+00  1.746386e-02) (   7.556740e+00   0.000000e+00 -1.560424e-02) (   1.133511e+01   0.000000e+00  1.748916e-02) (   1.511348e+01   0.000000e+00 -1.314404e-02) 
29.9	(   7.556740e-01   0.000000e+00  3.726725e-03) (   3.778370e+00   0.000000e+00  3.214821e-02) (   7.556740e+00   0.000000e+00 -3.157153e-02) (   1.133511e+01   0.000000e+00  3.274449e-02) (   1.511348e+01   0.000000e+00 -3.019199e-02) 
30	(   7.556740e-01   0.000000e+00 -1.303768e-02) (   3.778370e+00   0.000000e+00  4.386600e-02) (   7.556740e+00   0.000000e+00 -4.531719e-02) (   1.133511e+01   0.000000e+00  4.517877e-02) (   1.511348e+01   0.000000e+00 -4.508931e-02) 
30.1	(   7.556740e-01   0.000000e+00 -2.926906e-02) (   3.778370e+00   0.000000e+00  5.187308e-02) (   7.556740e+00   0.000000e+00 -5.549762e-02) (   1.133511e+01   0.000000e+00  5.400191e-02) (   1.511348e+01   0.000000e+00 -5.650360e-02) 
30.2	(   7.556740e-01   0.000000e+00 -4.314222e-02) (   3.778370e+00   0.000000e+00  5.577108e-02) (   7.556740e+00   0.000000e+00 -6.101306e-02) (   1.133511e+01   0.000000e+00  5.869835e-02) (   1.511348e+01   0.000000e+00 -6.331706e-02) 
30.3	(   7.556740e-01   0.000000e+00 -5.321346e-02) (   3.778370e+00   0.000000e+00  5.544559e-02) (   7.556740e+00   0.000000e+00 -6.124024e-02) (   1.133511e+01   0.000000e+00  5.899145e-02) (   1.511348e+01   0.000000e+00 -6.475630e-02) 
30.4	(   7.556740e-01   0.000000e+00 -5.898764e-02) (   3.778370e+00   0.000000e+00  5.100803e-02) (   7.556740e+00   0.000000e+00 -5.611462e-02) (   1.133511e+01   0.000000e+00  5.485727e-02) (   1.511348e+01   0.000000e+00 -6.050969e-02) 
30.5	(   7.556740e-01   0.000000e+00 -6.034404e-02) (   3.778370e+00   0.000000e+00  4.272808e-02) (   7.556740e+00   0.000000e+00 -4.616774e-02) (   1.133511e+01   0.000000e+00  4.654116e-02) (   1.511348e+01   0.000000e+00 -5.098447e-02) 
30.6	(   7.556740e-01   0.000000e+00 -5.654300e-02) (   3.778370e+00   0.000000e+00  3.111771e-02) (   7.556740e+00   0.000000e+00 -3.228783e-02) (   1.133511e+01   0.000000e+00  3.455185e-02) (   1.511348e+01   0.000000e+00 -3.725239e-02) 
30.7	(   7.556740e-01   0.000000e+00 -4.793318e-02) (   3.778370e+00   0.000000e+00  1.679809e-02) (   7.556740e+00   0.000000e+00 -1.580862e-02) (   1.133511e+01   0.000000e+00  1.962229e-02) (   1.511348e+01   0.000000e+00 -2.075491e-02) 
30.8	(   7.556740e-01   0.000000e+00 -3.523941e-02) (   3.778370e+00   0.000000e+00  7.041331e-04) (   7.556740e+00   0.000000e+00  1.665446e-03) (   1.133511e+01   0.000000e+00  2.781012e-03) (   1.511348e+01   0.000000e+00 -3.068242e-03) 
30.9	(   7.556740e-01   0.000000e+00 -1.944330e-02) (   3.778370e+00   0.000000e+00 -1.588789e-02) (   7.556740e+00   0.000000e+00  1.853374e-02) (   1.133511e+01   0.000000e+00 -1.471606e-02) (   1.511348e+01   0.000000e+00  1.435509e-02) 
31	(   7.556740e-01   0.000000e+00 -2.280229e-03) (   3.778370e+00   0.000000e+00 -3.152056e-02) (   7.556740e+00   0.000000e+00  3.345597e-02) (   1.133511e+01   0.000000e+00 -3.142764e-02) (   1.511348e+01   0.000000e+00  3.024638e-02) 
31.1	(   7.556740e-01   0.000000e+00  1.440252e-02) (   3.778370e+00   0.000000e+00 -4.483570e-02) (   7.556740e+00   0.000000e+00  4.542220e-02) (   1.133511e+01   0.000000e+00 -4.587834e-02) (   1.511348e+01   0.000000e+00  4.351920e-02) 
31.2	(   7.556740e-01   0.000000e+00  2.937904e-02) (   3.778370e+00   0.000000e+00 -5.466092e-02) (   7.556740e+00   0.000000e+00  5.371324e-02) (   1.133511e+01   0.000000e+00 -5.675011e-02) (   1.511348e+01   0.000000e+00  5.334479e-02) 
31.3	(   7.556740e-01   0.000000e+00  4.184871e-02) (   3.778370e+00   0.000000e+00 -5.993137e-02) (   7.556740e+00   0.000000e+00  5.791694e-02) (   1.133511e+01   0.000000e+00 -6.297787e-02) (   1.511348e+01   0.000000e+00  5.911756e-02) 
31.4	(   7.556740e-01   0.000000e+00  5.104108e-02) (   3.778370e+00   0.000000e+00 -5.991579e-02) (   7.556740e+00   0.000000e+00  5.780924e-02) (   1.133511e+01   0.000000e+00 -6.389926e-02) (   1.511348e+01   0.000000e+00  6.046640e-02) 
31.5	(   7.556740e-01   0.000000e+00  5.629287e-02) (   3.778370e+00   0.000000e+00 -5.456259e-02) (   7.556740e+00   0.000000e+00  5.338338e-02) (   1.133511e+01   0.000000e+00 -5.926143e-02) (   1.511348e+01   0.000000e+00  5.728353e-02) 
31.6	(   7.556740e-01   0.000000e+00  5.702388e-02) (   3.778370e+00   0.000000e+00 -4.461616e-02) (   7.556740e+00   0.000000e+00  4.488311e-02) (   1.133511e+01   0.000000e+00 -4.945953e-02) (   1.511348e+01   0.000000e+00  4.975259e-02) 
31.7	(   7.556740e-01   0.000000e+00  5.310908e-02) (   3.778370e+00   0.000000e+00 -3.102588e-02) (   7.556740e+00   0.000000e+00  3.280382e-02) (   1.133511e+01   0.000000e+00 -3.549173e-02) (   1.511348e+01   0.000000e+00  3.832819e-02) 
31.8	(   7.556740e-01   0.000000e+00  4.510967e-02) (   3.778370e+00   0.000000e+00 -1.489011e-02) (   7.556740e+00   0.000000e+00  1.794501e-02) (   1.133511e+01   0.000000e+00 -1.881531e-02) (   1.511348e+01   0.000000e+00  2.374200e-02) 
31.9	(   7.556740e-01   0.000000e+00  3.360598e-02) (   3.778370e+00   0.000000e+00  2.316577e-03) (   7.556740e+00   0.000000e+00  1.311852e-03) (   1.133511e+01   0.000000e+00 -1.038419e-03) (   1.511348e+01   0.000000e+00  7.020457e-03) 
32	(   7.556740e-01   0.000000e+00  1.933026e-02) (   3.778370e+00   0.000000e+00  1.897376e-02) (   7.556740e+00   0.000000e+00 -1.586123e-02) (   1.133511e+01   0.000000e+00  1.631163e-02) (   1.511348e+01   0.000000e+00 -1.058468e-02) 
32.1	(   7.556740e-01   0.000000e+00  3.473427e-03) (   3.778370e+00   0.000000e+00  3.368833e-02) (   7.556740e+00   0.000000e+00 -3.217330e-02) (   1.133511e+01   0.000000e+00  3.192220e-02) (   1.511348e+01   0.000000e+00 -2.768780e-02) 
32.2	(   7.556740e-01   0.000000e+00 -1.298740e-02) (   3.778370e+00   0.000000e+00  4.535558e-02) (   7.556740e+00   0.000000e+00 -4.623343e-02) (   1.133511e+01   0.000000e+00  4.476830e-02) (   1.511348e+01   0.000000e+00 -4.286062e-02) 
32.3	(   7.556740e-01   0.000000e+00 -2.888279e-02) (   3.778370e+00   0.000000e+00  5.323154e-02) (   7.556740e+00   0.000000e+00 -5.669099e-02) (   1.133511e+01   0.000000e+00  5.404515e-02) (   1.511348e+01   0.000000e+00 -5.473911e-02) 
32.4	(   7.556740e-01   0.000000e+00 -4.240222e-02) (   3.778370e+00   0.000000e+00  5.695471e-02) (   7.556740e+00   0.000000e+00 -6.242376e-02) (   1.133511e+01   0.000000e+00  5.920333e-02) (   1.511348e+01   0.000000e+00 -6.212175e-02) 
32.5	(   7.556740e-01   0.000000e+00 -5.210682e-02) (   3.778370e+00   0.000000e+00  5.641679e-02) (   7.556740e+00   0.000000e+00 -6.280681e-02) (   1.133511e+01   0.000000e+00  5.995617e-02) (   1.511348e+01   0.000000e+00 -6.415743e-02) 
32.6	(   7.556740e-01   0.000000e+00 -5.756109e-02) (   3.778370e+00   0.000000e+00  5.172531e-02) (   7.556740e+00   0.000000e+00 -5.775117e-02) (   1.133511e+01   0.000000e+00  5.623083e-02) (   1.511348e+01   0.000000e+00 -6.050618e-02) 
32.7	(   7.556740e-01   0.000000e+00 -5.870277e-02) (   3.778370e+00   0.000000e+00  4.315349e-02) (   7.556740e+00   0.000000e+00 -4.776690e-02) (   1.133511e+01   0.000000e+00  4.826671e-02) (   1.511348e+01   0.000000e+00 -5.157592e-02) 
32.8	(   7.556740e-01   0.000000e+00 -5.485425e-02) (   3.778370e+00   0.000000e+00  3.120663e-02) (   7.556740e+00   0.000000e+00 -3.375616e-02) (   1.133511e+01   0.000000e+00  3.653862e-02) (   1.511348e+01   0.000000e+00 -3.844008e-02) 
32.9	(   7.556740e-01   0.000000e+00 -4.636528e-02) (   3.778370e+00   0.000000e+00  1.650822e-02) (   7.556740e+00   0.000000e+00 -1.704607e-02) (   1.133511e+01   0.000000e+00  2.179186e-02) (   1.511348e+01   0.000000e+00 -2.249145e-02) 
33	(   7.556740e-01   0.000000e+00 -3.391843e-02) (   3.778370e+00   0.000000e+00  2.447075e-05) (   7.556740e+00   0.000000e+00  7.477263e-04) (   1.133511e+01   0.000000e+00  5.017829e-03) (   1.511348e+01   0.000000e+00 -5.242156e-03) 
33.1	(   7.556740e-01   0.000000e+00 -1.837424e-02) (   3.778370e+00   0.000000e+00 -1.693631e-02) (   7.556740e+00   0.000000e+00  1.801211e-02) (   1.133511e+01   0.000000e+00 -1.255748e-02) (   1.511348e+01   0.000000e+00  1.189214e-02) 
33.2	(   7.556740e-01   0.000000e+00 -1.401355e-03) (   3.778370e+00   0.000000e+00 -3.286633e-02) (   7.556740e+00   0.000000e+00  3.335972e-02) (   1.133511e+01   0.000000e+00 -2.949713e-02) (   1.511348e+01   0.000000e+00  2.766642e-02) 
33.3	(   7.556740e-01   0.000000e+00  1.508773e-02) (   3.778370e+00   0.000000e+00 -4.641367e-02) (   7.556740e+00   0.000000e+00  4.573897e-02) (   1.133511e+01   0.000000e+00 -4.432728e-02) (   1.511348e+01   0.000000e+00  4.101348e-02) 
33.4	(   7.556740e-01   0.000000e+00  2.983156e-02) (   3.778370e+00   0.000000e+00 -5.638931e-02) (   7.556740e+00   0.000000e+00  5.442203e-02) (   1.133511e+01   0.000000e+00 -5.565927e-02) (   1.511348e+01   0.000000e+00  5.107694e-02) 
33.5	(   7.556740e-01   0.000000e+00  4.202324e-02) (   3.778370e+00   0.000000e+00 -6.170257e-02) (   7.556740e+00   0.000000e+00  5.895571e-02) (   1.133511e+01   0.000000e+00 -6.240848e-02) (   1.511348e+01   0.000000e+00  5.723045e-02) 
33.6	(   7.556740e-01   0.000000e+00  5.091595e-02) (   3.778370e+00   0.000000e+00 -6.162464e-02) (   7.556740e+00   0.000000e+00  5.912226e-02) (   1.133511e+01   0.000000e+00 -6.389683e-02) (   1.511348e+01   0.000000e+00  5.908719e-02) 
33.7	(   7.556740e-01   0.000000e+00  5.583912e-02) (   3.778370e+00   0.000000e+00 -5.612284e-02) (   7.556740e+00   0.000000e+00  5.490983e-02) (   1.133511e+01   0.000000e+00 -5.984784e-02) (   1.511348e+01   0.000000e+00  5.653001e-02) 
33.8	(   7.556740e-01   0.000000e+00  5.629667e-02) (   3.778370e+00   0.000000e+00 -4.593055e-02) (   7.556740e+00   0.000000e+00  4.655355e-02) (   1.133511e+01   0.000000e+00 -5.058673e-02) (   1.511348e+01   0.000000e+00  4.969411e-02) 
33.9	(   7.556740e-01   0.000000e+00  5.220258e-02) (   3.778370e+00   0.000000e+00 -3.199703e-02) (   7.556740e+00   0.000000e+00  3.454716e-02) (   1.133511e+01   0.000000e+00 -3.708897e-02) (   1.511348e+01   0.000000e+00  3.901286e-02) 
34	(   7.556740e-01   0.000000e+00  4.406564e-02) (   3.778370e+00   0.000000e+00 -1.545522e-02) (   7.556740e+00   0.000000e+00  1.964372e-02) (   1.133511e+01   0.000000e+00 -2.078969e-02) (   1.511348e+01   0.000000e+00  2.517552e-02) 
34.1	(   7.556740e-01   0.000000e+00  3.242274e-02) (   3.778370e+00   0.000000e+00  2.177278e-03) (   7.556740e+00   0.000000e+00  2.869672e-03) (   1.133511e+01   0.000000e+00 -3.303385e-03) (   1.511348e+01   0.000000e+00  9.132996e-03) 
34.2	(   7.556740e-01   0.000000e+00  1.801572e-02) (   3.778370e+00   0.000000e+00  1.923883e-02) (   7.556740e+00   0.000000e+00 -1.454890e-02) (   1.133511e+01   0.000000e+00  1.388797e-02) (   1.511348e+01   0.000000e+00 -7.932664e-03) 
34.3	(   7.556740e-01   0.000000e+00  2.085631e-03) (   3.778370e+00   0.000000e+00  3.432593e-02) (   7.556740e+00   0.000000e+00 -3.119884e-02) (   1.133511e+01   0.000000e+00  2.950327e-02) (   1.511348e+01   0.000000e+00 -2.470630e-02) 
34.4	(   7.556740e-01   0.000000e+00 -1.432717e-02) (   3.778370e+00   0.000000e+00  4.631888e-02) (   7.556740e+00   0.000000e+00 -4.565578e-02) (   1.133511e+01   0.000000e+00  4.248899e-02) (   1.511348e+01   0.000000e+00 -3.977610e-02) 
34.5	(   7.556740e-01   0.000000e+00 -3.004967e-02) (   3.778370e+00   0.000000e+00  5.448021e-02) (   7.556740e+00   0.000000e+00 -5.654523e-02) (   1.133511e+01   0.000000e+00  5.206073e-02) (   1.511348e+01   0.000000e+00 -5.176655e-02) 
34.6	(   7.556740e-01   0.000000e+00 -4.332730e-02) (   3.778370e+00   0.000000e+00  5.842039e-02) (   7.556740e+00   0.000000e+00 -6.271771e-02) (   1.133511e+01   0.000000e+00  5.764948e-02) (   1.511348e+01   0.000000e+00 -5.946162e-02) 
34.7	(   7.556740e-01   0.000000e+00 -5.271355e-02) (   3.778370e+00   0.000000e+00  5.803725e-02) (   7.556740e+00   0.000000e+00 -6.355393e-02) (   1.133511e+01   0.000000e+00  5.893804e-02) (   1.511348e+01   0.000000e+00 -6.198843e-02) 
34.8	(   7.556740e-01   0.000000e+00 -5.776961e-02) (   3.778370e+00   0.000000e+00  5.343769e-02) (   7.556740e+00   0.000000e+00 -5.893593e-02) (   1.133511e+01   0.000000e+00  5.584272e-02) (   1.511348e+01   0.000000e+00 -5.903346e-02) 
34.9	(   7.556740e-01   0.000000e+00 -5.857999e-02) (   3.778370e+00   0.000000e+00  4.488267e-02) (   7.556740e+00   0.000000e+00 -4.932157e-02) (   1.133511e+01   0.000000e+00  4.854917e-02) (   1.511348e+01   0.000000e+00 -5.093427e-02) 
35	(   7.556740e-01   0.000000e+00 -5.443795e-02) (   3.778370e+00   0.000000e+00  3.287685e-02) (   7.556740e+00   0.000000e+00 -3.558360e-02) (   1.133511e+01   0.000000e+00  3.749827e-02) (   1.511348e+01   0.000000e+00 -3.868600e-02) 
