           0.1	   3.999972e+00  -1.000028e+00   3.999994e+00  -1.000006e+00   3.999999e+00  -1.000001e+00   4.000000e+00  -1.000000e+00   4.000000e+00  -1.000000e+00
0.2	   3.999809e+00  -1.000191e+00   3.999963e+00  -1.000037e+00   3.999992e+00  -1.000008e+00   3.999998e+00  -1.000002e+00   4.000000e+00  -1.000000e+00
0.3	   3.999438e+00  -1.000562e+00   3.999895e+00  -1.000105e+00   3.999976e+00  -1.000024e+00   3.999994e+00  -1.000006e+00   3.999999e+00  -1.000001e+00
0.4	   3.998813e+00  -1.001187e+00   3.999783e+00  -1.000217e+00   3.999950e+00  -1.000050e+00   3.999988e+00  -1.000012e+00   3.999997e+00  -1.000003e+00
0.5	   3.997930e+00  -1.002070e+00   3.999627e+00  -1.000373e+00   3.999913e+00  -1.000087e+00   3.999979e+00  -1.000021e+00   3.999995e+00  -1.000005e+00
0.6	   3.996830e+00  -1.003170e+00   3.999428e+00  -1.000572e+00   3.999865e+00  -1.000135e+00   3.999966e+00  -1.000034e+00   3.999991e+00  -1.000009e+00
0.7	   3.995608e+00  -1.004392e+00   3.999192e+00  -1.000808e+00   3.999804e+00  -1.000196e+00   3.999949e+00  -1.000051e+00   3.999987e+00  -1.000013e+00
0.8	   3.994422e+00  -1.005578e+00   3.998926e+00  -1.001074e+00   3.999732e+00  -1.000268e+00   3.999928e+00  -1.000072e+00   3.999981e+00  -1.000019e+00
0.9	   3.993498e+00  -1.006502e+00   3.998642e+00  -1.001358e+00   3.999650e+00  -1.000350e+00   3.999903e+00  -1.000097e+00   3.999973e+00  -1.000027e+00
1	   3.993110e+00  -1.006890e+00   3.998356e+00  -1.001644e+00   3.999557e+00  -1.000443e+00   3.999873e+00  -1.000127e+00   3.999964e+00  -1.000036e+00
1.1	   3.993550e+00  -1.006450e+00   3.998090e+00  -1.001910e+00   3.999459e+00  -1.000541e+00   3.999838e+00  -1.000162e+00   3.999953e+00  -1.000047e+00
1.2	   3.995060e+00  -1.004940e+00   3.997864e+00  -1.002136e+00   3.999356e+00  -1.000644e+00   3.999799e+00  -1.000201e+00   3.999939e+00  -1.000061e+00
1.3	   3.997771e+00  -1.002229e+00   3.997712e+00  -1.002288e+00   3.999255e+00  -1.000745e+00   3.999755e+00  -1.000245e+00   3.999923e+00  -1.000077e+00
1.4	   4.001575e+00  -9.984248e-01   3.997662e+00  -1.002338e+00   3.999159e+00  -1.000841e+00   3.999708e+00  -1.000292e+00   3.999904e+00  -1.000096e+00
1.5	   4.006100e+00  -9.938997e-01   3.997732e+00  -1.002268e+00   3.999071e+00  -1.000929e+00   3.999657e+00  -1.000343e+00   3.999882e+00  -1.000118e+00
1.6	   4.010907e+00  -9.890926e-01   3.997971e+00  -1.002029e+00   3.999000e+00  -1.001000e+00   3.999604e+00  -1.000396e+00   3.999858e+00  -1.000142e+00
1.7	   4.015365e+00  -9.846345e-01   3.998394e+00  -1.001606e+00   3.998952e+00  -1.001048e+00   3.999550e+00  -1.000450e+00   3.999830e+00  -1.000170e+00
1.8	   4.018907e+00  -9.810929e-01   3.999013e+00  -1.000987e+00   3.998931e+00  -1.001069e+00   3.999497e+00  -1.000503e+00   3.999800e+00  -1.000200e+00
1.9	   4.021075e+00  -9.789248e-01   3.999836e+00  -1.000164e+00   3.998943e+00  -1.001057e+00   3.999445e+00  -1.000555e+00   3.999768e+00  -1.000232e+00
2	   4.021448e+00  -9.785520e-01   4.000854e+00  -9.991463e-01   3.998993e+00  -1.001007e+00   3.999397e+00  -1.000603e+00   3.999733e+00  -1.000267e+00
2.1	   4.019686e+00  -9.803140e-01   4.002060e+00  -9.979403e-01   3.999089e+00  -1.000911e+00   3.999355e+00  -1.000645e+00   3.999696e+00  -1.000304e+00
2.2	   4.015772e+00  -9.842277e-01   4.003434e+00  -9.965655e-01   3.999240e+00  -1.000760e+00   3.999323e+00  -1.000677e+00   3.999658e+00  -1.000342e+00
2.3	   4.009904e+00  -9.900956e-01   4.004909e+00  -9.950911e-01   3.999449e+00  -1.000551e+00   3.999304e+00  -1.000696e+00   3.999620e+00  -1.000380e+00
2.4	   4.002593e+00  -9.974073e-01   4.006416e+00  -9.935838e-01   3.999720e+00  -1.000280e+00   3.999302e+00  -1.000698e+00   3.999583e+00  -1.000417e+00
2.5	   3.994435e+00  -1.005565e+00   4.007852e+00  -9.921482e-01   4.000056e+00  -9.999437e-01   3.999320e+00  -1.000680e+00   3.999549e+00  -1.000451e+00
2.6	   3.986214e+00  -1.013786e+00   4.009094e+00  -9.909056e-01   4.000458e+00  -9.995418e-01   3.999363e+00  -1.000637e+00   3.999519e+00  -1.000481e+00
2.7	   3.978647e+00  -1.021353e+00   4.009987e+00  -9.900130e-01   4.000920e+00  -9.990795e-01   3.999434e+00  -1.000566e+00   3.999495e+00  -1.000505e+00
2.8	   3.972312e+00  -1.027688e+00   4.010343e+00  -9.896569e-01   4.001429e+00  -9.985709e-01   3.999534e+00  -1.000466e+00   3.999478e+00  -1.000522e+00
2.9	   3.967855e+00  -1.032145e+00   4.010020e+00  -9.899799e-01   4.001974e+00  -9.980257e-01   3.999668e+00  -1.000332e+00   3.999472e+00  -1.000528e+00
3	   3.965750e+00  -1.034250e+00   4.008860e+00  -9.911403e-01   4.002537e+00  -9.974629e-01   3.999835e+00  -1.000165e+00   3.999477e+00  -1.000523e+00
3.1	   3.966332e+00  -1.033668e+00   4.006779e+00  -9.932212e-01   4.003096e+00  -9.969044e-01   4.000038e+00  -9.999616e-01   3.999497e+00  -1.000503e+00
3.2	   3.969679e+00  -1.030321e+00   4.003730e+00  -9.962705e-01   4.003614e+00  -9.963862e-01   4.000274e+00  -9.997262e-01   3.999534e+00  -1.000466e+00
3.3	   3.975882e+00  -1.024118e+00   3.999826e+00  -1.000174e+00   4.004066e+00  -9.959336e-01   4.000541e+00  -9.994590e-01   3.999589e+00  -1.000411e+00
3.4	   3.984642e+00  -1.015358e+00   3.995250e+00  -1.004750e+00   4.004414e+00  -9.955857e-01   4.000835e+00  -9.991649e-01   3.999664e+00  -1.000336e+00
3.5	   3.995492e+00  -1.004508e+00   3.990329e+00  -1.009671e+00   4.004620e+00  -9.953799e-01   4.001150e+00  -9.988501e-01   3.999762e+00  -1.000238e+00
3.6	   4.007659e+00  -9.923411e-01   3.985471e+00  -1.014529e+00   4.004645e+00  -9.953546e-01   4.001477e+00  -9.985233e-01   3.999881e+00  -1.000119e+00
3.7	   4.020249e+00  -9.797505e-01   3.981166e+00  -1.018834e+00   4.004454e+00  -9.955463e-01   4.001805e+00  -9.981945e-01   4.000023e+00  -9.999767e-01
3.8	   4.032136e+00  -9.678636e-01   3.977922e+00  -1.022078e+00   4.004012e+00  -9.959879e-01   4.002123e+00  -9.978768e-01   4.000187e+00  -9.998128e-01
3.9	   4.042255e+00  -9.577454e-01   3.976222e+00  -1.023778e+00   4.003304e+00  -9.966965e-01   4.002416e+00  -9.975841e-01   4.000372e+00  -9.996283e-01
4	   4.049345e+00  -9.506547e-01   3.976402e+00  -1.023598e+00   4.002314e+00  -9.976856e-01   4.002666e+00  -9.973340e-01   4.000574e+00  -9.994262e-01
4.1	   4.052281e+00  -9.477186e-01   3.978735e+00  -1.021265e+00   4.001049e+00  -9.989506e-01   4.002856e+00  -9.971440e-01   4.000790e+00  -9.992105e-01
4.2	   4.050646e+00  -9.493536e-01   3.983311e+00  -1.016689e+00   3.999541e+00  -1.000459e+00   4.002969e+00  -9.970306e-01   4.001014e+00  -9.989857e-01
4.3	   4.044211e+00  -9.557893e-01   3.989994e+00  -1.010006e+00   3.997841e+00  -1.002159e+00   4.002991e+00  -9.970091e-01   4.001242e+00  -9.987577e-01
4.4	   4.033408e+00  -9.665916e-01   3.998423e+00  -1.001577e+00   3.996026e+00  -1.003974e+00   4.002904e+00  -9.970957e-01   4.001466e+00  -9.985335e-01
4.5	   4.019619e+00  -9.803806e-01   4.007995e+00  -9.920050e-01   3.994197e+00  -1.005803e+00   4.002697e+00  -9.973025e-01   4.001679e+00  -9.983212e-01
4.6	   4.004098e+00  -9.959021e-01   4.017915e+00  -9.820846e-01   3.992480e+00  -1.007520e+00   4.002363e+00  -9.976369e-01   4.001871e+00  -9.981293e-01
4.7	   3.987910e+00  -1.012090e+00   4.027232e+00  -9.727676e-01   3.991015e+00  -1.008985e+00   4.001899e+00  -9.981005e-01   4.002033e+00  -9.979673e-01
4.8	   3.972644e+00  -1.027356e+00   4.034936e+00  -9.650643e-01   3.989951e+00  -1.010049e+00   4.001310e+00  -9.986895e-01   4.002156e+00  -9.978445e-01
4.9	   3.959694e+00  -1.040306e+00   4.040099e+00  -9.599013e-01   3.989427e+00  -1.010573e+00   4.000606e+00  -9.993944e-01   4.002230e+00  -9.977703e-01
5	   3.950132e+00  -1.049868e+00   4.042081e+00  -9.579192e-01   3.989583e+00  -1.010417e+00   3.999807e+00  -1.000193e+00   4.002248e+00  -9.977524e-01
5.1	   3.944287e+00  -1.055713e+00   4.040492e+00  -9.595082e-01   3.990526e+00  -1.009474e+00   3.998937e+00  -1.001063e+00   4.002200e+00  -9.977996e-01
5.2	   3.942539e+00  -1.057461e+00   4.035278e+00  -9.647217e-01   3.992319e+00  -1.007681e+00   3.998033e+00  -1.001967e+00   4.002081e+00  -9.979185e-01
5.3	   3.945400e+00  -1.054600e+00   4.026893e+00  -9.731070e-01   3.994990e+00  -1.005010e+00   3.997139e+00  -1.002861e+00   4.001888e+00  -9.981121e-01
5.4	   3.952745e+00  -1.047255e+00   4.015960e+00  -9.840398e-01   3.998484e+00  -1.001516e+00   3.996305e+00  -1.003695e+00   4.001618e+00  -9.983817e-01
5.5	   3.964083e+00  -1.035917e+00   4.003365e+00  -9.966351e-01   4.002681e+00  -9.973188e-01   3.995587e+00  -1.004413e+00   4.001275e+00  -9.987251e-01
5.6	   3.978601e+00  -1.021399e+00   3.990109e+00  -1.009891e+00   4.007374e+00  -9.926255e-01   3.995044e+00  -1.004956e+00   4.000864e+00  -9.991364e-01
5.7	   3.995210e+00  -1.004790e+00   3.977265e+00  -1.022735e+00   4.012279e+00  -9.877212e-01   3.994733e+00  -1.005267e+00   4.000394e+00  -9.996057e-01
5.8	   4.012386e+00  -9.876142e-01   3.965857e+00  -1.034143e+00   4.017020e+00  -9.829796e-01   3.994702e+00  -1.005298e+00   3.999881e+00  -1.000119e+00
5.9	   4.028637e+00  -9.713633e-01   3.956825e+00  -1.043175e+00   4.021170e+00  -9.788300e-01   3.995001e+00  -1.004999e+00   3.999341e+00  -1.000659e+00
6	   4.042807e+00  -9.571933e-01   3.950900e+00  -1.049100e+00   4.024277e+00  -9.757230e-01   3.995665e+00  -1.004335e+00   3.998797e+00  -1.001203e+00
6.1	   4.053625e+00  -9.463748e-01   3.948634e+00  -1.051366e+00   4.025887e+00  -9.741127e-01   3.996709e+00  -1.003291e+00   3.998273e+00  -1.001727e+00
6.2	   4.059944e+00  -9.400559e-01   3.950285e+00  -1.049715e+00   4.025647e+00  -9.743529e-01   3.998128e+00  -1.001872e+00   3.997798e+00  -1.002202e+00
6.3	   4.061311e+00  -9.386885e-01   3.955984e+00  -1.044016e+00   4.023276e+00  -9.767239e-01   3.999896e+00  -1.000104e+00   3.997402e+00  -1.002598e+00
6.4	   4.057324e+00  -9.426760e-01   3.965391e+00  -1.034609e+00   4.018710e+00  -9.812895e-01   4.001954e+00  -9.980457e-01   3.997114e+00  -1.002886e+00
6.5	   4.048321e+00  -9.516788e-01   3.978011e+00  -1.021989e+00   4.012118e+00  -9.878819e-01   4.004219e+00  -9.957810e-01   3.996962e+00  -1.003038e+00
6.6	   4.035209e+00  -9.647914e-01   3.993026e+00  -1.006974e+00   4.003885e+00  -9.961153e-01   4.006578e+00  -9.934215e-01   3.996970e+00  -1.003030e+00
6.7	   4.019582e+00  -9.804184e-01   4.009365e+00  -9.906347e-01   3.994607e+00  -1.005393e+00   4.008895e+00  -9.911047e-01   3.997163e+00  -1.002837e+00
6.8	   4.002867e+00  -9.971334e-01   4.025694e+00  -9.743061e-01   3.985033e+00  -1.014967e+00   4.011006e+00  -9.889939e-01   3.997554e+00  -1.002446e+00
6.9	   3.986145e+00  -1.013855e+00   4.040512e+00  -9.594880e-01   3.975979e+00  -1.024021e+00   4.012736e+00  -9.872640e-01   3.998151e+00  -1.001849e+00
7	   3.970729e+00  -1.029271e+00   4.052309e+00  -9.476908e-01   3.968260e+00  -1.031740e+00   4.013909e+00  -9.860914e-01   3.998948e+00  -1.001052e+00
7.1	   3.957901e+00  -1.042099e+00   4.059665e+00  -9.403355e-01   3.962614e+00  -1.037386e+00   4.014361e+00  -9.856387e-01   3.999930e+00  -1.000070e+00
7.2	   3.948706e+00  -1.051294e+00   4.061648e+00  -9.383519e-01   3.959648e+00  -1.040352e+00   4.013962e+00  -9.860378e-01   4.001069e+00  -9.989305e-01
7.3	   3.943377e+00  -1.056623e+00   4.057890e+00  -9.421095e-01   3.959741e+00  -1.040259e+00   4.012598e+00  -9.874021e-01   4.002325e+00  -9.976745e-01
7.4	   3.942229e+00  -1.057771e+00   4.048847e+00  -9.511533e-01   3.963141e+00  -1.036859e+00   4.010236e+00  -9.897642e-01   4.003644e+00  -9.963563e-01
7.5	   3.945671e+00  -1.054329e+00   4.035628e+00  -9.643717e-01   3.969808e+00  -1.030192e+00   4.006919e+00  -9.930807e-01   4.004960e+00  -9.950396e-01
7.6	   3.953342e+00  -1.046658e+00   4.019560e+00  -9.804405e-01   3.979429e+00  -1.020571e+00   4.002767e+00  -9.972325e-01   4.006202e+00  -9.937980e-01
7.7	   3.964642e+00  -1.035358e+00   4.002177e+00  -9.978225e-01   3.991443e+00  -1.008557e+00   3.997978e+00  -1.002022e+00   4.007285e+00  -9.927150e-01
7.8	   3.978858e+00  -1.021142e+00   3.985022e+00  -1.014978e+00   4.005004e+00  -9.949964e-01   3.992829e+00  -1.007171e+00   4.008125e+00  -9.918749e-01
7.9	   3.995129e+00  -1.004871e+00   3.969495e+00  -1.030505e+00   4.019015e+00  -9.809849e-01   3.987667e+00  -1.012333e+00   4.008641e+00  -9.913589e-01
8	   4.012290e+00  -9.877097e-01   3.956737e+00  -1.043263e+00   4.032202e+00  -9.677976e-01   3.982865e+00  -1.017135e+00   4.008764e+00  -9.912361e-01
8.1	   4.028725e+00  -9.712753e-01   3.947603e+00  -1.052397e+00   4.043240e+00  -9.567601e-01   3.978822e+00  -1.021178e+00   4.008430e+00  -9.915704e-01
8.2	   4.042840e+00  -9.571603e-01   3.942645e+00  -1.057355e+00   4.050903e+00  -9.490974e-01   3.975924e+00  -1.024076e+00   4.007596e+00  -9.924036e-01
8.3	   4.053584e+00  -9.464162e-01   3.942093e+00  -1.057907e+00   4.054294e+00  -9.457061e-01   3.974490e+00  -1.025510e+00   4.006253e+00  -9.937473e-01
8.4	   4.059917e+00  -9.400833e-01   3.945981e+00  -1.054019e+00   4.052956e+00  -9.470436e-01   3.974774e+00  -1.025226e+00   4.004417e+00  -9.955835e-01
8.5	   4.061325e+00  -9.386745e-01   3.954069e+00  -1.045931e+00   4.046887e+00  -9.531129e-01   3.976974e+00  -1.023026e+00   4.002141e+00  -9.978592e-01
8.6	   4.057293e+00  -9.427069e-01   3.965782e+00  -1.034218e+00   4.036687e+00  -9.633127e-01   3.981126e+00  -1.018874e+00   3.999512e+00  -1.000488e+00
8.7	   4.048288e+00  -9.517115e-01   3.980366e+00  -1.019634e+00   4.023344e+00  -9.766557e-01   3.987134e+00  -1.012866e+00   3.996653e+00  -1.003347e+00
8.8	   4.035166e+00  -9.648335e-01   3.996800e+00  -1.003200e+00   4.008050e+00  -9.919499e-01   3.994750e+00  -1.005250e+00   3.993716e+00  -1.006284e+00
8.9	   4.019636e+00  -9.803637e-01   4.013806e+00  -9.861943e-01   3.992125e+00  -1.007875e+00   4.003561e+00  -9.964389e-01   3.990884e+00  -1.009116e+00
9	   4.002903e+00  -9.970970e-01   4.029946e+00  -9.700539e-01   3.976858e+00  -1.023142e+00   4.013001e+00  -9.869994e-01   3.988342e+00  -1.011658e+00
9.1	   3.986116e+00  -1.013884e+00   4.043842e+00  -9.561579e-01   3.963426e+00  -1.036574e+00   4.022337e+00  -9.776626e-01   3.986286e+00  -1.013714e+00
9.2	   3.970753e+00  -1.029247e+00   4.054233e+00  -9.457667e-01   3.952822e+00  -1.047178e+00   4.030757e+00  -9.692430e-01   3.984904e+00  -1.015096e+00
9.3	   3.957979e+00  -1.042021e+00   4.060131e+00  -9.398689e-01   3.945833e+00  -1.054167e+00   4.037378e+00  -9.626224e-01   3.984356e+00  -1.015644e+00
9.4	   3.948730e+00  -1.051270e+00   4.061022e+00  -9.389779e-01   3.943007e+00  -1.056993e+00   4.041417e+00  -9.585832e-01   3.984767e+00  -1.015233e+00
9.5	   3.943362e+00  -1.056638e+00   4.056683e+00  -9.433170e-01   3.944588e+00  -1.055412e+00   4.042234e+00  -9.577663e-01   3.986235e+00  -1.013765e+00
9.6	   3.942255e+00  -1.057745e+00   4.047451e+00  -9.525491e-01   3.950640e+00  -1.049360e+00   4.039432e+00  -9.605678e-01   3.988778e+00  -1.011222e+00
9.7	   3.945734e+00  -1.054266e+00   4.034242e+00  -9.657581e-01   3.960857e+00  -1.039143e+00   4.033039e+00  -9.669612e-01   3.992350e+00  -1.007650e+00
9.8	   3.953358e+00  -1.046642e+00   4.018316e+00  -9.816843e-01   3.974645e+00  -1.025355e+00   4.023470e+00  -9.765299e-01   3.996827e+00  -1.003173e+00
9.9	   3.964634e+00  -1.035366e+00   4.001214e+00  -9.987860e-01   3.991084e+00  -1.008916e+00   4.011495e+00  -9.885045e-01   4.002007e+00  -9.979926e-01
10	   3.978857e+00  -1.021143e+00   3.984453e+00  -1.015547e+00   4.008902e+00  -9.910975e-01   3.998140e+00  -1.001860e+00   4.007614e+00  -9.923863e-01
10.1	   3.995142e+00  -1.004858e+00   3.969369e+00  -1.030631e+00   4.026556e+00  -9.734445e-01   3.984570e+00  -1.015430e+00   4.013293e+00  -9.867067e-01
10.2	   4.012307e+00  -9.876927e-01   3.957032e+00  -1.042968e+00   4.042314e+00  -9.576864e-01   3.971948e+00  -1.028052e+00   4.018633e+00  -9.813671e-01
10.3	   4.028661e+00  -9.713387e-01   3.948211e+00  -1.051789e+00   4.054554e+00  -9.454456e-01   3.961336e+00  -1.038664e+00   4.023194e+00  -9.768056e-01
10.4	   4.042801e+00  -9.571993e-01   3.943403e+00  -1.056597e+00   4.061938e+00  -9.380624e-01   3.953613e+00  -1.046387e+00   4.026536e+00  -9.734641e-01
10.5	   4.053518e+00  -9.464821e-01   3.942821e+00  -1.057179e+00   4.063624e+00  -9.363761e-01   3.949451e+00  -1.050549e+00   4.028257e+00  -9.717429e-01
10.6	   4.059885e+00  -9.401153e-01   3.946538e+00  -1.053462e+00   4.059486e+00  -9.405139e-01   3.949238e+00  -1.050762e+00   4.028070e+00  -9.719298e-01
10.7	   4.061269e+00  -9.387306e-01   3.954351e+00  -1.045649e+00   4.050111e+00  -9.498894e-01   3.953165e+00  -1.046835e+00   4.025764e+00  -9.742358e-01
10.8	   4.057271e+00  -9.427286e-01   3.965752e+00  -1.034248e+00   4.036590e+00  -9.634095e-01   3.961071e+00  -1.038929e+00   4.021346e+00  -9.786538e-01
10.9	   4.048241e+00  -9.517587e-01   3.980094e+00  -1.019906e+00   4.020323e+00  -9.796773e-01   3.972520e+00  -1.027480e+00   4.015009e+00  -9.849907e-01
11	   4.035152e+00  -9.648481e-01   3.996416e+00  -1.003584e+00   4.002847e+00  -9.971533e-01   3.986775e+00  -1.013225e+00   4.007118e+00  -9.928820e-01
11.1	   4.019657e+00  -9.803427e-01   4.013504e+00  -9.864963e-01   3.985664e+00  -1.014336e+00   4.002806e+00  -9.971935e-01   3.998215e+00  -1.001785e+00
11.2	   4.002925e+00  -9.970746e-01   4.029847e+00  -9.701530e-01   3.970100e+00  -1.029900e+00   4.019292e+00  -9.807082e-01   3.988948e+00  -1.011052e+00
11.3	   3.986106e+00  -1.013894e+00   4.043920e+00  -9.560805e-01   3.957267e+00  -1.042733e+00   4.034722e+00  -9.652776e-01   3.980026e+00  -1.019974e+00
11.4	   3.970766e+00  -1.029234e+00   4.054381e+00  -9.456191e-01   3.948002e+00  -1.051998e+00   4.047608e+00  -9.523920e-01   3.972176e+00  -1.027824e+00
11.5	   3.958017e+00  -1.041983e+00   4.060306e+00  -9.396940e-01   3.942869e+00  -1.057131e+00   4.056554e+00  -9.434465e-01   3.966044e+00  -1.033956e+00
11.6	   3.948742e+00  -1.051258e+00   4.061206e+00  -9.387936e-01   3.942115e+00  -1.057885e+00   4.060542e+00  -9.394581e-01   3.962206e+00  -1.037794e+00
11.7	   3.943365e+00  -1.056635e+00   4.056696e+00  -9.433043e-01   3.945740e+00  -1.054260e+00   4.059104e+00  -9.408957e-01   3.961064e+00  -1.038936e+00
11.8	   3.942280e+00  -1.057720e+00   4.047220e+00  -9.527799e-01   3.953476e+00  -1.046524e+00   4.052327e+00  -9.476726e-01   3.962877e+00  -1.037123e+00
11.9	   3.945761e+00  -1.054239e+00   4.033922e+00  -9.660782e-01   3.964813e+00  -1.035187e+00   4.040992e+00  -9.590083e-01   3.967743e+00  -1.032257e+00
12	   3.953367e+00  -1.046633e+00   4.018038e+00  -9.819625e-01   3.979018e+00  -1.020982e+00   4.026232e+00  -9.737676e-01   3.975495e+00  -1.024505e+00
12.1	   3.964640e+00  -1.035360e+00   4.001055e+00  -9.989445e-01   3.995107e+00  -1.004893e+00   4.009456e+00  -9.905437e-01   3.985770e+00  -1.014230e+00
12.2	   3.978861e+00  -1.021139e+00   3.984456e+00  -1.015544e+00   4.011930e+00  -9.880700e-01   3.992137e+00  -1.007863e+00   3.997949e+00  -1.002051e+00
12.3	   3.995153e+00  -1.004847e+00   3.969501e+00  -1.030499e+00   4.028187e+00  -9.718126e-01   3.975688e+00  -1.024312e+00   4.011188e+00  -9.888118e-01
12.4	   4.012307e+00  -9.876931e-01   3.957194e+00  -1.042806e+00   4.042486e+00  -9.575139e-01   3.961369e+00  -1.038631e+00   4.024412e+00  -9.755877e-01
12.5	   4.028633e+00  -9.713674e-01   3.948313e+00  -1.051687e+00   4.053476e+00  -9.465244e-01   3.950214e+00  -1.049786e+00   4.036417e+00  -9.635832e-01
12.6	   4.042777e+00  -9.572226e-01   3.943426e+00  -1.056574e+00   4.060030e+00  -9.399700e-01   3.943027e+00  -1.056973e+00   4.045967e+00  -9.540333e-01
12.7	   4.053494e+00  -9.465060e-01   3.942791e+00  -1.057209e+00   4.061417e+00  -9.385827e-01   3.940280e+00  -1.059720e+00   4.051908e+00  -9.480916e-01
12.8	   4.059877e+00  -9.401226e-01   3.946525e+00  -1.053475e+00   4.057464e+00  -9.425363e-01   3.942174e+00  -1.057826e+00   4.053446e+00  -9.465542e-01
12.9	   4.061263e+00  -9.387374e-01   3.954433e+00  -1.045567e+00   4.048613e+00  -9.513868e-01   3.948721e+00  -1.051279e+00   4.050142e+00  -9.498578e-01
13	   4.057275e+00  -9.427252e-01   3.965936e+00  -1.034064e+00   4.035775e+00  -9.642254e-01   3.959515e+00  -1.040485e+00   4.042166e+00  -9.578342e-01
13.1	   4.048246e+00  -9.517535e-01   3.980292e+00  -1.019708e+00   4.020150e+00  -9.798502e-01   3.973891e+00  -1.026109e+00   4.030239e+00  -9.697606e-01
13.2	   4.035169e+00  -9.648309e-01   3.996549e+00  -1.003451e+00   4.003187e+00  -9.968128e-01   3.990840e+00  -1.009160e+00   4.015498e+00  -9.845021e-01
13.3	   4.019690e+00  -9.803099e-01   4.013547e+00  -9.864528e-01   3.986305e+00  -1.013695e+00   4.009086e+00  -9.909139e-01   3.999319e+00  -1.000681e+00
13.4	   4.002967e+00  -9.970333e-01   4.029837e+00  -9.701634e-01   3.970829e+00  -1.029171e+00   4.026991e+00  -9.730089e-01   3.983160e+00  -1.016840e+00
13.5	   3.986142e+00  -1.013858e+00   4.043884e+00  -9.561156e-01   3.957944e+00  -1.042056e+00   4.042861e+00  -9.571391e-01   3.968406e+00  -1.031594e+00
13.6	   3.970802e+00  -1.029198e+00   4.054370e+00  -9.456302e-01   3.948520e+00  -1.051480e+00   4.055048e+00  -9.449518e-01   3.956237e+00  -1.043763e+00
13.7	   3.958054e+00  -1.041946e+00   4.060282e+00  -9.397176e-01   3.943176e+00  -1.056824e+00   4.062258e+00  -9.377420e-01   3.947583e+00  -1.052417e+00
13.8	   3.948772e+00  -1.051228e+00   4.061109e+00  -9.388913e-01   3.942179e+00  -1.057821e+00   4.063754e+00  -9.362462e-01   3.943100e+00  -1.056900e+00
13.9	   3.943392e+00  -1.056608e+00   4.056620e+00  -9.433801e-01   3.945605e+00  -1.054395e+00   4.059449e+00  -9.405510e-01   3.943122e+00  -1.056878e+00
14	   3.942303e+00  -1.057697e+00   4.047148e+00  -9.528515e-01   3.953224e+00  -1.046776e+00   4.050028e+00  -9.499717e-01   3.947763e+00  -1.052237e+00
14.1	   3.945777e+00  -1.054223e+00   4.033730e+00  -9.662697e-01   3.964510e+00  -1.035490e+00   4.036675e+00  -9.633251e-01   3.956758e+00  -1.043242e+00
14.2	   3.953376e+00  -1.046624e+00   4.017866e+00  -9.821340e-01   3.978757e+00  -1.021243e+00   4.020729e+00  -9.792708e-01   3.969557e+00  -1.030443e+00
14.3	   3.964639e+00  -1.035361e+00   4.000973e+00  -9.990271e-01   3.994961e+00  -1.005039e+00   4.003683e+00  -9.963166e-01   3.985297e+00  -1.014703e+00
14.4	   3.978854e+00  -1.021146e+00   3.984408e+00  -1.015592e+00   4.011938e+00  -9.880620e-01   3.986922e+00  -1.013078e+00   4.002802e+00  -9.971980e-01
14.5	   3.995142e+00  -1.004858e+00   3.969459e+00  -1.030541e+00   4.028279e+00  -9.717208e-01   3.971654e+00  -1.028346e+00   4.020599e+00  -9.794006e-01
14.6	   4.012285e+00  -9.877151e-01   3.957149e+00  -1.042851e+00   4.042609e+00  -9.573908e-01   3.958921e+00  -1.041079e+00   4.037084e+00  -9.629165e-01
14.7	   4.028598e+00  -9.714017e-01   3.948277e+00  -1.051723e+00   4.053585e+00  -9.464148e-01   3.949493e+00  -1.050507e+00   4.050673e+00  -9.493270e-01
14.8	   4.042738e+00  -9.572622e-01   3.943415e+00  -1.056585e+00   4.060160e+00  -9.398398e-01   3.943958e+00  -1.056042e+00   4.059947e+00  -9.400529e-01
14.9	   4.053450e+00  -9.465495e-01   3.942836e+00  -1.057164e+00   4.061589e+00  -9.384110e-01   3.942596e+00  -1.057404e+00   4.063857e+00  -9.361428e-01
15	   4.059835e+00  -9.401651e-01   3.946616e+00  -1.053384e+00   4.057580e+00  -9.424204e-01   3.945512e+00  -1.054488e+00   4.062023e+00  -9.379773e-01
15.1	   4.061223e+00  -9.387766e-01   3.954503e+00  -1.045497e+00   4.048515e+00  -9.514850e-01   3.952564e+00  -1.047436e+00   4.054611e+00  -9.453888e-01
15.2	   4.057239e+00  -9.427613e-01   3.965940e+00  -1.034060e+00   4.035369e+00  -9.646306e-01   3.963318e+00  -1.036682e+00   4.042509e+00  -9.574913e-01
15.3	   4.048216e+00  -9.517843e-01   3.980285e+00  -1.019715e+00   4.019553e+00  -9.804470e-01   3.977108e+00  -1.022892e+00   4.026966e+00  -9.730342e-01
15.4	   4.035144e+00  -9.648562e-01   3.996595e+00  -1.003405e+00   4.002570e+00  -9.974302e-01   3.993035e+00  -1.006965e+00   4.009464e+00  -9.905362e-01
15.5	   4.019666e+00  -9.803342e-01   4.013602e+00  -9.863979e-01   3.985832e+00  -1.014168e+00   4.009910e+00  -9.900898e-01   3.991569e+00  -1.008431e+00
15.6	   4.002945e+00  -9.970554e-01   4.029835e+00  -9.701650e-01   3.970672e+00  -1.029328e+00   4.026392e+00  -9.736084e-01   3.974730e+00  -1.025270e+00
15.7	   3.986123e+00  -1.013877e+00   4.043838e+00  -9.561624e-01   3.958099e+00  -1.041901e+00   4.041056e+00  -9.589436e-01   3.960211e+00  -1.039789e+00
15.8	   3.970783e+00  -1.029217e+00   4.054279e+00  -9.457214e-01   3.948865e+00  -1.051135e+00   4.052536e+00  -9.474644e-01   3.949043e+00  -1.050957e+00
15.9	   3.958037e+00  -1.041963e+00   4.060224e+00  -9.397764e-01   3.943581e+00  -1.056419e+00   4.059723e+00  -9.402769e-01   3.941992e+00  -1.058008e+00
16	   3.948759e+00  -1.051241e+00   4.061140e+00  -9.388605e-01   3.942545e+00  -1.057455e+00   4.061791e+00  -9.382087e-01   3.939486e+00  -1.060514e+00
16.1	   3.943378e+00  -1.056622e+00   4.056536e+00  -9.434641e-01   3.945844e+00  -1.054156e+00   4.058469e+00  -9.415310e-01   3.941686e+00  -1.058314e+00
16.2	   3.942287e+00  -1.057713e+00   4.046993e+00  -9.530074e-01   3.953317e+00  -1.046683e+00   4.050077e+00  -9.499232e-01   3.948508e+00  -1.051492e+00
16.3	   3.945761e+00  -1.054239e+00   4.033641e+00  -9.663587e-01   3.964556e+00  -1.035444e+00   4.037491e+00  -9.625087e-01   3.959510e+00  -1.040490e+00
16.4	   3.953363e+00  -1.046637e+00   4.017779e+00  -9.822214e-01   3.978827e+00  -1.021173e+00   4.021920e+00  -9.780799e-01   3.974006e+00  -1.025994e+00
16.5	   3.964627e+00  -1.035373e+00   4.000917e+00  -9.990833e-01   3.995099e+00  -1.004901e+00   4.004861e+00  -9.951391e-01   3.990940e+00  -1.009060e+00
16.6	   3.978843e+00  -1.021157e+00   3.984408e+00  -1.015592e+00   4.012129e+00  -9.878707e-01   3.987785e+00  -1.012215e+00   4.008989e+00  -9.910108e-01
16.7	   3.995135e+00  -1.004865e+00   3.969460e+00  -1.030540e+00   4.028514e+00  -9.714858e-01   3.972083e+00  -1.027917e+00   4.026613e+00  -9.733870e-01
16.8	   4.012285e+00  -9.877150e-01   3.957162e+00  -1.042838e+00   4.042837e+00  -9.571627e-01   3.958919e+00  -1.041081e+00   4.042124e+00  -9.578758e-01
16.9	   4.028611e+00  -9.713885e-01   3.948351e+00  -1.051649e+00   4.053766e+00  -9.462341e-01   3.949159e+00  -1.050841e+00   4.054037e+00  -9.459627e-01
17	   4.042761e+00  -9.572386e-01   3.943563e+00  -1.056437e+00   4.060281e+00  -9.397189e-01   3.943430e+00  -1.056570e+00   4.061127e+00  -9.388730e-01
17.1	   4.053490e+00  -9.465103e-01   3.943015e+00  -1.056985e+00   4.061571e+00  -9.384295e-01   3.942017e+00  -1.057983e+00   4.062716e+00  -9.372836e-01
17.2	   4.059883e+00  -9.401172e-01   3.946767e+00  -1.053233e+00   4.057415e+00  -9.425848e-01   3.945004e+00  -1.054996e+00   4.058793e+00  -9.412073e-01
17.3	   4.061281e+00  -9.387187e-01   3.954614e+00  -1.045386e+00   4.048225e+00  -9.517748e-01   3.952215e+00  -1.047785e+00   4.049911e+00  -9.500887e-01
17.4	   4.057301e+00  -9.426987e-01   3.966054e+00  -1.033946e+00   4.035104e+00  -9.648962e-01   3.963168e+00  -1.036832e+00   4.037213e+00  -9.627868e-01
17.5	   4.048282e+00  -9.517177e-01   3.980419e+00  -1.019581e+00   4.019370e+00  -9.806301e-01   3.977176e+00  -1.022824e+00   4.021889e+00  -9.781113e-01
17.6	   4.035212e+00  -9.647881e-01   3.996728e+00  -1.003272e+00   4.002461e+00  -9.975388e-01   3.993286e+00  -1.006714e+00   4.005347e+00  -9.946534e-01
17.7	   4.019733e+00  -9.802672e-01   4.013714e+00  -9.862859e-01   3.985825e+00  -1.014175e+00   4.010301e+00  -9.896991e-01   3.988899e+00  -1.011101e+00
17.8	   4.003010e+00  -9.969899e-01   4.029913e+00  -9.700873e-01   3.970656e+00  -1.029344e+00   4.026848e+00  -9.731524e-01   3.973731e+00  -1.026269e+00
17.9	   3.986191e+00  -1.013809e+00   4.043833e+00  -9.561668e-01   3.957983e+00  -1.042017e+00   4.041495e+00  -9.585051e-01   3.960851e+00  -1.039149e+00
18	   3.970849e+00  -1.029151e+00   4.054256e+00  -9.457443e-01   3.948721e+00  -1.051279e+00   4.052842e+00  -9.471581e-01   3.951052e+00  -1.048948e+00
18.1	   3.958102e+00  -1.041898e+00   4.060312e+00  -9.396881e-01   3.943482e+00  -1.056518e+00   4.059791e+00  -9.402095e-01   3.944981e+00  -1.055019e+00
18.2	   3.948825e+00  -1.051175e+00   4.061106e+00  -9.388944e-01   3.942525e+00  -1.057475e+00   4.061604e+00  -9.383958e-01   3.942983e+00  -1.057017e+00
18.3	   3.943442e+00  -1.056558e+00   4.056464e+00  -9.435359e-01   3.945924e+00  -1.054076e+00   4.058048e+00  -9.419520e-01   3.945174e+00  -1.054826e+00
18.4	   3.942343e+00  -1.057657e+00   4.046891e+00  -9.531095e-01   3.953470e+00  -1.046530e+00   4.049546e+00  -9.504539e-01   3.951513e+00  -1.048487e+00
18.5	   3.945810e+00  -1.054190e+00   4.033511e+00  -9.664885e-01   3.964733e+00  -1.035267e+00   4.036891e+00  -9.631088e-01   3.961664e+00  -1.038336e+00
18.6	   3.953405e+00  -1.046595e+00   4.017691e+00  -9.823087e-01   3.978908e+00  -1.021092e+00   4.021371e+00  -9.786293e-01   3.975040e+00  -1.024960e+00
18.7	   3.964656e+00  -1.035344e+00   4.000845e+00  -9.991548e-01   3.995105e+00  -1.004895e+00   4.004381e+00  -9.956193e-01   3.990817e+00  -1.009183e+00
18.8	   3.978860e+00  -1.021140e+00   3.984301e+00  -1.015699e+00   4.012084e+00  -9.879163e-01   3.987452e+00  -1.012548e+00   4.007826e+00  -9.921738e-01
18.9	   3.995136e+00  -1.004864e+00   3.969350e+00  -1.030650e+00   4.028470e+00  -9.715297e-01   3.971928e+00  -1.028072e+00   4.024717e+00  -9.752827e-01
19	   4.012275e+00  -9.877251e-01   3.957097e+00  -1.042903e+00   4.042815e+00  -9.571850e-01   3.958943e+00  -1.041057e+00   4.040004e+00  -9.599965e-01
19.1	   4.028595e+00  -9.714050e-01   3.948343e+00  -1.051657e+00   4.053785e+00  -9.462150e-01   3.949347e+00  -1.050653e+00   4.052147e+00  -9.478534e-01
19.2	   4.042737e+00  -9.572634e-01   3.943574e+00  -1.056426e+00   4.060225e+00  -9.397752e-01   3.943765e+00  -1.056235e+00   4.059925e+00  -9.400751e-01
19.3	   4.053457e+00  -9.465429e-01   3.943014e+00  -1.056986e+00   4.061430e+00  -9.385701e-01   3.942436e+00  -1.057564e+00   4.062388e+00  -9.376122e-01
19.4	   4.059838e+00  -9.401621e-01   3.946733e+00  -1.053267e+00   4.057229e+00  -9.427711e-01   3.945465e+00  -1.054535e+00   4.059347e+00  -9.406533e-01
19.5	   4.061226e+00  -9.387742e-01   3.954575e+00  -1.045425e+00   4.048005e+00  -9.519948e-01   3.952663e+00  -1.047337e+00   4.051108e+00  -9.488924e-01
19.6	   4.057234e+00  -9.427660e-01   3.966027e+00  -1.033973e+00   4.034918e+00  -9.650819e-01   3.963565e+00  -1.036435e+00   4.038632e+00  -9.613680e-01
19.7	   4.048213e+00  -9.517868e-01   3.980393e+00  -1.019607e+00   4.019194e+00  -9.808058e-01   3.977498e+00  -1.022502e+00   4.023134e+00  -9.768660e-01
19.8	   4.035139e+00  -9.648607e-01   3.996712e+00  -1.003288e+00   4.002389e+00  -9.976114e-01   3.993519e+00  -1.006481e+00   4.006108e+00  -9.938924e-01
19.9	   4.019658e+00  -9.803417e-01   4.013724e+00  -9.862758e-01   3.985820e+00  -1.014180e+00   4.010472e+00  -9.895275e-01   3.988991e+00  -1.011009e+00
20	   4.002940e+00  -9.970596e-01   4.029848e+00  -9.701519e-01   3.970647e+00  -1.029353e+00   4.027009e+00  -9.729913e-01   3.973152e+00  -1.026848e+00
20.1	   3.986128e+00  -1.013872e+00   4.043747e+00  -9.562532e-01   3.958030e+00  -1.041970e+00   4.041677e+00  -9.583227e-01   3.959721e+00  -1.040279e+00
20.2	   3.970789e+00  -1.029211e+00   4.054292e+00  -9.457078e-01   3.948862e+00  -1.051138e+00   4.053100e+00  -9.468996e-01   3.949589e+00  -1.050411e+00
20.3	   3.958048e+00  -1.041952e+00   4.060318e+00  -9.396817e-01   3.943695e+00  -1.056305e+00   4.060091e+00  -9.399090e-01   3.943473e+00  -1.056527e+00
20.4	   3.948783e+00  -1.051217e+00   4.061102e+00  -9.388976e-01   3.942786e+00  -1.057214e+00   4.061757e+00  -9.382426e-01   3.941694e+00  -1.058306e+00
20.5	   3.943407e+00  -1.056593e+00   4.056431e+00  -9.435691e-01   3.946206e+00  -1.053794e+00   4.057919e+00  -9.420806e-01   3.944326e+00  -1.055674e+00
20.6	   3.942313e+00  -1.057687e+00   4.046852e+00  -9.531484e-01   3.953755e+00  -1.046245e+00   4.049038e+00  -9.509624e-01   3.951204e+00  -1.048796e+00
20.7	   3.945789e+00  -1.054211e+00   4.033497e+00  -9.665029e-01   3.964974e+00  -1.035026e+00   4.036172e+00  -9.638282e-01   3.961918e+00  -1.038082e+00
20.8	   3.953394e+00  -1.046606e+00   4.017745e+00  -9.822547e-01   3.979114e+00  -1.020886e+00   4.020624e+00  -9.793764e-01   3.975812e+00  -1.024188e+00
20.9	   3.964662e+00  -1.035338e+00   4.000889e+00  -9.991108e-01   3.995291e+00  -1.004709e+00   4.003801e+00  -9.961994e-01   3.991817e+00  -1.008183e+00
21	   3.978884e+00  -1.021116e+00   3.984362e+00  -1.015638e+00   4.012245e+00  -9.877553e-01   3.987080e+00  -1.012920e+00   4.008825e+00  -9.911754e-01
21.1	   3.995179e+00  -1.004821e+00   3.969462e+00  -1.030538e+00   4.028557e+00  -9.714434e-01   3.971710e+00  -1.028290e+00   4.025498e+00  -9.745015e-01
21.2	   4.012337e+00  -9.876633e-01   3.957254e+00  -1.042746e+00   4.042820e+00  -9.571803e-01   3.958788e+00  -1.041212e+00   4.040369e+00  -9.596308e-01
21.3	   4.028679e+00  -9.713211e-01   3.948528e+00  -1.051472e+00   4.053745e+00  -9.462551e-01   3.949178e+00  -1.050822e+00   4.052186e+00  -9.478143e-01
21.4	   4.042836e+00  -9.571638e-01   3.943752e+00  -1.056248e+00   4.060168e+00  -9.398324e-01   3.943554e+00  -1.056446e+00   4.059699e+00  -9.403012e-01
21.5	   4.053575e+00  -9.464250e-01   3.943164e+00  -1.056836e+00   4.061287e+00  -9.387129e-01   3.942238e+00  -1.057762e+00   4.062093e+00  -9.379069e-01
21.6	   4.059963e+00  -9.400370e-01   3.946862e+00  -1.053138e+00   4.056893e+00  -9.431069e-01   3.945315e+00  -1.054685e+00   4.059065e+00  -9.409351e-01
21.7	   4.061354e+00  -9.386462e-01   3.954689e+00  -1.045311e+00   4.047611e+00  -9.523887e-01   3.952622e+00  -1.047378e+00   4.050900e+00  -9.490998e-01
21.8	   4.057356e+00  -9.426437e-01   3.966076e+00  -1.033924e+00   4.034545e+00  -9.654547e-01   3.963639e+00  -1.036361e+00   4.038494e+00  -9.615063e-01
21.9	   4.048330e+00  -9.516703e-01   3.980424e+00  -1.019576e+00   4.018871e+00  -9.811293e-01   3.977672e+00  -1.022328e+00   4.023089e+00  -9.769108e-01
22	   4.035246e+00  -9.647538e-01   3.996743e+00  -1.003257e+00   4.002064e+00  -9.979362e-01   3.993793e+00  -1.006207e+00   4.006169e+00  -9.938314e-01
22.1	   4.019748e+00  -9.802523e-01   4.013674e+00  -9.863258e-01   3.985430e+00  -1.014570e+00   4.010798e+00  -9.892015e-01   3.989189e+00  -1.010811e+00
22.2	   4.003008e+00  -9.969921e-01   4.029695e+00  -9.703045e-01   3.970293e+00  -1.029707e+00   4.027347e+00  -9.726528e-01   3.973477e+00  -1.026523e+00
22.3	   3.986177e+00  -1.013823e+00   4.043613e+00  -9.563873e-01   3.957800e+00  -1.042200e+00   4.042045e+00  -9.579546e-01   3.960142e+00  -1.039858e+00
22.4	   3.970815e+00  -1.029185e+00   4.054138e+00  -9.458620e-01   3.948731e+00  -1.051269e+00   4.053454e+00  -9.465459e-01   3.950115e+00  -1.049885e+00
22.5	   3.958048e+00  -1.041952e+00   4.060118e+00  -9.398821e-01   3.943635e+00  -1.056365e+00   4.060354e+00  -9.396462e-01   3.944074e+00  -1.055926e+00
22.6	   3.948759e+00  -1.051241e+00   4.060866e+00  -9.391336e-01   3.942794e+00  -1.057206e+00   4.061890e+00  -9.381103e-01   3.942232e+00  -1.057768e+00
22.7	   3.943362e+00  -1.056638e+00   4.056148e+00  -9.438524e-01   3.946232e+00  -1.053768e+00   4.058034e+00  -9.419664e-01   3.944717e+00  -1.055283e+00
22.8	   3.942248e+00  -1.057752e+00   4.046537e+00  -9.534632e-01   3.953829e+00  -1.046171e+00   4.049171e+00  -9.508288e-01   3.951511e+00  -1.048489e+00
22.9	   3.945702e+00  -1.054298e+00   4.033250e+00  -9.667499e-01   3.965138e+00  -1.034862e+00   4.036396e+00  -9.636039e-01   3.962133e+00  -1.037867e+00
23	   3.953289e+00  -1.046711e+00   4.017497e+00  -9.825031e-01   3.979365e+00  -1.020635e+00   4.020854e+00  -9.791463e-01   3.975812e+00  -1.024188e+00
23.1	   3.964537e+00  -1.035463e+00   4.000666e+00  -9.993340e-01   3.995570e+00  -1.004430e+00   4.003984e+00  -9.960163e-01   3.991729e+00  -1.008271e+00
23.2	   3.978741e+00  -1.021259e+00   3.984183e+00  -1.015817e+00   4.012506e+00  -9.874944e-01   3.987179e+00  -1.012821e+00   4.008694e+00  -9.913064e-01
23.3	   3.995016e+00  -1.004984e+00   3.969342e+00  -1.030658e+00   4.028841e+00  -9.711590e-01   3.971794e+00  -1.028206e+00   4.025232e+00  -9.747676e-01
23.4	   4.012169e+00  -9.878307e-01   3.957218e+00  -1.042782e+00   4.043179e+00  -9.568208e-01   3.958881e+00  -1.041119e+00   4.040066e+00  -9.599344e-01
23.5	   4.028504e+00  -9.714958e-01   3.948533e+00  -1.051467e+00   4.054157e+00  -9.458430e-01   3.949331e+00  -1.050669e+00   4.051712e+00  -9.482879e-01
23.6	   4.042661e+00  -9.573385e-01   3.943781e+00  -1.056219e+00   4.060529e+00  -9.394710e-01   3.943786e+00  -1.056214e+00   4.059095e+00  -9.409052e-01
23.7	   4.053408e+00  -9.465921e-01   3.943253e+00  -1.056747e+00   4.061537e+00  -9.384628e-01   3.942451e+00  -1.057549e+00   4.061327e+00  -9.386731e-01
23.8	   4.059815e+00  -9.401853e-01   3.947008e+00  -1.052992e+00   4.057049e+00  -9.429509e-01   3.945441e+00  -1.054559e+00   4.058130e+00  -9.418703e-01
23.9	   4.061234e+00  -9.387657e-01   3.954859e+00  -1.045141e+00   4.047882e+00  -9.521182e-01   3.952575e+00  -1.047425e+00   4.049793e+00  -9.502070e-01
24	   4.057275e+00  -9.427246e-01   3.966289e+00  -1.033711e+00   4.034735e+00  -9.652653e-01   3.963450e+00  -1.036550e+00   4.037277e+00  -9.627227e-01
24.1	   4.048291e+00  -9.517089e-01   3.980716e+00  -1.019284e+00   4.019071e+00  -9.809291e-01   3.977360e+00  -1.022640e+00   4.021886e+00  -9.781142e-01
24.2	   4.035251e+00  -9.647491e-01   3.997077e+00  -1.002923e+00   4.002148e+00  -9.978517e-01   3.993435e+00  -1.006565e+00   4.005122e+00  -9.948781e-01
24.3	   4.019798e+00  -9.802016e-01   4.013971e+00  -9.860287e-01   3.985463e+00  -1.014537e+00   4.010441e+00  -9.895594e-01   3.988416e+00  -1.011584e+00
24.4	   4.003101e+00  -9.968994e-01   4.029981e+00  -9.700186e-01   3.970359e+00  -1.029641e+00   4.026964e+00  -9.730365e-01   3.973026e+00  -1.026974e+00
24.5	   3.986306e+00  -1.013694e+00   4.043958e+00  -9.560418e-01   3.957873e+00  -1.042127e+00   4.041559e+00  -9.584411e-01   3.960118e+00  -1.039882e+00
24.6	   3.970978e+00  -1.029022e+00   4.054421e+00  -9.455793e-01   3.948718e+00  -1.051282e+00   4.052830e+00  -9.471698e-01   3.950526e+00  -1.049474e+00
24.7	   3.958239e+00  -1.041761e+00   4.060399e+00  -9.396008e-01   3.943524e+00  -1.056476e+00   4.059639e+00  -9.403615e-01   3.944722e+00  -1.055278e+00
24.8	   3.948963e+00  -1.051037e+00   4.061078e+00  -9.389216e-01   3.942575e+00  -1.057425e+00   4.061159e+00  -9.388409e-01   3.943054e+00  -1.056946e+00
24.9	   3.943579e+00  -1.056421e+00   4.056305e+00  -9.436945e-01   3.945965e+00  -1.054035e+00   4.057302e+00  -9.426977e-01   3.945754e+00  -1.054246e+00
25	   3.942475e+00  -1.057525e+00   4.046654e+00  -9.533464e-01   3.953529e+00  -1.046471e+00   4.048542e+00  -9.514579e-01   3.952659e+00  -1.047341e+00
25.1	   3.945938e+00  -1.054062e+00   4.033342e+00  -9.666583e-01   3.964775e+00  -1.035225e+00   4.035810e+00  -9.641897e-01   3.963244e+00  -1.036756e+00
25.2	   3.953532e+00  -1.046468e+00   4.017526e+00  -9.824744e-01   3.978946e+00  -1.021054e+00   4.020395e+00  -9.796050e-01   3.976967e+00  -1.023033e+00
25.3	   3.964783e+00  -1.035217e+00   4.000639e+00  -9.993614e-01   3.995071e+00  -1.004929e+00   4.003660e+00  -9.963399e-01   3.992911e+00  -1.007089e+00
25.4	   3.978980e+00  -1.021020e+00   3.984090e+00  -1.015910e+00   4.011955e+00  -9.880448e-01   3.987075e+00  -1.012925e+00   4.009865e+00  -9.901352e-01
25.5	   3.995233e+00  -1.004767e+00   3.969209e+00  -1.030791e+00   4.028331e+00  -9.716694e-01   3.971920e+00  -1.028080e+00   4.026448e+00  -9.735525e-01
25.6	   4.012350e+00  -9.876499e-01   3.957024e+00  -1.042976e+00   4.042781e+00  -9.572189e-01   3.959272e+00  -1.040728e+00   4.041194e+00  -9.588062e-01
25.7	   4.028638e+00  -9.713618e-01   3.948257e+00  -1.051743e+00   4.053744e+00  -9.462557e-01   3.949984e+00  -1.050016e+00   4.052591e+00  -9.474089e-01
25.8	   4.042731e+00  -9.572692e-01   3.943438e+00  -1.056562e+00   4.060079e+00  -9.399208e-01   3.944632e+00  -1.055368e+00   4.059529e+00  -9.404710e-01
25.9	   4.053400e+00  -9.466001e-01   3.942846e+00  -1.057154e+00   4.061092e+00  -9.389077e-01   3.943389e+00  -1.056611e+00   4.061208e+00  -9.387920e-01
26	   4.059727e+00  -9.402728e-01   3.946550e+00  -1.053450e+00   4.056767e+00  -9.432332e-01   3.946417e+00  -1.053583e+00   4.057520e+00  -9.424800e-01
26.1	   4.061069e+00  -9.389315e-01   3.954349e+00  -1.045651e+00   4.047697e+00  -9.523028e-01   3.953587e+00  -1.046413e+00   4.048859e+00  -9.511412e-01
26.2	   4.057041e+00  -9.429591e-01   3.965787e+00  -1.034213e+00   4.034675e+00  -9.653246e-01   3.964421e+00  -1.035579e+00   4.036210e+00  -9.637901e-01
26.3	   4.047995e+00  -9.520049e-01   3.980239e+00  -1.019761e+00   4.019062e+00  -9.809381e-01   3.978357e+00  -1.021643e+00   4.020746e+00  -9.792543e-01
26.4	   4.034907e+00  -9.650933e-01   3.996614e+00  -1.003386e+00   4.002342e+00  -9.976584e-01   3.994330e+00  -1.005670e+00   4.003859e+00  -9.961405e-01
26.5	   4.019414e+00  -9.805855e-01   4.013526e+00  -9.864743e-01   3.985865e+00  -1.014135e+00   4.011147e+00  -9.888534e-01   3.986958e+00  -1.013042e+00
26.6	   4.002705e+00  -9.972949e-01   4.029623e+00  -9.703772e-01   3.970902e+00  -1.029098e+00   4.027471e+00  -9.725287e-01   3.971491e+00  -1.028509e+00
26.7	   3.985904e+00  -1.014096e+00   4.043701e+00  -9.562993e-01   3.958482e+00  -1.041518e+00   4.041841e+00  -9.581592e-01   3.958693e+00  -1.041307e+00
26.8	   3.970574e+00  -1.029426e+00   4.054256e+00  -9.457438e-01   3.949436e+00  -1.050564e+00   4.052906e+00  -9.470942e-01   3.949104e+00  -1.050896e+00
26.9	   3.957845e+00  -1.042155e+00   4.060342e+00  -9.396582e-01   3.944303e+00  -1.055697e+00   4.059276e+00  -9.407240e-01   3.943448e+00  -1.056552e+00
27	   3.948606e+00  -1.051394e+00   4.061132e+00  -9.388682e-01   3.943344e+00  -1.056656e+00   4.060572e+00  -9.394284e-01   3.942142e+00  -1.057858e+00
27.1	   3.943254e+00  -1.056746e+00   4.056456e+00  -9.435436e-01   3.946726e+00  -1.053274e+00   4.056429e+00  -9.435707e-01   3.945165e+00  -1.054835e+00
27.2	   3.942193e+00  -1.057807e+00   4.046932e+00  -9.530682e-01   3.954274e+00  -1.045726e+00   4.047508e+00  -9.524921e-01   3.952322e+00  -1.047678e+00
27.3	   3.945716e+00  -1.054284e+00   4.033739e+00  -9.662605e-01   3.965418e+00  -1.034582e+00   4.034551e+00  -9.654489e-01   3.963287e+00  -1.036713e+00
27.4	   3.953375e+00  -1.046625e+00   4.018016e+00  -9.819842e-01   3.979386e+00  -1.020614e+00   4.018930e+00  -9.810696e-01   3.977356e+00  -1.022644e+00
27.5	   3.964706e+00  -1.035294e+00   4.001215e+00  -9.987845e-01   3.995333e+00  -1.004667e+00   4.002196e+00  -9.978039e-01   3.993665e+00  -1.006335e+00
27.6	   3.978992e+00  -1.021008e+00   3.984735e+00  -1.015265e+00   4.012081e+00  -9.879187e-01   3.985644e+00  -1.014356e+00   4.010945e+00  -9.890551e-01
27.7	   3.995349e+00  -1.004651e+00   3.969908e+00  -1.030092e+00   4.028313e+00  -9.716865e-01   3.970640e+00  -1.029360e+00   4.027770e+00  -9.722303e-01
27.8	   4.012576e+00  -9.874239e-01   3.957736e+00  -1.042264e+00   4.042564e+00  -9.574364e-01   3.958264e+00  -1.041736e+00   4.042623e+00  -9.573773e-01
27.9	   4.028975e+00  -9.710253e-01   3.948928e+00  -1.051072e+00   4.053247e+00  -9.467531e-01   3.949117e+00  -1.050883e+00   4.054088e+00  -9.459119e-01
28	   4.043177e+00  -9.568232e-01   3.944058e+00  -1.055942e+00   4.059356e+00  -9.406444e-01   3.943914e+00  -1.056086e+00   4.061010e+00  -9.389903e-01
28.1	   4.053948e+00  -9.460523e-01   3.943387e+00  -1.056613e+00   4.060180e+00  -9.398196e-01   3.942979e+00  -1.057021e+00   4.062747e+00  -9.372530e-01
28.2	   4.060345e+00  -9.396548e-01   3.946962e+00  -1.053038e+00   4.055836e+00  -9.441641e-01   3.946305e+00  -1.053695e+00   4.058889e+00  -9.411108e-01
28.3	   4.061722e+00  -9.382779e-01   3.954624e+00  -1.045376e+00   4.046539e+00  -9.534609e-01   3.953790e+00  -1.046210e+00   4.050034e+00  -9.499658e-01
28.4	   4.057688e+00  -9.423118e-01   3.965906e+00  -1.034094e+00   4.033469e+00  -9.665308e-01   3.964997e+00  -1.035003e+00   4.037074e+00  -9.629263e-01
28.5	   4.048597e+00  -9.514031e-01   3.980177e+00  -1.019823e+00   4.017904e+00  -9.820956e-01   3.979172e+00  -1.020828e+00   4.021238e+00  -9.787625e-01
28.6	   4.035448e+00  -9.645516e-01   3.996351e+00  -1.003649e+00   4.001248e+00  -9.987522e-01   3.995353e+00  -1.004647e+00   4.004003e+00  -9.959969e-01
28.7	   4.019867e+00  -9.801331e-01   4.013046e+00  -9.869535e-01   3.984850e+00  -1.015150e+00   4.012462e+00  -9.875378e-01   3.986872e+00  -1.013128e+00
28.8	   4.003040e+00  -9.969604e-01   4.028970e+00  -9.710299e-01   3.970105e+00  -1.029895e+00   4.028966e+00  -9.710340e-01   3.971287e+00  -1.028713e+00
28.9	   3.986132e+00  -1.013868e+00   4.042882e+00  -9.571183e-01   3.957866e+00  -1.042134e+00   4.043392e+00  -9.566079e-01   3.958082e+00  -1.041918e+00
29	   3.970685e+00  -1.029315e+00   4.053310e+00  -9.466895e-01   3.949006e+00  -1.050994e+00   4.054314e+00  -9.456858e-01   3.948075e+00  -1.051925e+00
29.1	   3.957832e+00  -1.042168e+00   4.059300e+00  -9.407003e-01   3.944083e+00  -1.055917e+00   4.060591e+00  -9.394089e-01   3.942195e+00  -1.057805e+00
29.2	   3.948472e+00  -1.051528e+00   4.060053e+00  -9.399474e-01   3.943455e+00  -1.056545e+00   4.061819e+00  -9.381808e-01   3.940605e+00  -1.059395e+00
29.3	   3.943009e+00  -1.056991e+00   4.055378e+00  -9.446224e-01   3.947104e+00  -1.052896e+00   4.057475e+00  -9.425253e-01   3.943400e+00  -1.056600e+00
29.4	   3.941842e+00  -1.058158e+00   4.045913e+00  -9.540866e-01   3.954881e+00  -1.045119e+00   4.048142e+00  -9.518583e-01   3.950608e+00  -1.049392e+00
29.5	   3.945253e+00  -1.054747e+00   4.032799e+00  -9.672015e-01   3.966179e+00  -1.033821e+00   4.034796e+00  -9.652044e-01   3.961644e+00  -1.038356e+00
29.6	   3.952801e+00  -1.047199e+00   4.017201e+00  -9.827989e-01   3.980322e+00  -1.019678e+00   4.019034e+00  -9.809662e-01   3.975879e+00  -1.024121e+00
29.7	   3.964027e+00  -1.035973e+00   4.000551e+00  -9.994491e-01   3.996448e+00  -1.003552e+00   4.001883e+00  -9.981175e-01   3.992409e+00  -1.007591e+00
29.8	   3.978227e+00  -1.021773e+00   3.984243e+00  -1.015757e+00   4.013285e+00  -9.867145e-01   3.985092e+00  -1.014908e+00   4.009874e+00  -9.901262e-01
29.9	   3.994509e+00  -1.005491e+00   3.969618e+00  -1.030382e+00   4.029605e+00  -9.703950e-01   3.969797e+00  -1.030203e+00   4.026983e+00  -9.730172e-01
30	   4.011693e+00  -9.883068e-01   3.957659e+00  -1.042341e+00   4.043728e+00  -9.562716e-01   3.956999e+00  -1.043001e+00   4.042240e+00  -9.577600e-01
30.1	   4.028090e+00  -9.719097e-01   3.949060e+00  -1.050940e+00   4.054308e+00  -9.456922e-01   3.947692e+00  -1.052308e+00   4.054090e+00  -9.459105e-01
30.2	   4.042342e+00  -9.576584e-01   3.944413e+00  -1.055587e+00   4.060168e+00  -9.398318e-01   3.942384e+00  -1.057616e+00   4.061512e+00  -9.384883e-01
30.3	   4.053203e+00  -9.467972e-01   3.943931e+00  -1.056069e+00   4.060914e+00  -9.390865e-01   3.941293e+00  -1.058707e+00   4.063495e+00  -9.365047e-01
30.4	   4.059744e+00  -9.402560e-01   3.947697e+00  -1.052303e+00   4.056200e+00  -9.437998e-01   3.944591e+00  -1.055409e+00   4.059924e+00  -9.400763e-01
30.5	   4.061297e+00  -9.387025e-01   3.955518e+00  -1.044482e+00   4.046662e+00  -9.533384e-01   3.952165e+00  -1.047835e+00   4.051350e+00  -9.486498e-01
30.6	   4.057471e+00  -9.425285e-01   3.966935e+00  -1.033065e+00   4.033289e+00  -9.667115e-01   3.963527e+00  -1.036473e+00   4.038560e+00  -9.614404e-01
30.7	   4.048601e+00  -9.513995e-01   3.981297e+00  -1.018703e+00   4.017437e+00  -9.825627e-01   3.977919e+00  -1.022081e+00   4.022877e+00  -9.771231e-01
30.8	   4.035647e+00  -9.643529e-01   3.997482e+00  -1.002518e+00   4.000446e+00  -9.995540e-01   3.994559e+00  -1.005441e+00   4.005694e+00  -9.943064e-01
30.9	   4.020247e+00  -9.797530e-01   4.014127e+00  -9.858734e-01   3.983907e+00  -1.016093e+00   4.011972e+00  -9.880275e-01   3.988693e+00  -1.011307e+00
31	   4.003560e+00  -9.964404e-01   4.029951e+00  -9.700493e-01   3.968866e+00  -1.031134e+00   4.028813e+00  -9.711867e-01   3.972887e+00  -1.027113e+00
31.1	   3.986756e+00  -1.013244e+00   4.043689e+00  -9.563115e-01   3.956441e+00  -1.043559e+00   4.043554e+00  -9.564455e-01   3.959222e+00  -1.040778e+00
31.2	   3.971398e+00  -1.028602e+00   4.053893e+00  -9.461066e-01   3.947512e+00  -1.052488e+00   4.054864e+00  -9.451364e-01   3.948949e+00  -1.051051e+00
31.3	   3.958594e+00  -1.041406e+00   4.059616e+00  -9.403838e-01   3.942606e+00  -1.057394e+00   4.061632e+00  -9.383678e-01   3.942604e+00  -1.057396e+00
31.4	   3.949223e+00  -1.050777e+00   4.060069e+00  -9.399315e-01   3.942017e+00  -1.057983e+00   4.063057e+00  -9.369425e-01   3.940415e+00  -1.059585e+00
31.5	   3.943749e+00  -1.056251e+00   4.055090e+00  -9.449101e-01   3.945850e+00  -1.054150e+00   4.058887e+00  -9.411126e-01   3.942810e+00  -1.057190e+00
31.6	   3.942535e+00  -1.057465e+00   4.045348e+00  -9.546525e-01   3.953729e+00  -1.046271e+00   4.049638e+00  -9.503616e-01   3.949437e+00  -1.050563e+00
31.7	   3.945872e+00  -1.054128e+00   4.031965e+00  -9.680347e-01   3.965227e+00  -1.034773e+00   4.036584e+00  -9.634158e-01   3.959986e+00  -1.040014e+00
31.8	   3.953326e+00  -1.046674e+00   4.016145e+00  -9.838553e-01   3.979733e+00  -1.020267e+00   4.020651e+00  -9.793492e-01   3.973857e+00  -1.026143e+00
31.9	   3.964434e+00  -1.035566e+00   3.999297e+00  -1.000703e+00   3.996106e+00  -1.003894e+00   4.003502e+00  -9.964983e-01   3.990045e+00  -1.009955e+00
32	   3.978477e+00  -1.021523e+00   3.982853e+00  -1.017147e+00   4.013408e+00  -9.865920e-01   3.986477e+00  -1.013523e+00   4.007424e+00  -9.925765e-01
32.1	   3.994548e+00  -1.005452e+00   3.968126e+00  -1.031874e+00   4.030016e+00  -9.699837e-01   3.970796e+00  -1.029204e+00   4.024513e+00  -9.754875e-01
32.2	   4.011487e+00  -9.885128e-01   3.956136e+00  -1.043864e+00   4.044467e+00  -9.555326e-01   3.957721e+00  -1.042279e+00   4.039856e+00  -9.601437e-01
32.3	   4.027610e+00  -9.723899e-01   3.947572e+00  -1.052428e+00   4.055188e+00  -9.448123e-01   3.948030e+00  -1.051970e+00   4.051973e+00  -9.480270e-01
32.4	   4.041570e+00  -9.584296e-01   3.943005e+00  -1.056995e+00   4.061430e+00  -9.385700e-01   3.942079e+00  -1.057921e+00   4.059780e+00  -9.402201e-01
32.5	   4.052150e+00  -9.478504e-01   3.942681e+00  -1.057319e+00   4.062304e+00  -9.376962e-01   3.940521e+00  -1.059479e+00   4.062182e+00  -9.378177e-01
32.6	   4.058470e+00  -9.415303e-01   3.946653e+00  -1.053347e+00   4.057682e+00  -9.423183e-01   3.943365e+00  -1.056635e+00   4.059067e+00  -9.409331e-01
32.7	   4.059864e+00  -9.401363e-01   3.954731e+00  -1.045269e+00   4.048157e+00  -9.518429e-01   3.950502e+00  -1.049498e+00   4.051105e+00  -9.488952e-01
32.8	   4.055990e+00  -9.440102e-01   3.966472e+00  -1.033528e+00   4.034696e+00  -9.653038e-01   3.961551e+00  -1.038449e+00   4.039006e+00  -9.609935e-01
32.9	   4.047139e+00  -9.528611e-01   3.981175e+00  -1.018825e+00   4.018675e+00  -9.813254e-01   3.975832e+00  -1.024168e+00   4.024009e+00  -9.759912e-01
33	   4.034272e+00  -9.657282e-01   3.997731e+00  -1.002269e+00   4.001498e+00  -9.985018e-01   3.992283e+00  -1.007717e+00   4.007500e+00  -9.924996e-01
33.1	   4.019027e+00  -9.809729e-01   4.014729e+00  -9.852706e-01   3.984597e+00  -1.015403e+00   4.009712e+00  -9.902875e-01   3.990862e+00  -1.009138e+00
33.2	   4.002560e+00  -9.974397e-01   4.030919e+00  -9.690814e-01   3.969089e+00  -1.030911e+00   4.026504e+00  -9.734964e-01   3.975301e+00  -1.024699e+00
33.3	   3.985962e+00  -1.014038e+00   4.044969e+00  -9.550314e-01   3.956365e+00  -1.043635e+00   4.041636e+00  -9.583640e-01   3.961736e+00  -1.038264e+00
33.4	   3.970838e+00  -1.029162e+00   4.055439e+00  -9.445612e-01   3.946951e+00  -1.053049e+00   4.053314e+00  -9.466864e-01   3.951502e+00  -1.048498e+00
33.5	   3.958284e+00  -1.041716e+00   4.061294e+00  -9.387063e-01   3.941681e+00  -1.058319e+00   4.060469e+00  -9.395307e-01   3.944818e+00  -1.055182e+00
33.6	   3.949159e+00  -1.050841e+00   4.061787e+00  -9.382130e-01   3.940814e+00  -1.059186e+00   4.062282e+00  -9.377184e-01   3.942212e+00  -1.057788e+00
33.7	   3.943901e+00  -1.056099e+00   4.056738e+00  -9.432622e-01   3.944203e+00  -1.055797e+00   4.058682e+00  -9.413184e-01   3.943973e+00  -1.056027e+00
33.8	   3.942892e+00  -1.057108e+00   4.046820e+00  -9.531799e-01   3.951912e+00  -1.048088e+00   4.050104e+00  -9.498955e-01   3.949910e+00  -1.050090e+00
33.9	   3.946432e+00  -1.053568e+00   4.033192e+00  -9.668077e-01   3.963294e+00  -1.036706e+00   4.037507e+00  -9.624932e-01   3.959647e+00  -1.040353e+00
34	   3.954079e+00  -1.045921e+00   4.017026e+00  -9.829742e-01   3.977647e+00  -1.022353e+00   4.022131e+00  -9.778687e-01   3.972799e+00  -1.027201e+00
34.1	   3.965363e+00  -1.034637e+00   3.999796e+00  -1.000204e+00   3.994217e+00  -1.005783e+00   4.005308e+00  -9.946918e-01   3.988365e+00  -1.011635e+00
34.2	   3.979553e+00  -1.020447e+00   3.982929e+00  -1.017071e+00   4.011668e+00  -9.883322e-01   3.988636e+00  -1.011364e+00   4.004967e+00  -9.950332e-01
34.3	   3.995745e+00  -1.004255e+00   3.967772e+00  -1.032228e+00   4.028596e+00  -9.714038e-01   3.973258e+00  -1.026742e+00   4.021570e+00  -9.784303e-01
34.4	   4.012734e+00  -9.872656e-01   3.955355e+00  -1.044645e+00   4.043227e+00  -9.567725e-01   3.960038e+00  -1.039962e+00   4.036651e+00  -9.633490e-01
34.5	   4.028823e+00  -9.711773e-01   3.946406e+00  -1.053594e+00   4.054481e+00  -9.455192e-01   3.950006e+00  -1.049994e+00   4.048669e+00  -9.513310e-01
34.6	   4.042624e+00  -9.573763e-01   3.941501e+00  -1.058499e+00   4.061193e+00  -9.388065e-01   3.943844e+00  -1.056156e+00   4.056379e+00  -9.436213e-01
34.7	   4.052973e+00  -9.470266e-01   3.940918e+00  -1.059082e+00   4.062406e+00  -9.375937e-01   3.941712e+00  -1.058288e+00   4.058991e+00  -9.410087e-01
34.8	   4.058959e+00  -9.410408e-01   3.944681e+00  -1.055319e+00   4.058367e+00  -9.416327e-01   3.943935e+00  -1.056065e+00   4.056493e+00  -9.435071e-01
34.9	   4.059967e+00  -9.400333e-01   3.952650e+00  -1.047350e+00   4.049287e+00  -9.507135e-01   3.950489e+00  -1.049511e+00   4.049252e+00  -9.507481e-01
35	   4.055665e+00  -9.443348e-01   3.964367e+00  -1.035633e+00   4.036116e+00  -9.638836e-01   3.960935e+00  -1.039065e+00   4.038065e+00  -9.619347e-01
