           0.1	(   7.556740e-01   0.000000e+00  2.844932e-05) (   3.778370e+00   0.000000e+00  5.854627e-06) (   7.556740e+00   0.000000e+00  1.331610e-06) (   1.133511e+01   0.000000e+00  3.138552e-07) (   1.511348e+01   0.000000e+00  7.420437e-08) 
0.2	(   7.556740e-01   0.000000e+00  1.906140e-04) (   3.778370e+00   0.000000e+00  3.703099e-05) (   7.556740e+00   0.000000e+00  8.411130e-06) (   1.133511e+01   0.000000e+00  1.996115e-06) (   1.511348e+01   0.000000e+00  4.755854e-07) 
0.3	(   7.556740e-01   0.000000e+00  5.623753e-04) (   3.778370e+00   0.000000e+00  1.051539e-04) (   7.556740e+00   0.000000e+00  2.396951e-05) (   1.133511e+01   0.000000e+00  5.748201e-06) (   1.511348e+01   0.000000e+00  1.384815e-06) 
0.4	(   7.556740e-01   0.000000e+00  1.187486e-03) (   3.778370e+00   0.000000e+00  2.165971e-04) (   7.556740e+00   0.000000e+00  4.977807e-05) (   1.133511e+01   0.000000e+00  1.210789e-05) (   1.511348e+01   0.000000e+00  2.959593e-06) 
0.5	(   7.556740e-01   0.000000e+00  2.070449e-03) (   3.778370e+00   0.000000e+00  3.728895e-04) (   7.556740e+00   0.000000e+00  8.680133e-05) (   1.133511e+01   0.000000e+00  2.149730e-05) (   1.511348e+01   0.000000e+00  5.349672e-06) 
0.6	(   7.556740e-01   0.000000e+00  3.170391e-03) (   3.778370e+00   0.000000e+00  5.718821e-04) (   7.556740e+00   0.000000e+00  1.354950e-04) (   1.133511e+01   0.000000e+00  3.429912e-05) (   1.511348e+01   0.000000e+00  8.717706e-06) 
0.7	(   7.556740e-01   0.000000e+00  4.392205e-03) (   3.778370e+00   0.000000e+00  8.083389e-04) (   7.556740e+00   0.000000e+00  1.959385e-04) (   1.133511e+01   0.000000e+00  5.089001e-05) (   1.511348e+01   0.000000e+00  1.324966e-05) 
0.8	(   7.556740e-01   0.000000e+00  5.578111e-03) (   3.778370e+00   0.000000e+00  1.074155e-03) (   7.556740e+00   0.000000e+00  2.678663e-04) (   1.133511e+01   0.000000e+00  7.164660e-05) (   1.511348e+01   0.000000e+00  1.915858e-05) 
0.9	(   7.556740e-01   0.000000e+00  6.502040e-03) (   3.778370e+00   0.000000e+00  1.357520e-03) (   7.556740e+00   0.000000e+00  3.504591e-04) (   1.133511e+01   0.000000e+00  9.689113e-05) (   1.511348e+01   0.000000e+00  2.667369e-05) 
1	(   7.556740e-01   0.000000e+00  6.889665e-03) (   3.778370e+00   0.000000e+00  1.643864e-03) (   7.556740e+00   0.000000e+00  4.425282e-04) (   1.133511e+01   0.000000e+00  1.269242e-04) (   1.511348e+01   0.000000e+00  3.604977e-05) 
1.1	(   7.556740e-01   0.000000e+00  6.450270e-03) (   3.778370e+00   0.000000e+00  1.910052e-03) (   7.556740e+00   0.000000e+00  5.410617e-04) (   1.133511e+01   0.000000e+00  1.616602e-04) (   1.511348e+01   0.000000e+00  4.748110e-05) 
1.2	(   7.556740e-01   0.000000e+00  4.939768e-03) (   3.778370e+00   0.000000e+00  2.135685e-03) (   7.556740e+00   0.000000e+00  6.436995e-04) (   1.133511e+01   0.000000e+00  2.011769e-04) (   1.511348e+01   0.000000e+00  6.122884e-05) 
1.3	(   7.556740e-01   0.000000e+00  2.228968e-03) (   3.778370e+00   0.000000e+00  2.287561e-03) (   7.556740e+00   0.000000e+00  7.451338e-04) (   1.133511e+01   0.000000e+00  2.448353e-04) (   1.511348e+01   0.000000e+00  7.740923e-05) 
1.4	(   7.556740e-01   0.000000e+00 -1.575189e-03) (   3.778370e+00   0.000000e+00  2.338492e-03) (   7.556740e+00   0.000000e+00  8.413719e-04) (   1.133511e+01   0.000000e+00  2.922535e-04) (   1.511348e+01   0.000000e+00  9.621275e-05) 
1.5	(   7.556740e-01   0.000000e+00 -6.100348e-03) (   3.778370e+00   0.000000e+00  2.267687e-03) (   7.556740e+00   0.000000e+00  9.294344e-04) (   1.133511e+01   0.000000e+00  3.432618e-04) (   1.511348e+01   0.000000e+00  1.178896e-04) 
1.6	(   7.556740e-01   0.000000e+00 -1.090739e-02) (   3.778370e+00   0.000000e+00  2.029027e-03) (   7.556740e+00   0.000000e+00  9.996406e-04) (   1.133511e+01   0.000000e+00  3.960065e-04) (   1.511348e+01   0.000000e+00  1.422886e-04) 
1.7	(   7.556740e-01   0.000000e+00 -1.536549e-02) (   3.778370e+00   0.000000e+00  1.605694e-03) (   7.556740e+00   0.000000e+00  1.047598e-03) (   1.133511e+01   0.000000e+00  4.497299e-04) (   1.511348e+01   0.000000e+00  1.695043e-04) 
1.8	(   7.556740e-01   0.000000e+00 -1.890707e-02) (   3.778370e+00   0.000000e+00  9.870559e-04) (   7.556740e+00   0.000000e+00  1.068765e-03) (   1.133511e+01   0.000000e+00  5.033753e-04) (   1.511348e+01   0.000000e+00  1.995420e-04) 
1.9	(   7.556740e-01   0.000000e+00 -2.107518e-02) (   3.778370e+00   0.000000e+00  1.643694e-04) (   7.556740e+00   0.000000e+00  1.057021e-03) (   1.133511e+01   0.000000e+00  5.552069e-04) (   1.511348e+01   0.000000e+00  2.322107e-04) 
2	(   7.556740e-01   0.000000e+00 -2.144800e-02) (   3.778370e+00   0.000000e+00 -8.536725e-04) (   7.556740e+00   0.000000e+00  1.007105e-03) (   1.133511e+01   0.000000e+00  6.034628e-04) (   1.511348e+01   0.000000e+00  2.672627e-04) 
2.1	(   7.556740e-01   0.000000e+00 -1.968598e-02) (   3.778370e+00   0.000000e+00 -2.059667e-03) (   7.556740e+00   0.000000e+00  9.109643e-04) (   1.133511e+01   0.000000e+00  6.451855e-04) (   1.511348e+01   0.000000e+00  3.040965e-04) 
2.2	(   7.556740e-01   0.000000e+00 -1.577227e-02) (   3.778370e+00   0.000000e+00 -3.434459e-03) (   7.556740e+00   0.000000e+00  7.595038e-04) (   1.133511e+01   0.000000e+00  6.766726e-04) (   1.511348e+01   0.000000e+00  3.418228e-04) 
2.3	(   7.556740e-01   0.000000e+00 -9.904361e-03) (   3.778370e+00   0.000000e+00 -4.908934e-03) (   7.556740e+00   0.000000e+00  5.513575e-04) (   1.133511e+01   0.000000e+00  6.956020e-04) (   1.511348e+01   0.000000e+00  3.797395e-04) 
2.4	(   7.556740e-01   0.000000e+00 -2.592720e-03) (   3.778370e+00   0.000000e+00 -6.416199e-03) (   7.556740e+00   0.000000e+00  2.800595e-04) (   1.133511e+01   0.000000e+00  6.979310e-04) (   1.511348e+01   0.000000e+00  4.165481e-04) 
2.5	(   7.556740e-01   0.000000e+00  5.564922e-03) (   3.778370e+00   0.000000e+00 -7.851781e-03) (   7.556740e+00   0.000000e+00 -5.631829e-05) (   1.133511e+01   0.000000e+00  6.797507e-04) (   1.511348e+01   0.000000e+00  4.508628e-04) 
2.6	(   7.556740e-01   0.000000e+00  1.378592e-02) (   3.778370e+00   0.000000e+00 -9.094393e-03) (   7.556740e+00   0.000000e+00 -4.582373e-04) (   1.133511e+01   0.000000e+00  6.369284e-04) (   1.511348e+01   0.000000e+00  4.809972e-04) 
2.7	(   7.556740e-01   0.000000e+00  2.135342e-02) (   3.778370e+00   0.000000e+00 -9.986994e-03) (   7.556740e+00   0.000000e+00 -9.204853e-04) (   1.133511e+01   0.000000e+00  5.662028e-04) (   1.511348e+01   0.000000e+00  5.051494e-04) 
2.8	(   7.556740e-01   0.000000e+00  2.768804e-02) (   3.778370e+00   0.000000e+00 -1.034310e-02) (   7.556740e+00   0.000000e+00 -1.429130e-03) (   1.133511e+01   0.000000e+00  4.657280e-04) (   1.511348e+01   0.000000e+00  5.216360e-04) 
2.9	(   7.556740e-01   0.000000e+00  3.214508e-02) (   3.778370e+00   0.000000e+00 -1.002012e-02) (   7.556740e+00   0.000000e+00 -1.974282e-03) (   1.133511e+01   0.000000e+00  3.322819e-04) (   1.511348e+01   0.000000e+00  5.281972e-04) 
3	(   7.556740e-01   0.000000e+00  3.424979e-02) (   3.778370e+00   0.000000e+00 -8.859662e-03) (   7.556740e+00   0.000000e+00 -2.537095e-03) (   1.133511e+01   0.000000e+00  1.645099e-04) (   1.511348e+01   0.000000e+00  5.226618e-04) 
3.1	(   7.556740e-01   0.000000e+00  3.366784e-02) (   3.778370e+00   0.000000e+00 -6.778836e-03) (   7.556740e+00   0.000000e+00 -3.095610e-03) (   1.133511e+01   0.000000e+00 -3.841322e-05) (   1.511348e+01   0.000000e+00  5.025631e-04) 
3.2	(   7.556740e-01   0.000000e+00  3.032064e-02) (   3.778370e+00   0.000000e+00 -3.729546e-03) (   7.556740e+00   0.000000e+00 -3.613785e-03) (   1.133511e+01   0.000000e+00 -2.737777e-04) (   1.511348e+01   0.000000e+00  4.661421e-04) 
3.3	(   7.556740e-01   0.000000e+00  2.411788e-02) (   3.778370e+00   0.000000e+00  1.739235e-04) (   7.556740e+00   0.000000e+00 -4.066449e-03) (   1.133511e+01   0.000000e+00 -5.410212e-04) (   1.511348e+01   0.000000e+00  4.109902e-04) 
3.4	(   7.556740e-01   0.000000e+00  1.535818e-02) (   3.778370e+00   0.000000e+00  4.750087e-03) (   7.556740e+00   0.000000e+00 -4.414321e-03) (   1.133511e+01   0.000000e+00 -8.350647e-04) (   1.511348e+01   0.000000e+00  3.355338e-04) 
3.5	(   7.556740e-01   0.000000e+00  4.508124e-03) (   3.778370e+00   0.000000e+00  9.670914e-03) (   7.556740e+00   0.000000e+00 -4.620101e-03) (   1.133511e+01   0.000000e+00 -1.149932e-03) (   1.511348e+01   0.000000e+00  2.383987e-04) 
3.6	(   7.556740e-01   0.000000e+00 -7.658912e-03) (   3.778370e+00   0.000000e+00  1.452943e-02) (   7.556740e+00   0.000000e+00 -4.645397e-03) (   1.133511e+01   0.000000e+00 -1.476734e-03) (   1.511348e+01   0.000000e+00  1.188830e-04) 
3.7	(   7.556740e-01   0.000000e+00 -2.024950e-02) (   3.778370e+00   0.000000e+00  1.883446e-02) (   7.556740e+00   0.000000e+00 -4.453715e-03) (   1.133511e+01   0.000000e+00 -1.805487e-03) (   1.511348e+01   0.000000e+00 -2.327559e-05) 
3.8	(   7.556740e-01   0.000000e+00 -3.213637e-02) (   3.778370e+00   0.000000e+00  2.207817e-02) (   7.556740e+00   0.000000e+00 -4.012060e-03) (   1.133511e+01   0.000000e+00 -2.123210e-03) (   1.511348e+01   0.000000e+00 -1.872405e-04) 
3.9	(   7.556740e-01   0.000000e+00 -4.225459e-02) (   3.778370e+00   0.000000e+00  2.377771e-02) (   7.556740e+00   0.000000e+00 -3.303531e-03) (   1.133511e+01   0.000000e+00 -2.415861e-03) (   1.511348e+01   0.000000e+00 -3.717119e-04) 
4	(   7.556740e-01   0.000000e+00 -4.934533e-02) (   3.778370e+00   0.000000e+00  2.359814e-02) (   7.556740e+00   0.000000e+00 -2.314444e-03) (   1.133511e+01   0.000000e+00 -2.666037e-03) (   1.511348e+01   0.000000e+00 -5.737728e-04) 
4.1	(   7.556740e-01   0.000000e+00 -5.228136e-02) (   3.778370e+00   0.000000e+00  2.126497e-02) (   7.556740e+00   0.000000e+00 -1.049361e-03) (   1.133511e+01   0.000000e+00 -2.855962e-03) (   1.511348e+01   0.000000e+00 -7.895223e-04) 
4.2	(   7.556740e-01   0.000000e+00 -5.064644e-02) (   3.778370e+00   0.000000e+00  1.668927e-02) (   7.556740e+00   0.000000e+00  4.592322e-04) (   1.133511e+01   0.000000e+00 -2.969385e-03) (   1.511348e+01   0.000000e+00 -1.014323e-03) 
4.3	(   7.556740e-01   0.000000e+00 -4.421067e-02) (   3.778370e+00   0.000000e+00  1.000629e-02) (   7.556740e+00   0.000000e+00  2.158609e-03) (   1.133511e+01   0.000000e+00 -2.990894e-03) (   1.511348e+01   0.000000e+00 -1.242278e-03) 
4.4	(   7.556740e-01   0.000000e+00 -3.340839e-02) (   3.778370e+00   0.000000e+00  1.577407e-03) (   7.556740e+00   0.000000e+00  3.973573e-03) (   1.133511e+01   0.000000e+00 -2.904350e-03) (   1.511348e+01   0.000000e+00 -1.466455e-03) 
4.5	(   7.556740e-01   0.000000e+00 -1.961943e-02) (   3.778370e+00   0.000000e+00 -7.995031e-03) (   7.556740e+00   0.000000e+00  5.802874e-03) (   1.133511e+01   0.000000e+00 -2.697476e-03) (   1.511348e+01   0.000000e+00 -1.678836e-03) 
4.6	(   7.556740e-01   0.000000e+00 -4.097936e-03) (   3.778370e+00   0.000000e+00 -1.791545e-02) (   7.556740e+00   0.000000e+00  7.520200e-03) (   1.133511e+01   0.000000e+00 -2.363101e-03) (   1.511348e+01   0.000000e+00 -1.870673e-03) 
4.7	(   7.556740e-01   0.000000e+00  1.208993e-02) (   3.778370e+00   0.000000e+00 -2.723238e-02) (   7.556740e+00   0.000000e+00  8.985196e-03) (   1.133511e+01   0.000000e+00 -1.899456e-03) (   1.511348e+01   0.000000e+00 -2.032673e-03) 
4.8	(   7.556740e-01   0.000000e+00  2.735568e-02) (   3.778370e+00   0.000000e+00 -3.493570e-02) (   7.556740e+00   0.000000e+00  1.004906e-02) (   1.133511e+01   0.000000e+00 -1.310486e-03) (   1.511348e+01   0.000000e+00 -2.155508e-03) 
4.9	(   7.556740e-01   0.000000e+00  4.030570e-02) (   3.778370e+00   0.000000e+00 -4.009867e-02) (   7.556740e+00   0.000000e+00  1.057290e-02) (   1.133511e+01   0.000000e+00 -6.056256e-04) (   1.511348e+01   0.000000e+00 -2.229677e-03) 
5	(   7.556740e-01   0.000000e+00  4.986847e-02) (   3.778370e+00   0.000000e+00 -4.208078e-02) (   7.556740e+00   0.000000e+00  1.041733e-02) (   1.133511e+01   0.000000e+00  1.934189e-04) (   1.511348e+01   0.000000e+00 -2.247584e-03) 
5.1	(   7.556740e-01   0.000000e+00  5.571268e-02) (   3.778370e+00   0.000000e+00 -4.049175e-02) (   7.556740e+00   0.000000e+00  9.474242e-03) (   1.133511e+01   0.000000e+00  1.062519e-03) (   1.511348e+01   0.000000e+00 -2.200375e-03) 
5.2	(   7.556740e-01   0.000000e+00  5.746068e-02) (   3.778370e+00   0.000000e+00 -3.527830e-02) (   7.556740e+00   0.000000e+00  7.680728e-03) (   1.133511e+01   0.000000e+00  1.967117e-03) (   1.511348e+01   0.000000e+00 -2.081480e-03) 
5.3	(   7.556740e-01   0.000000e+00  5.459974e-02) (   3.778370e+00   0.000000e+00 -2.689301e-02) (   7.556740e+00   0.000000e+00  5.010156e-03) (   1.133511e+01   0.000000e+00  2.861087e-03) (   1.511348e+01   0.000000e+00 -1.887923e-03) 
5.4	(   7.556740e-01   0.000000e+00  4.725535e-02) (   3.778370e+00   0.000000e+00 -1.596022e-02) (   7.556740e+00   0.000000e+00  1.515622e-03) (   1.133511e+01   0.000000e+00  3.695295e-03) (   1.511348e+01   0.000000e+00 -1.618257e-03) 
5.5	(   7.556740e-01   0.000000e+00  3.591708e-02) (   3.778370e+00   0.000000e+00 -3.364885e-03) (   7.556740e+00   0.000000e+00 -2.681223e-03) (   1.133511e+01   0.000000e+00  4.413306e-03) (   1.511348e+01   0.000000e+00 -1.274899e-03) 
5.6	(   7.556740e-01   0.000000e+00  2.139893e-02) (   3.778370e+00   0.000000e+00  9.890500e-03) (   7.556740e+00   0.000000e+00 -7.374493e-03) (   1.133511e+01   0.000000e+00  4.955675e-03) (   1.511348e+01   0.000000e+00 -8.636312e-04) 
5.7	(   7.556740e-01   0.000000e+00  4.789962e-03) (   3.778370e+00   0.000000e+00  2.273537e-02) (   7.556740e+00   0.000000e+00 -1.227881e-02) (   1.133511e+01   0.000000e+00  5.267310e-03) (   1.511348e+01   0.000000e+00 -3.942608e-04) 
5.8	(   7.556740e-01   0.000000e+00 -1.238585e-02) (   3.778370e+00   0.000000e+00  3.414256e-02) (   7.556740e+00   0.000000e+00 -1.702036e-02) (   1.133511e+01   0.000000e+00  5.298427e-03) (   1.511348e+01   0.000000e+00  1.193171e-04) 
5.9	(   7.556740e-01   0.000000e+00 -2.863671e-02) (   3.778370e+00   0.000000e+00  4.317479e-02) (   7.556740e+00   0.000000e+00 -2.117000e-02) (   1.133511e+01   0.000000e+00  4.998506e-03) (   1.511348e+01   0.000000e+00  6.590845e-04) 
6	(   7.556740e-01   0.000000e+00 -4.280670e-02) (   3.778370e+00   0.000000e+00  4.909982e-02) (   7.556740e+00   0.000000e+00 -2.427704e-02) (   1.133511e+01   0.000000e+00  4.334560e-03) (   1.511348e+01   0.000000e+00  1.203313e-03) 
6.1	(   7.556740e-01   0.000000e+00 -5.362516e-02) (   3.778370e+00   0.000000e+00  5.136561e-02) (   7.556740e+00   0.000000e+00 -2.588728e-02) (   1.133511e+01   0.000000e+00  3.291055e-03) (   1.511348e+01   0.000000e+00  1.726861e-03) 
6.2	(   7.556740e-01   0.000000e+00 -5.994409e-02) (   3.778370e+00   0.000000e+00  4.971528e-02) (   7.556740e+00   0.000000e+00 -2.564714e-02) (   1.133511e+01   0.000000e+00  1.871683e-03) (   1.511348e+01   0.000000e+00  2.201756e-03) 
6.3	(   7.556740e-01   0.000000e+00 -6.131150e-02) (   3.778370e+00   0.000000e+00  4.401559e-02) (   7.556740e+00   0.000000e+00 -2.327612e-02) (   1.133511e+01   0.000000e+00  1.035774e-04) (   1.511348e+01   0.000000e+00  2.597919e-03) 
6.4	(   7.556740e-01   0.000000e+00 -5.732401e-02) (   3.778370e+00   0.000000e+00  3.460908e-02) (   7.556740e+00   0.000000e+00 -1.871050e-02) (   1.133511e+01   0.000000e+00 -1.954309e-03) (   1.511348e+01   0.000000e+00  2.886160e-03) 
6.5	(   7.556740e-01   0.000000e+00 -4.832122e-02) (   3.778370e+00   0.000000e+00  2.198899e-02) (   7.556740e+00   0.000000e+00 -1.211813e-02) (   1.133511e+01   0.000000e+00 -4.218951e-03) (   1.511348e+01   0.000000e+00  3.038137e-03) 
6.6	(   7.556740e-01   0.000000e+00 -3.520855e-02) (   3.778370e+00   0.000000e+00  6.973699e-03) (   7.556740e+00   0.000000e+00 -3.884678e-03) (   1.133511e+01   0.000000e+00 -6.578490e-03) (   1.511348e+01   0.000000e+00  3.029891e-03) 
6.7	(   7.556740e-01   0.000000e+00 -1.958156e-02) (   3.778370e+00   0.000000e+00 -9.365324e-03) (   7.556740e+00   0.000000e+00  5.393264e-03) (   1.133511e+01   0.000000e+00 -8.895272e-03) (   1.511348e+01   0.000000e+00  2.837074e-03) 
6.8	(   7.556740e-01   0.000000e+00 -2.866601e-03) (   3.778370e+00   0.000000e+00 -2.569386e-02) (   7.556740e+00   0.000000e+00  1.496717e-02) (   1.133511e+01   0.000000e+00 -1.100611e-02) (   1.511348e+01   0.000000e+00  2.445632e-03) 
6.9	(   7.556740e-01   0.000000e+00  1.385495e-02) (   3.778370e+00   0.000000e+00 -4.051198e-02) (   7.556740e+00   0.000000e+00  2.402147e-02) (   1.133511e+01   0.000000e+00 -1.273601e-02) (   1.511348e+01   0.000000e+00  1.849474e-03) 
7	(   7.556740e-01   0.000000e+00  2.927060e-02) (   3.778370e+00   0.000000e+00 -5.230915e-02) (   7.556740e+00   0.000000e+00  3.174046e-02) (   1.133511e+01   0.000000e+00 -1.390856e-02) (   1.511348e+01   0.000000e+00  1.052402e-03) 
7.1	(   7.556740e-01   0.000000e+00  4.209943e-02) (   3.778370e+00   0.000000e+00 -5.966451e-02) (   7.556740e+00   0.000000e+00  3.738568e-02) (   1.133511e+01   0.000000e+00 -1.436126e-02) (   1.511348e+01   0.000000e+00  7.033511e-05) 
7.2	(   7.556740e-01   0.000000e+00  5.129357e-02) (   3.778370e+00   0.000000e+00 -6.164811e-02) (   7.556740e+00   0.000000e+00  4.035169e-02) (   1.133511e+01   0.000000e+00 -1.396220e-02) (   1.511348e+01   0.000000e+00 -1.069466e-03) 
7.3	(   7.556740e-01   0.000000e+00  5.662252e-02) (   3.778370e+00   0.000000e+00 -5.789049e-02) (   7.556740e+00   0.000000e+00  4.025852e-02) (   1.133511e+01   0.000000e+00 -1.259792e-02) (   1.511348e+01   0.000000e+00 -2.325456e-03) 
7.4	(   7.556740e-01   0.000000e+00  5.777090e-02) (   3.778370e+00   0.000000e+00 -4.884673e-02) (   7.556740e+00   0.000000e+00  3.685940e-02) (   1.133511e+01   0.000000e+00 -1.023583e-02) (   1.511348e+01   0.000000e+00 -3.643734e-03) 
7.5	(   7.556740e-01   0.000000e+00  5.432922e-02) (   3.778370e+00   0.000000e+00 -3.562826e-02) (   7.556740e+00   0.000000e+00  3.019190e-02) (   1.133511e+01   0.000000e+00 -6.919283e-03) (   1.511348e+01   0.000000e+00 -4.960351e-03) 
7.6	(   7.556740e-01   0.000000e+00  4.665825e-02) (   3.778370e+00   0.000000e+00 -1.955954e-02) (   7.556740e+00   0.000000e+00  2.057092e-02) (   1.133511e+01   0.000000e+00 -2.767460e-03) (   1.511348e+01   0.000000e+00 -6.201967e-03) 
7.7	(   7.556740e-01   0.000000e+00  3.535802e-02) (   3.778370e+00   0.000000e+00 -2.177462e-03) (   7.556740e+00   0.000000e+00  8.556552e-03) (   1.133511e+01   0.000000e+00  2.021535e-03) (   1.511348e+01   0.000000e+00 -7.285002e-03) 
7.8	(   7.556740e-01   0.000000e+00  2.114212e-02) (   3.778370e+00   0.000000e+00  1.497765e-02) (   7.556740e+00   0.000000e+00 -5.003648e-03) (   1.133511e+01   0.000000e+00  7.171028e-03) (   1.511348e+01   0.000000e+00 -8.125050e-03) 
7.9	(   7.556740e-01   0.000000e+00  4.871339e-03) (   3.778370e+00   0.000000e+00  3.050479e-02) (   7.556740e+00   0.000000e+00 -1.901508e-02) (   1.133511e+01   0.000000e+00  1.233310e-02) (   1.511348e+01   0.000000e+00 -8.641102e-03) 
8	(   7.556740e-01   0.000000e+00 -1.229026e-02) (   3.778370e+00   0.000000e+00  4.326346e-02) (   7.556740e+00   0.000000e+00 -3.220238e-02) (   1.133511e+01   0.000000e+00  1.713465e-02) (   1.511348e+01   0.000000e+00 -8.763878e-03) 
8.1	(   7.556740e-01   0.000000e+00 -2.872466e-02) (   3.778370e+00   0.000000e+00  5.239730e-02) (   7.556740e+00   0.000000e+00 -4.323985e-02) (   1.133511e+01   0.000000e+00  2.117768e-02) (   1.511348e+01   0.000000e+00 -8.429621e-03) 
8.2	(   7.556740e-01   0.000000e+00 -4.283975e-02) (   3.778370e+00   0.000000e+00  5.735506e-02) (   7.556740e+00   0.000000e+00 -5.090262e-02) (   1.133511e+01   0.000000e+00  2.407640e-02) (   1.511348e+01   0.000000e+00 -7.596440e-03) 
8.3	(   7.556740e-01   0.000000e+00 -5.358381e-02) (   3.778370e+00   0.000000e+00  5.790657e-02) (   7.556740e+00   0.000000e+00 -5.429391e-02) (   1.133511e+01   0.000000e+00  2.551003e-02) (   1.511348e+01   0.000000e+00 -6.252656e-03) 
8.4	(   7.556740e-01   0.000000e+00 -5.991665e-02) (   3.778370e+00   0.000000e+00  5.401880e-02) (   7.556740e+00   0.000000e+00 -5.295638e-02) (   1.133511e+01   0.000000e+00  2.522567e-02) (   1.511348e+01   0.000000e+00 -4.416546e-03) 
8.5	(   7.556740e-01   0.000000e+00 -6.132547e-02) (   3.778370e+00   0.000000e+00  4.593071e-02) (   7.556740e+00   0.000000e+00 -4.688711e-02) (   1.133511e+01   0.000000e+00  2.302609e-02) (   1.511348e+01   0.000000e+00 -2.140824e-03) 
8.6	(   7.556740e-01   0.000000e+00 -5.729309e-02) (   3.778370e+00   0.000000e+00  3.421795e-02) (   7.556740e+00   0.000000e+00 -3.668732e-02) (   1.133511e+01   0.000000e+00  1.887379e-02) (   1.511348e+01   0.000000e+00  4.877008e-04) 
8.7	(   7.556740e-01   0.000000e+00 -4.828847e-02) (   3.778370e+00   0.000000e+00  1.963417e-02) (   7.556740e+00   0.000000e+00 -2.334428e-02) (   1.133511e+01   0.000000e+00  1.286563e-02) (   1.511348e+01   0.000000e+00  3.346869e-03) 
8.8	(   7.556740e-01   0.000000e+00 -3.516648e-02) (   3.778370e+00   0.000000e+00  3.199624e-03) (   7.556740e+00   0.000000e+00 -8.050126e-03) (   1.133511e+01   0.000000e+00  5.250249e-03) (   1.511348e+01   0.000000e+00  6.283532e-03) 
8.9	(   7.556740e-01   0.000000e+00 -1.963625e-02) (   3.778370e+00   0.000000e+00 -1.380566e-02) (   7.556740e+00   0.000000e+00  7.874848e-03) (   1.133511e+01   0.000000e+00 -3.561089e-03) (   1.511348e+01   0.000000e+00  9.116273e-03) 
9	(   7.556740e-01   0.000000e+00 -2.903004e-03) (   3.778370e+00   0.000000e+00 -2.994613e-02) (   7.556740e+00   0.000000e+00  2.314209e-02) (   1.133511e+01   0.000000e+00 -1.300057e-02) (   1.511348e+01   0.000000e+00  1.165843e-02) 
9.1	(   7.556740e-01   0.000000e+00  1.388434e-02) (   3.778370e+00   0.000000e+00 -4.384206e-02) (   7.556740e+00   0.000000e+00  3.657422e-02) (   1.133511e+01   0.000000e+00 -2.233735e-02) (   1.511348e+01   0.000000e+00  1.371383e-02) 
9.2	(   7.556740e-01   0.000000e+00  2.924675e-02) (   3.778370e+00   0.000000e+00 -5.423328e-02) (   7.556740e+00   0.000000e+00  4.717799e-02) (   1.133511e+01   0.000000e+00 -3.075703e-02) (   1.511348e+01   0.000000e+00  1.509602e-02) 
9.3	(   7.556740e-01   0.000000e+00  4.202073e-02) (   3.778370e+00   0.000000e+00 -6.013112e-02) (   7.556740e+00   0.000000e+00  5.416698e-02) (   1.133511e+01   0.000000e+00 -3.737761e-02) (   1.511348e+01   0.000000e+00  1.564436e-02) 
9.4	(   7.556740e-01   0.000000e+00  5.127037e-02) (   3.778370e+00   0.000000e+00 -6.102214e-02) (   7.556740e+00   0.000000e+00  5.699297e-02) (   1.133511e+01   0.000000e+00 -4.141682e-02) (   1.511348e+01   0.000000e+00  1.523299e-02) 
9.5	(   7.556740e-01   0.000000e+00  5.663776e-02) (   3.778370e+00   0.000000e+00 -5.668296e-02) (   7.556740e+00   0.000000e+00  5.541178e-02) (   1.133511e+01   0.000000e+00 -4.223375e-02) (   1.511348e+01   0.000000e+00  1.376483e-02) 
9.6	(   7.556740e-01   0.000000e+00  5.774487e-02) (   3.778370e+00   0.000000e+00 -4.745092e-02) (   7.556740e+00   0.000000e+00  4.936048e-02) (   1.133511e+01   0.000000e+00 -3.943224e-02) (   1.511348e+01   0.000000e+00  1.122218e-02) 
9.7	(   7.556740e-01   0.000000e+00  5.426586e-02) (   3.778370e+00   0.000000e+00 -3.424187e-02) (   7.556740e+00   0.000000e+00  3.914304e-02) (   1.133511e+01   0.000000e+00 -3.303882e-02) (   1.511348e+01   0.000000e+00  7.650322e-03) 
9.8	(   7.556740e-01   0.000000e+00  4.664234e-02) (   3.778370e+00   0.000000e+00 -1.831567e-02) (   7.556740e+00   0.000000e+00  2.535539e-02) (   1.133511e+01   0.000000e+00 -2.347005e-02) (   1.511348e+01   0.000000e+00  3.173270e-03) 
9.9	(   7.556740e-01   0.000000e+00  3.536591e-02) (   3.778370e+00   0.000000e+00 -1.213979e-03) (   7.556740e+00   0.000000e+00  8.915702e-03) (   1.133511e+01   0.000000e+00 -1.149547e-02) (   1.511348e+01   0.000000e+00 -2.007411e-03) 
10	(   7.556740e-01   0.000000e+00  2.114321e-02) (   3.778370e+00   0.000000e+00  1.554655e-02) (   7.556740e+00   0.000000e+00 -8.902481e-03) (   1.133511e+01   0.000000e+00  1.859511e-03) (   1.511348e+01   0.000000e+00 -7.613720e-03) 
10.1	(   7.556740e-01   0.000000e+00  4.857807e-03) (   3.778370e+00   0.000000e+00  3.063081e-02) (   7.556740e+00   0.000000e+00 -2.655555e-02) (   1.133511e+01   0.000000e+00  1.543014e-02) (   1.511348e+01   0.000000e+00 -1.329334e-02) 
10.2	(   7.556740e-01   0.000000e+00 -1.230733e-02) (   3.778370e+00   0.000000e+00  4.296777e-02) (   7.556740e+00   0.000000e+00 -4.231363e-02) (   1.133511e+01   0.000000e+00  2.805172e-02) (   1.511348e+01   0.000000e+00 -1.863294e-02) 
10.3	(   7.556740e-01   0.000000e+00 -2.866127e-02) (   3.778370e+00   0.000000e+00  5.178859e-02) (   7.556740e+00   0.000000e+00 -5.455439e-02) (   1.133511e+01   0.000000e+00  3.866417e-02) (   1.511348e+01   0.000000e+00 -2.319442e-02) 
10.4	(   7.556740e-01   0.000000e+00 -4.280074e-02) (   3.778370e+00   0.000000e+00  5.659717e-02) (   7.556740e+00   0.000000e+00 -6.193762e-02) (   1.133511e+01   0.000000e+00  4.638665e-02) (   1.511348e+01   0.000000e+00 -2.653588e-02) 
10.5	(   7.556740e-01   0.000000e+00 -5.351785e-02) (   3.778370e+00   0.000000e+00  5.717873e-02) (   7.556740e+00   0.000000e+00 -6.362391e-02) (   1.133511e+01   0.000000e+00  5.054893e-02) (   1.511348e+01   0.000000e+00 -2.825713e-02) 
10.6	(   7.556740e-01   0.000000e+00 -5.988474e-02) (   3.778370e+00   0.000000e+00  5.346197e-02) (   7.556740e+00   0.000000e+00 -5.948609e-02) (   1.133511e+01   0.000000e+00  5.076198e-02) (   1.511348e+01   0.000000e+00 -2.807025e-02) 
10.7	(   7.556740e-01   0.000000e+00 -6.126942e-02) (   3.778370e+00   0.000000e+00  4.564946e-02) (   7.556740e+00   0.000000e+00 -5.011061e-02) (   1.133511e+01   0.000000e+00  4.683516e-02) (   1.511348e+01   0.000000e+00 -2.576417e-02) 
10.8	(   7.556740e-01   0.000000e+00 -5.727135e-02) (   3.778370e+00   0.000000e+00  3.424793e-02) (   7.556740e+00   0.000000e+00 -3.659049e-02) (   1.133511e+01   0.000000e+00  3.892929e-02) (   1.511348e+01   0.000000e+00 -2.134624e-02) 
10.9	(   7.556740e-01   0.000000e+00 -4.824134e-02) (   3.778370e+00   0.000000e+00  1.990612e-02) (   7.556740e+00   0.000000e+00 -2.032273e-02) (   1.133511e+01   0.000000e+00  2.747961e-02) (   1.511348e+01   0.000000e+00 -1.500931e-02) 
11	(   7.556740e-01   0.000000e+00 -3.515187e-02) (   3.778370e+00   0.000000e+00  3.583605e-03) (   7.556740e+00   0.000000e+00 -2.846650e-03) (   1.133511e+01   0.000000e+00  1.322534e-02) (   1.511348e+01   0.000000e+00 -7.117978e-03) 
11.1	(   7.556740e-01   0.000000e+00 -1.965728e-02) (   3.778370e+00   0.000000e+00 -1.350366e-02) (   7.556740e+00   0.000000e+00  1.433562e-02) (   1.133511e+01   0.000000e+00 -2.806454e-03) (   1.511348e+01   0.000000e+00  1.784876e-03) 
11.2	(   7.556740e-01   0.000000e+00 -2.925382e-03) (   3.778370e+00   0.000000e+00 -2.984700e-02) (   7.556740e+00   0.000000e+00  2.989957e-02) (   1.133511e+01   0.000000e+00 -1.929182e-02) (   1.511348e+01   0.000000e+00  1.105210e-02) 
11.3	(   7.556740e-01   0.000000e+00  1.389403e-02) (   3.778370e+00   0.000000e+00 -4.391952e-02) (   7.556740e+00   0.000000e+00  4.273266e-02) (   1.133511e+01   0.000000e+00 -3.472245e-02) (   1.511348e+01   0.000000e+00  1.997359e-02) 
11.4	(   7.556740e-01   0.000000e+00  2.923404e-02) (   3.778370e+00   0.000000e+00 -5.438090e-02) (   7.556740e+00   0.000000e+00  5.199829e-02) (   1.133511e+01   0.000000e+00 -4.760801e-02) (   1.511348e+01   0.000000e+00  2.782353e-02) 
11.5	(   7.556740e-01   0.000000e+00  4.198262e-02) (   3.778370e+00   0.000000e+00 -6.030600e-02) (   7.556740e+00   0.000000e+00  5.713146e-02) (   1.133511e+01   0.000000e+00 -5.655351e-02) (   1.511348e+01   0.000000e+00  3.395615e-02) 
11.6	(   7.556740e-01   0.000000e+00  5.125822e-02) (   3.778370e+00   0.000000e+00 -6.120640e-02) (   7.556740e+00   0.000000e+00  5.788471e-02) (   1.133511e+01   0.000000e+00 -6.054189e-02) (   1.511348e+01   0.000000e+00  3.779354e-02) 
11.7	(   7.556740e-01   0.000000e+00  5.663460e-02) (   3.778370e+00   0.000000e+00 -5.669565e-02) (   7.556740e+00   0.000000e+00  5.425962e-02) (   1.133511e+01   0.000000e+00 -5.910430e-02) (   1.511348e+01   0.000000e+00  3.893566e-02) 
11.8	(   7.556740e-01   0.000000e+00  5.771970e-02) (   3.778370e+00   0.000000e+00 -4.722011e-02) (   7.556740e+00   0.000000e+00  4.652397e-02) (   1.133511e+01   0.000000e+00 -5.232736e-02) (   1.511348e+01   0.000000e+00  3.712297e-02) 
11.9	(   7.556740e-01   0.000000e+00  5.423910e-02) (   3.778370e+00   0.000000e+00 -3.392179e-02) (   7.556740e+00   0.000000e+00  3.518679e-02) (   1.133511e+01   0.000000e+00 -4.099172e-02) (   1.511348e+01   0.000000e+00  3.225676e-02) 
12	(   7.556740e-01   0.000000e+00  4.663317e-02) (   3.778370e+00   0.000000e+00 -1.803753e-02) (   7.556740e+00   0.000000e+00  2.098181e-02) (   1.133511e+01   0.000000e+00 -2.623244e-02) (   1.511348e+01   0.000000e+00  2.450541e-02) 
12.1	(   7.556740e-01   0.000000e+00  3.535964e-02) (   3.778370e+00   0.000000e+00 -1.055494e-03) (   7.556740e+00   0.000000e+00  4.893456e-03) (   1.133511e+01   0.000000e+00 -9.456303e-03) (   1.511348e+01   0.000000e+00  1.422978e-02) 
12.2	(   7.556740e-01   0.000000e+00  2.113888e-02) (   3.778370e+00   0.000000e+00  1.554367e-02) (   7.556740e+00   0.000000e+00 -1.193003e-02) (   1.133511e+01   0.000000e+00  7.862922e-03) (   1.511348e+01   0.000000e+00  2.050699e-03) 
12.3	(   7.556740e-01   0.000000e+00  4.846792e-03) (   3.778370e+00   0.000000e+00  3.049881e-02) (   7.556740e+00   0.000000e+00 -2.818744e-02) (   1.133511e+01   0.000000e+00  2.431176e-02) (   1.511348e+01   0.000000e+00 -1.118819e-02) 
12.4	(   7.556740e-01   0.000000e+00 -1.230692e-02) (   3.778370e+00   0.000000e+00  4.280578e-02) (   7.556740e+00   0.000000e+00 -4.248614e-02) (   1.133511e+01   0.000000e+00  3.863101e-02) (   1.511348e+01   0.000000e+00 -2.441229e-02) 
12.5	(   7.556740e-01   0.000000e+00 -2.863256e-02) (   3.778370e+00   0.000000e+00  5.168669e-02) (   7.556740e+00   0.000000e+00 -5.347564e-02) (   1.133511e+01   0.000000e+00  4.978561e-02) (   1.511348e+01   0.000000e+00 -3.641675e-02) 
12.6	(   7.556740e-01   0.000000e+00 -4.277740e-02) (   3.778370e+00   0.000000e+00  5.657422e-02) (   7.556740e+00   0.000000e+00 -6.003004e-02) (   1.133511e+01   0.000000e+00  5.697268e-02) (   1.511348e+01   0.000000e+00 -4.596671e-02) 
12.7	(   7.556740e-01   0.000000e+00 -5.349399e-02) (   3.778370e+00   0.000000e+00  5.720862e-02) (   7.556740e+00   0.000000e+00 -6.141732e-02) (   1.133511e+01   0.000000e+00  5.972047e-02) (   1.511348e+01   0.000000e+00 -5.190836e-02) 
12.8	(   7.556740e-01   0.000000e+00 -5.987738e-02) (   3.778370e+00   0.000000e+00  5.347499e-02) (   7.556740e+00   0.000000e+00 -5.746366e-02) (   1.133511e+01   0.000000e+00  5.782573e-02) (   1.511348e+01   0.000000e+00 -5.344580e-02) 
12.9	(   7.556740e-01   0.000000e+00 -6.126259e-02) (   3.778370e+00   0.000000e+00  4.556696e-02) (   7.556740e+00   0.000000e+00 -4.861323e-02) (   1.133511e+01   0.000000e+00  5.127949e-02) (   1.511348e+01   0.000000e+00 -5.014219e-02) 
13	(   7.556740e-01   0.000000e+00 -5.727478e-02) (   3.778370e+00   0.000000e+00  3.406355e-02) (   7.556740e+00   0.000000e+00 -3.577456e-02) (   1.133511e+01   0.000000e+00  4.048532e-02) (   1.511348e+01   0.000000e+00 -4.216584e-02) 
13.1	(   7.556740e-01   0.000000e+00 -4.824648e-02) (   3.778370e+00   0.000000e+00  1.970793e-02) (   7.556740e+00   0.000000e+00 -2.014976e-02) (   1.133511e+01   0.000000e+00  2.610914e-02) (   1.511348e+01   0.000000e+00 -3.023940e-02) 
13.2	(   7.556740e-01   0.000000e+00 -3.516909e-02) (   3.778370e+00   0.000000e+00  3.450733e-03) (   7.556740e+00   0.000000e+00 -3.187233e-03) (   1.133511e+01   0.000000e+00  9.159831e-03) (   1.511348e+01   0.000000e+00 -1.549789e-02) 
13.3	(   7.556740e-01   0.000000e+00 -1.969009e-02) (   3.778370e+00   0.000000e+00 -1.354716e-02) (   7.556740e+00   0.000000e+00  1.369463e-02) (   1.133511e+01   0.000000e+00 -9.086139e-03) (   1.511348e+01   0.000000e+00  6.806339e-04) 
13.4	(   7.556740e-01   0.000000e+00 -2.966657e-03) (   3.778370e+00   0.000000e+00 -2.983663e-02) (   7.556740e+00   0.000000e+00  2.917073e-02) (   1.133511e+01   0.000000e+00 -2.699105e-02) (   1.511348e+01   0.000000e+00  1.683975e-02) 
13.5	(   7.556740e-01   0.000000e+00  1.385846e-02) (   3.778370e+00   0.000000e+00 -4.388437e-02) (   7.556740e+00   0.000000e+00  4.205585e-02) (   1.133511e+01   0.000000e+00 -4.286086e-02) (   1.511348e+01   0.000000e+00  3.159446e-02) 
13.6	(   7.556740e-01   0.000000e+00  2.919800e-02) (   3.778370e+00   0.000000e+00 -5.436984e-02) (   7.556740e+00   0.000000e+00  5.148039e-02) (   1.133511e+01   0.000000e+00 -5.504816e-02) (   1.511348e+01   0.000000e+00  4.376317e-02) 
13.7	(   7.556740e-01   0.000000e+00  4.194583e-02) (   3.778370e+00   0.000000e+00 -6.028239e-02) (   7.556740e+00   0.000000e+00  5.682421e-02) (   1.133511e+01   0.000000e+00 -6.225801e-02) (   1.511348e+01   0.000000e+00  5.241693e-02) 
13.8	(   7.556740e-01   0.000000e+00  5.122771e-02) (   3.778370e+00   0.000000e+00 -6.110872e-02) (   7.556740e+00   0.000000e+00  5.782065e-02) (   1.133511e+01   0.000000e+00 -6.375382e-02) (   1.511348e+01   0.000000e+00  5.690003e-02) 
13.9	(   7.556740e-01   0.000000e+00  5.660757e-02) (   3.778370e+00   0.000000e+00 -5.661987e-02) (   7.556740e+00   0.000000e+00  5.439490e-02) (   1.133511e+01   0.000000e+00 -5.944899e-02) (   1.511348e+01   0.000000e+00  5.687752e-02) 
14	(   7.556740e-01   0.000000e+00  5.769673e-02) (   3.778370e+00   0.000000e+00 -4.714846e-02) (   7.556740e+00   0.000000e+00  4.677559e-02) (   1.133511e+01   0.000000e+00 -5.002829e-02) (   1.511348e+01   0.000000e+00  5.223737e-02) 
14.1	(   7.556740e-01   0.000000e+00  5.422341e-02) (   3.778370e+00   0.000000e+00 -3.373026e-02) (   7.556740e+00   0.000000e+00  3.548978e-02) (   1.133511e+01   0.000000e+00 -3.667487e-02) (   1.511348e+01   0.000000e+00  4.324210e-02) 
14.2	(   7.556740e-01   0.000000e+00  4.662414e-02) (   3.778370e+00   0.000000e+00 -1.786603e-02) (   7.556740e+00   0.000000e+00  2.124341e-02) (   1.133511e+01   0.000000e+00 -2.072923e-02) (   1.511348e+01   0.000000e+00  3.044286e-02) 
14.3	(   7.556740e-01   0.000000e+00  3.536113e-02) (   3.778370e+00   0.000000e+00 -9.729034e-04) (   7.556740e+00   0.000000e+00  5.038718e-03) (   1.133511e+01   0.000000e+00 -3.683420e-03) (   1.511348e+01   0.000000e+00  1.470282e-02) 
14.4	(   7.556740e-01   0.000000e+00  2.114643e-02) (   3.778370e+00   0.000000e+00  1.559153e-02) (   7.556740e+00   0.000000e+00 -1.193804e-02) (   1.133511e+01   0.000000e+00  1.307834e-02) (   1.511348e+01   0.000000e+00 -2.801993e-03) 
14.5	(   7.556740e-01   0.000000e+00  4.858430e-03) (   3.778370e+00   0.000000e+00  3.054146e-02) (   7.556740e+00   0.000000e+00 -2.827918e-02) (   1.133511e+01   0.000000e+00  2.834573e-02) (   1.511348e+01   0.000000e+00 -2.059941e-02) 
14.6	(   7.556740e-01   0.000000e+00 -1.228488e-02) (   3.778370e+00   0.000000e+00  4.285064e-02) (   7.556740e+00   0.000000e+00 -4.260920e-02) (   1.133511e+01   0.000000e+00  4.107891e-02) (   1.511348e+01   0.000000e+00 -3.708351e-02) 
14.7	(   7.556740e-01   0.000000e+00 -2.859827e-02) (   3.778370e+00   0.000000e+00  5.172275e-02) (   7.556740e+00   0.000000e+00 -5.358522e-02) (   1.133511e+01   0.000000e+00  5.050714e-02) (   1.511348e+01   0.000000e+00 -5.067296e-02) 
14.8	(   7.556740e-01   0.000000e+00 -4.273778e-02) (   3.778370e+00   0.000000e+00  5.658512e-02) (   7.556740e+00   0.000000e+00 -6.016022e-02) (   1.133511e+01   0.000000e+00  5.604249e-02) (   1.511348e+01   0.000000e+00 -5.994712e-02) 
14.9	(   7.556740e-01   0.000000e+00 -5.345048e-02) (   3.778370e+00   0.000000e+00  5.716440e-02) (   7.556740e+00   0.000000e+00 -6.158905e-02) (   1.133511e+01   0.000000e+00  5.740363e-02) (   1.511348e+01   0.000000e+00 -6.385717e-02) 
15	(   7.556740e-01   0.000000e+00 -5.983492e-02) (   3.778370e+00   0.000000e+00  5.338353e-02) (   7.556740e+00   0.000000e+00 -5.757955e-02) (   1.133511e+01   0.000000e+00  5.448791e-02) (   1.511348e+01   0.000000e+00 -6.202266e-02) 
15.1	(   7.556740e-01   0.000000e+00 -6.122338e-02) (   3.778370e+00   0.000000e+00  4.549707e-02) (   7.556740e+00   0.000000e+00 -4.851502e-02) (   1.133511e+01   0.000000e+00  4.743583e-02) (   1.511348e+01   0.000000e+00 -5.461119e-02) 
15.2	(   7.556740e-01   0.000000e+00 -5.723870e-02) (   3.778370e+00   0.000000e+00  3.406024e-02) (   7.556740e+00   0.000000e+00 -3.536943e-02) (   1.133511e+01   0.000000e+00  3.668240e-02) (   1.511348e+01   0.000000e+00 -4.250866e-02) 
15.3	(   7.556740e-01   0.000000e+00 -4.821574e-02) (   3.778370e+00   0.000000e+00  1.971532e-02) (   7.556740e+00   0.000000e+00 -1.955304e-02) (   1.133511e+01   0.000000e+00  2.289151e-02) (   1.511348e+01   0.000000e+00 -2.696578e-02) 
15.4	(   7.556740e-01   0.000000e+00 -3.514383e-02) (   3.778370e+00   0.000000e+00  3.404635e-03) (   7.556740e+00   0.000000e+00 -2.569821e-03) (   1.133511e+01   0.000000e+00  6.964971e-03) (   1.511348e+01   0.000000e+00 -9.463844e-03) 
15.5	(   7.556740e-01   0.000000e+00 -1.966577e-02) (   3.778370e+00   0.000000e+00 -1.360209e-02) (   7.556740e+00   0.000000e+00  1.416837e-02) (   1.133511e+01   0.000000e+00 -9.910248e-03) (   1.511348e+01   0.000000e+00  8.430769e-03) 
15.6	(   7.556740e-01   0.000000e+00 -2.944635e-03) (   3.778370e+00   0.000000e+00 -2.983501e-02) (   7.556740e+00   0.000000e+00  2.932810e-02) (   1.133511e+01   0.000000e+00 -2.639156e-02) (   1.511348e+01   0.000000e+00  2.527010e-02) 
15.7	(   7.556740e-01   0.000000e+00  1.387677e-02) (   3.778370e+00   0.000000e+00 -4.383760e-02) (   7.556740e+00   0.000000e+00  4.190142e-02) (   1.133511e+01   0.000000e+00 -4.105637e-02) (   1.511348e+01   0.000000e+00  3.978938e-02) 
15.8	(   7.556740e-01   0.000000e+00  2.921703e-02) (   3.778370e+00   0.000000e+00 -5.427858e-02) (   7.556740e+00   0.000000e+00  5.113469e-02) (   1.133511e+01   0.000000e+00 -5.253563e-02) (   1.511348e+01   0.000000e+00  5.095706e-02) 
15.9	(   7.556740e-01   0.000000e+00  4.196335e-02) (   3.778370e+00   0.000000e+00 -6.022360e-02) (   7.556740e+00   0.000000e+00  5.641902e-02) (   1.133511e+01   0.000000e+00 -5.972312e-02) (   1.511348e+01   0.000000e+00  5.800774e-02) 
16	(   7.556740e-01   0.000000e+00  5.124079e-02) (   3.778370e+00   0.000000e+00 -6.113950e-02) (   7.556740e+00   0.000000e+00  5.745458e-02) (   1.133511e+01   0.000000e+00 -6.179133e-02) (   1.511348e+01   0.000000e+00  6.051383e-02) 
16.1	(   7.556740e-01   0.000000e+00  5.662167e-02) (   3.778370e+00   0.000000e+00 -5.653588e-02) (   7.556740e+00   0.000000e+00  5.415594e-02) (   1.133511e+01   0.000000e+00 -5.846895e-02) (   1.511348e+01   0.000000e+00  5.831380e-02) 
16.2	(   7.556740e-01   0.000000e+00  5.771330e-02) (   3.778370e+00   0.000000e+00 -4.699263e-02) (   7.556740e+00   0.000000e+00  4.668254e-02) (   1.133511e+01   0.000000e+00 -5.007677e-02) (   1.511348e+01   0.000000e+00  5.149183e-02) 
16.3	(   7.556740e-01   0.000000e+00  5.423852e-02) (   3.778370e+00   0.000000e+00 -3.364132e-02) (   7.556740e+00   0.000000e+00  3.544364e-02) (   1.133511e+01   0.000000e+00 -3.749129e-02) (   1.511348e+01   0.000000e+00  4.048964e-02) 
16.4	(   7.556740e-01   0.000000e+00  4.663743e-02) (   3.778370e+00   0.000000e+00 -1.777860e-02) (   7.556740e+00   0.000000e+00  2.117285e-02) (   1.133511e+01   0.000000e+00 -2.192005e-02) (   1.511348e+01   0.000000e+00  2.599443e-02) 
16.5	(   7.556740e-01   0.000000e+00  3.537268e-02) (   3.778370e+00   0.000000e+00 -9.166624e-04) (   7.556740e+00   0.000000e+00  4.900915e-03) (   1.133511e+01   0.000000e+00 -4.860930e-03) (   1.511348e+01   0.000000e+00  9.059885e-03) 
16.6	(   7.556740e-01   0.000000e+00  2.115664e-02) (   3.778370e+00   0.000000e+00  1.559250e-02) (   7.556740e+00   0.000000e+00 -1.212934e-02) (   1.133511e+01   0.000000e+00  1.221539e-02) (   1.511348e+01   0.000000e+00 -8.989174e-03) 
16.7	(   7.556740e-01   0.000000e+00  4.865405e-03) (   3.778370e+00   0.000000e+00  3.053981e-02) (   7.556740e+00   0.000000e+00 -2.851422e-02) (   1.133511e+01   0.000000e+00  2.791674e-02) (   1.511348e+01   0.000000e+00 -2.661298e-02) 
16.8	(   7.556740e-01   0.000000e+00 -1.228502e-02) (   3.778370e+00   0.000000e+00  4.283801e-02) (   7.556740e+00   0.000000e+00 -4.283735e-02) (   1.133511e+01   0.000000e+00  4.108087e-02) (   1.511348e+01   0.000000e+00 -4.212423e-02) 
16.9	(   7.556740e-01   0.000000e+00 -2.861146e-02) (   3.778370e+00   0.000000e+00  5.164896e-02) (   7.556740e+00   0.000000e+00 -5.376586e-02) (   1.133511e+01   0.000000e+00  5.084099e-02) (   1.511348e+01   0.000000e+00 -5.403730e-02) 
17	(   7.556740e-01   0.000000e+00 -4.276136e-02) (   3.778370e+00   0.000000e+00  5.643736e-02) (   7.556740e+00   0.000000e+00 -6.028107e-02) (   1.133511e+01   0.000000e+00  5.657036e-02) (   1.511348e+01   0.000000e+00 -6.112697e-02) 
17.1	(   7.556740e-01   0.000000e+00 -5.348972e-02) (   3.778370e+00   0.000000e+00  5.698521e-02) (   7.556740e+00   0.000000e+00 -6.157051e-02) (   1.133511e+01   0.000000e+00  5.798262e-02) (   1.511348e+01   0.000000e+00 -6.271644e-02) 
17.2	(   7.556740e-01   0.000000e+00 -5.988279e-02) (   3.778370e+00   0.000000e+00  5.323307e-02) (   7.556740e+00   0.000000e+00 -5.741522e-02) (   1.133511e+01   0.000000e+00  5.499559e-02) (   1.511348e+01   0.000000e+00 -5.879270e-02) 
17.3	(   7.556740e-01   0.000000e+00 -6.128135e-02) (   3.778370e+00   0.000000e+00  4.538589e-02) (   7.556740e+00   0.000000e+00 -4.822523e-02) (   1.133511e+01   0.000000e+00  4.778522e-02) (   1.511348e+01   0.000000e+00 -4.991127e-02) 
17.4	(   7.556740e-01   0.000000e+00 -5.730131e-02) (   3.778370e+00   0.000000e+00  3.394601e-02) (   7.556740e+00   0.000000e+00 -3.510381e-02) (   1.133511e+01   0.000000e+00  3.683172e-02) (   1.511348e+01   0.000000e+00 -3.721321e-02) 
17.5	(   7.556740e-01   0.000000e+00 -4.828225e-02) (   3.778370e+00   0.000000e+00  1.958077e-02) (   7.556740e+00   0.000000e+00 -1.936990e-02) (   1.133511e+01   0.000000e+00  2.282393e-02) (   1.511348e+01   0.000000e+00 -2.188871e-02) 
17.6	(   7.556740e-01   0.000000e+00 -3.521194e-02) (   3.778370e+00   0.000000e+00  3.271691e-03) (   7.556740e+00   0.000000e+00 -2.461215e-03) (   1.133511e+01   0.000000e+00  6.713865e-03) (   1.511348e+01   0.000000e+00 -5.346594e-03) 
17.7	(   7.556740e-01   0.000000e+00 -1.973277e-02) (   3.778370e+00   0.000000e+00 -1.371407e-02) (   7.556740e+00   0.000000e+00  1.417523e-02) (   1.133511e+01   0.000000e+00 -1.030087e-02) (   1.511348e+01   0.000000e+00  1.110109e-02) 
17.8	(   7.556740e-01   0.000000e+00 -3.010102e-03) (   3.778370e+00   0.000000e+00 -2.991266e-02) (   7.556740e+00   0.000000e+00  2.934410e-02) (   1.133511e+01   0.000000e+00 -2.684764e-02) (   1.511348e+01   0.000000e+00  2.626872e-02) 
17.9	(   7.556740e-01   0.000000e+00  1.380893e-02) (   3.778370e+00   0.000000e+00 -4.383318e-02) (   7.556740e+00   0.000000e+00  4.201671e-02) (   1.133511e+01   0.000000e+00 -4.149489e-02) (   1.511348e+01   0.000000e+00  3.914918e-02) 
18	(   7.556740e-01   0.000000e+00  2.915129e-02) (   3.778370e+00   0.000000e+00 -5.425571e-02) (   7.556740e+00   0.000000e+00  5.127887e-02) (   1.133511e+01   0.000000e+00 -5.284191e-02) (   1.511348e+01   0.000000e+00  4.894754e-02) 
18.1	(   7.556740e-01   0.000000e+00  4.189844e-02) (   3.778370e+00   0.000000e+00 -6.031190e-02) (   7.556740e+00   0.000000e+00  5.651772e-02) (   1.133511e+01   0.000000e+00 -5.979054e-02) (   1.511348e+01   0.000000e+00  5.501947e-02) 
18.2	(   7.556740e-01   0.000000e+00  5.117469e-02) (   3.778370e+00   0.000000e+00 -6.110560e-02) (   7.556740e+00   0.000000e+00  5.747465e-02) (   1.133511e+01   0.000000e+00 -6.160423e-02) (   1.511348e+01   0.000000e+00  5.701728e-02) 
18.3	(   7.556740e-01   0.000000e+00  5.655833e-02) (   3.778370e+00   0.000000e+00 -5.646412e-02) (   7.556740e+00   0.000000e+00  5.407636e-02) (   1.133511e+01   0.000000e+00 -5.804798e-02) (   1.511348e+01   0.000000e+00  5.482611e-02) 
18.4	(   7.556740e-01   0.000000e+00  5.765739e-02) (   3.778370e+00   0.000000e+00 -4.689053e-02) (   7.556740e+00   0.000000e+00  4.653003e-02) (   1.133511e+01   0.000000e+00 -4.954606e-02) (   1.511348e+01   0.000000e+00  4.848662e-02) 
18.5	(   7.556740e-01   0.000000e+00  5.419026e-02) (   3.778370e+00   0.000000e+00 -3.351147e-02) (   7.556740e+00   0.000000e+00  3.526673e-02) (   1.133511e+01   0.000000e+00 -3.689124e-02) (   1.511348e+01   0.000000e+00  3.833602e-02) 
18.6	(   7.556740e-01   0.000000e+00  4.659542e-02) (   3.778370e+00   0.000000e+00 -1.769129e-02) (   7.556740e+00   0.000000e+00  2.109189e-02) (   1.133511e+01   0.000000e+00 -2.137066e-02) (   1.511348e+01   0.000000e+00  2.496018e-02) 
18.7	(   7.556740e-01   0.000000e+00  3.534444e-02) (   3.778370e+00   0.000000e+00 -8.451872e-04) (   7.556740e+00   0.000000e+00  4.894549e-03) (   1.133511e+01   0.000000e+00 -4.380703e-03) (   1.511348e+01   0.000000e+00  9.183350e-03) 
18.8	(   7.556740e-01   0.000000e+00  2.114040e-02) (   3.778370e+00   0.000000e+00  1.569933e-02) (   7.556740e+00   0.000000e+00 -1.208374e-02) (   1.133511e+01   0.000000e+00  1.254832e-02) (   1.511348e+01   0.000000e+00 -7.826214e-03) 
18.9	(   7.556740e-01   0.000000e+00  4.863880e-03) (   3.778370e+00   0.000000e+00  3.065026e-02) (   7.556740e+00   0.000000e+00 -2.847030e-02) (   1.133511e+01   0.000000e+00  2.807172e-02) (   1.511348e+01   0.000000e+00 -2.471730e-02) 
19	(   7.556740e-01   0.000000e+00 -1.227488e-02) (   3.778370e+00   0.000000e+00  4.290338e-02) (   7.556740e+00   0.000000e+00 -4.281496e-02) (   1.133511e+01   0.000000e+00  4.105711e-02) (   1.511348e+01   0.000000e+00 -4.000354e-02) 
19.1	(   7.556740e-01   0.000000e+00 -2.859496e-02) (   3.778370e+00   0.000000e+00  5.165746e-02) (   7.556740e+00   0.000000e+00 -5.378502e-02) (   1.133511e+01   0.000000e+00  5.065342e-02) (   1.511348e+01   0.000000e+00 -5.214664e-02) 
19.2	(   7.556740e-01   0.000000e+00 -4.273655e-02) (   3.778370e+00   0.000000e+00  5.642594e-02) (   7.556740e+00   0.000000e+00 -6.022476e-02) (   1.133511e+01   0.000000e+00  5.623482e-02) (   1.511348e+01   0.000000e+00 -5.992491e-02) 
19.3	(   7.556740e-01   0.000000e+00 -5.345710e-02) (   3.778370e+00   0.000000e+00  5.698593e-02) (   7.556740e+00   0.000000e+00 -6.142989e-02) (   1.133511e+01   0.000000e+00  5.756411e-02) (   1.511348e+01   0.000000e+00 -6.238778e-02) 
19.4	(   7.556740e-01   0.000000e+00 -5.983789e-02) (   3.778370e+00   0.000000e+00  5.326691e-02) (   7.556740e+00   0.000000e+00 -5.722886e-02) (   1.133511e+01   0.000000e+00  5.453478e-02) (   1.511348e+01   0.000000e+00 -5.934673e-02) 
19.5	(   7.556740e-01   0.000000e+00 -6.122583e-02) (   3.778370e+00   0.000000e+00  4.542544e-02) (   7.556740e+00   0.000000e+00 -4.800518e-02) (   1.133511e+01   0.000000e+00  4.733696e-02) (   1.511348e+01   0.000000e+00 -5.110757e-02) 
19.6	(   7.556740e-01   0.000000e+00 -5.723401e-02) (   3.778370e+00   0.000000e+00  3.397290e-02) (   7.556740e+00   0.000000e+00 -3.491811e-02) (   1.133511e+01   0.000000e+00  3.643462e-02) (   1.511348e+01   0.000000e+00 -3.863203e-02) 
19.7	(   7.556740e-01   0.000000e+00 -4.821322e-02) (   3.778370e+00   0.000000e+00  1.960738e-02) (   7.556740e+00   0.000000e+00 -1.919420e-02) (   1.133511e+01   0.000000e+00  2.250189e-02) (   1.511348e+01   0.000000e+00 -2.313398e-02) 
19.8	(   7.556740e-01   0.000000e+00 -3.513931e-02) (   3.778370e+00   0.000000e+00  3.288071e-03) (   7.556740e+00   0.000000e+00 -2.388599e-03) (   1.133511e+01   0.000000e+00  6.480504e-03) (   1.511348e+01   0.000000e+00 -6.107603e-03) 
19.9	(   7.556740e-01   0.000000e+00 -1.965826e-02) (   3.778370e+00   0.000000e+00 -1.372423e-02) (   7.556740e+00   0.000000e+00  1.417998e-02) (   1.133511e+01   0.000000e+00 -1.047249e-02) (   1.511348e+01   0.000000e+00  1.100928e-02) 
20	(   7.556740e-01   0.000000e+00 -2.940404e-03) (   3.778370e+00   0.000000e+00 -2.984813e-02) (   7.556740e+00   0.000000e+00  2.935264e-02) (   1.133511e+01   0.000000e+00 -2.700871e-02) (   1.511348e+01   0.000000e+00  2.684811e-02) 
20.1	(   7.556740e-01   0.000000e+00  1.387229e-02) (   3.778370e+00   0.000000e+00 -4.374679e-02) (   7.556740e+00   0.000000e+00  4.196985e-02) (   1.133511e+01   0.000000e+00 -4.167734e-02) (   1.511348e+01   0.000000e+00  4.027865e-02) 
20.2	(   7.556740e-01   0.000000e+00  2.921114e-02) (   3.778370e+00   0.000000e+00 -5.429222e-02) (   7.556740e+00   0.000000e+00  5.113768e-02) (   1.133511e+01   0.000000e+00 -5.310044e-02) (   1.511348e+01   0.000000e+00  5.041125e-02) 
20.3	(   7.556740e-01   0.000000e+00  4.195189e-02) (   3.778370e+00   0.000000e+00 -6.031832e-02) (   7.556740e+00   0.000000e+00  5.630485e-02) (   1.133511e+01   0.000000e+00 -6.009099e-02) (   1.511348e+01   0.000000e+00  5.652673e-02) 
20.4	(   7.556740e-01   0.000000e+00  5.121652e-02) (   3.778370e+00   0.000000e+00 -6.110240e-02) (   7.556740e+00   0.000000e+00  5.721386e-02) (   1.133511e+01   0.000000e+00 -6.175745e-02) (   1.511348e+01   0.000000e+00  5.830630e-02) 
20.5	(   7.556740e-01   0.000000e+00  5.659265e-02) (   3.778370e+00   0.000000e+00 -5.643090e-02) (   7.556740e+00   0.000000e+00  5.379360e-02) (   1.133511e+01   0.000000e+00 -5.791945e-02) (   1.511348e+01   0.000000e+00  5.567406e-02) 
20.6	(   7.556740e-01   0.000000e+00  5.768749e-02) (   3.778370e+00   0.000000e+00 -4.685164e-02) (   7.556740e+00   0.000000e+00  4.624503e-02) (   1.133511e+01   0.000000e+00 -4.903756e-02) (   1.511348e+01   0.000000e+00  4.879579e-02) 
20.7	(   7.556740e-01   0.000000e+00  5.421150e-02) (   3.778370e+00   0.000000e+00 -3.349710e-02) (   7.556740e+00   0.000000e+00  3.502571e-02) (   1.133511e+01   0.000000e+00 -3.617180e-02) (   1.511348e+01   0.000000e+00  3.808215e-02) 
20.8	(   7.556740e-01   0.000000e+00  4.660584e-02) (   3.778370e+00   0.000000e+00 -1.774532e-02) (   7.556740e+00   0.000000e+00  2.088567e-02) (   1.133511e+01   0.000000e+00 -2.062363e-02) (   1.511348e+01   0.000000e+00  2.418849e-02) 
20.9	(   7.556740e-01   0.000000e+00  3.533772e-02) (   3.778370e+00   0.000000e+00 -8.891761e-04) (   7.556740e+00   0.000000e+00  4.709305e-03) (   1.133511e+01   0.000000e+00 -3.800618e-03) (   1.511348e+01   0.000000e+00  8.183403e-03) 
21	(   7.556740e-01   0.000000e+00  2.111583e-02) (   3.778370e+00   0.000000e+00  1.563849e-02) (   7.556740e+00   0.000000e+00 -1.224465e-02) (   1.133511e+01   0.000000e+00  1.292018e-02) (   1.511348e+01   0.000000e+00 -8.824552e-03) 
21.1	(   7.556740e-01   0.000000e+00  4.820932e-03) (   3.778370e+00   0.000000e+00  3.053811e-02) (   7.556740e+00   0.000000e+00 -2.855659e-02) (   1.133511e+01   0.000000e+00  2.829004e-02) (   1.511348e+01   0.000000e+00 -2.549846e-02) 
21.2	(   7.556740e-01   0.000000e+00 -1.233669e-02) (   3.778370e+00   0.000000e+00  4.274582e-02) (   7.556740e+00   0.000000e+00 -4.281966e-02) (   1.133511e+01   0.000000e+00  4.121155e-02) (   1.511348e+01   0.000000e+00 -4.036917e-02) 
21.3	(   7.556740e-01   0.000000e+00 -2.867885e-02) (   3.778370e+00   0.000000e+00  5.147159e-02) (   7.556740e+00   0.000000e+00 -5.374493e-02) (   1.133511e+01   0.000000e+00  5.082235e-02) (   1.511348e+01   0.000000e+00 -5.218569e-02) 
21.4	(   7.556740e-01   0.000000e+00 -4.283619e-02) (   3.778370e+00   0.000000e+00  5.624804e-02) (   7.556740e+00   0.000000e+00 -6.016763e-02) (   1.133511e+01   0.000000e+00  5.644601e-02) (   1.511348e+01   0.000000e+00 -5.969884e-02) 
21.5	(   7.556740e-01   0.000000e+00 -5.357495e-02) (   3.778370e+00   0.000000e+00  5.683600e-02) (   7.556740e+00   0.000000e+00 -6.128705e-02) (   1.133511e+01   0.000000e+00  5.776234e-02) (   1.511348e+01   0.000000e+00 -6.209310e-02) 
21.6	(   7.556740e-01   0.000000e+00 -5.996296e-02) (   3.778370e+00   0.000000e+00  5.313779e-02) (   7.556740e+00   0.000000e+00 -5.689308e-02) (   1.133511e+01   0.000000e+00  5.468539e-02) (   1.511348e+01   0.000000e+00 -5.906494e-02) 
21.7	(   7.556740e-01   0.000000e+00 -6.135381e-02) (   3.778370e+00   0.000000e+00  4.531128e-02) (   7.556740e+00   0.000000e+00 -4.761128e-02) (   1.133511e+01   0.000000e+00  4.737830e-02) (   1.511348e+01   0.000000e+00 -5.090023e-02) 
21.8	(   7.556740e-01   0.000000e+00 -5.735629e-02) (   3.778370e+00   0.000000e+00  3.392387e-02) (   7.556740e+00   0.000000e+00 -3.454529e-02) (   1.133511e+01   0.000000e+00  3.636097e-02) (   1.511348e+01   0.000000e+00 -3.849372e-02) 
21.9	(   7.556740e-01   0.000000e+00 -4.832970e-02) (   3.778370e+00   0.000000e+00  1.957618e-02) (   7.556740e+00   0.000000e+00 -1.887072e-02) (   1.133511e+01   0.000000e+00  2.232767e-02) (   1.511348e+01   0.000000e+00 -2.308917e-02) 
22	(   7.556740e-01   0.000000e+00 -3.524619e-02) (   3.778370e+00   0.000000e+00  3.256629e-03) (   7.556740e+00   0.000000e+00 -2.063799e-03) (   1.133511e+01   0.000000e+00  6.206697e-03) (   1.511348e+01   0.000000e+00 -6.168627e-03) 
22.1	(   7.556740e-01   0.000000e+00 -1.974772e-02) (   3.778370e+00   0.000000e+00 -1.367424e-02) (   7.556740e+00   0.000000e+00  1.457025e-02) (   1.133511e+01   0.000000e+00 -1.079849e-02) (   1.511348e+01   0.000000e+00  1.081145e-02) 
22.2	(   7.556740e-01   0.000000e+00 -3.007943e-03) (   3.778370e+00   0.000000e+00 -2.969547e-02) (   7.556740e+00   0.000000e+00  2.970686e-02) (   1.133511e+01   0.000000e+00 -2.734721e-02) (   1.511348e+01   0.000000e+00  2.652323e-02) 
22.3	(   7.556740e-01   0.000000e+00  1.382276e-02) (   3.778370e+00   0.000000e+00 -4.361274e-02) (   7.556740e+00   0.000000e+00  4.219997e-02) (   1.133511e+01   0.000000e+00 -4.204537e-02) (   1.511348e+01   0.000000e+00  3.985790e-02) 
22.4	(   7.556740e-01   0.000000e+00  2.918549e-02) (   3.778370e+00   0.000000e+00 -5.413797e-02) (   7.556740e+00   0.000000e+00  5.126851e-02) (   1.133511e+01   0.000000e+00 -5.345410e-02) (   1.511348e+01   0.000000e+00  4.988545e-02) 
22.5	(   7.556740e-01   0.000000e+00  4.195241e-02) (   3.778370e+00   0.000000e+00 -6.011789e-02) (   7.556740e+00   0.000000e+00  5.636508e-02) (   1.133511e+01   0.000000e+00 -6.035376e-02) (   1.511348e+01   0.000000e+00  5.592609e-02) 
22.6	(   7.556740e-01   0.000000e+00  5.124070e-02) (   3.778370e+00   0.000000e+00 -6.086643e-02) (   7.556740e+00   0.000000e+00  5.720577e-02) (   1.133511e+01   0.000000e+00 -6.188973e-02) (   1.511348e+01   0.000000e+00  5.776820e-02) 
22.7	(   7.556740e-01   0.000000e+00  5.663845e-02) (   3.778370e+00   0.000000e+00 -5.614763e-02) (   7.556740e+00   0.000000e+00  5.376818e-02) (   1.133511e+01   0.000000e+00 -5.803361e-02) (   1.511348e+01   0.000000e+00  5.528253e-02) 
22.8	(   7.556740e-01   0.000000e+00  5.775206e-02) (   3.778370e+00   0.000000e+00 -4.653678e-02) (   7.556740e+00   0.000000e+00  4.617125e-02) (   1.133511e+01   0.000000e+00 -4.917125e-02) (   1.511348e+01   0.000000e+00  4.848921e-02) 
22.9	(   7.556740e-01   0.000000e+00  5.429778e-02) (   3.778370e+00   0.000000e+00 -3.325012e-02) (   7.556740e+00   0.000000e+00  3.486228e-02) (   1.133511e+01   0.000000e+00 -3.639615e-02) (   1.511348e+01   0.000000e+00  3.786697e-02) 
23	(   7.556740e-01   0.000000e+00  4.671127e-02) (   3.778370e+00   0.000000e+00 -1.749686e-02) (   7.556740e+00   0.000000e+00  2.063496e-02) (   1.133511e+01   0.000000e+00 -2.085367e-02) (   1.511348e+01   0.000000e+00  2.418830e-02) 
23.1	(   7.556740e-01   0.000000e+00  3.546292e-02) (   3.778370e+00   0.000000e+00 -6.659912e-04) (   7.556740e+00   0.000000e+00  4.429991e-03) (   1.133511e+01   0.000000e+00 -3.983692e-03) (   1.511348e+01   0.000000e+00  8.270634e-03) 
23.2	(   7.556740e-01   0.000000e+00  2.125947e-02) (   3.778370e+00   0.000000e+00  1.581682e-02) (   7.556740e+00   0.000000e+00 -1.250560e-02) (   1.133511e+01   0.000000e+00  1.282081e-02) (   1.511348e+01   0.000000e+00 -8.693627e-03) 
23.3	(   7.556740e-01   0.000000e+00  4.983514e-03) (   3.778370e+00   0.000000e+00  3.065780e-02) (   7.556740e+00   0.000000e+00 -2.884096e-02) (   1.133511e+01   0.000000e+00  2.820639e-02) (   1.511348e+01   0.000000e+00 -2.523242e-02) 
23.4	(   7.556740e-01   0.000000e+00 -1.216932e-02) (   3.778370e+00   0.000000e+00  4.278166e-02) (   7.556740e+00   0.000000e+00 -4.317917e-02) (   1.133511e+01   0.000000e+00  4.111895e-02) (   1.511348e+01   0.000000e+00 -4.006558e-02) 
23.5	(   7.556740e-01   0.000000e+00 -2.850421e-02) (   3.778370e+00   0.000000e+00  5.146675e-02) (   7.556740e+00   0.000000e+00 -5.415705e-02) (   1.133511e+01   0.000000e+00  5.066913e-02) (   1.511348e+01   0.000000e+00 -5.171215e-02) 
23.6	(   7.556740e-01   0.000000e+00 -4.266149e-02) (   3.778370e+00   0.000000e+00  5.621931e-02) (   7.556740e+00   0.000000e+00 -6.052900e-02) (   1.133511e+01   0.000000e+00  5.621437e-02) (   1.511348e+01   0.000000e+00 -5.909477e-02) 
23.7	(   7.556740e-01   0.000000e+00 -5.340787e-02) (   3.778370e+00   0.000000e+00  5.674683e-02) (   7.556740e+00   0.000000e+00 -6.153724e-02) (   1.133511e+01   0.000000e+00  5.754876e-02) (   1.511348e+01   0.000000e+00 -6.132694e-02) 
23.8	(   7.556740e-01   0.000000e+00 -5.981474e-02) (   3.778370e+00   0.000000e+00  5.299177e-02) (   7.556740e+00   0.000000e+00 -5.704912e-02) (   1.133511e+01   0.000000e+00  5.455872e-02) (   1.511348e+01   0.000000e+00 -5.812968e-02) 
23.9	(   7.556740e-01   0.000000e+00 -6.123430e-02) (   3.778370e+00   0.000000e+00  4.514128e-02) (   7.556740e+00   0.000000e+00 -4.788185e-02) (   1.133511e+01   0.000000e+00  4.742457e-02) (   1.511348e+01   0.000000e+00 -4.979301e-02) 
24	(   7.556740e-01   0.000000e+00 -5.727540e-02) (   3.778370e+00   0.000000e+00  3.371106e-02) (   7.556740e+00   0.000000e+00 -3.473473e-02) (   1.133511e+01   0.000000e+00  3.655012e-02) (   1.511348e+01   0.000000e+00 -3.727727e-02) 
24.1	(   7.556740e-01   0.000000e+00 -4.829114e-02) (   3.778370e+00   0.000000e+00  1.928359e-02) (   7.556740e+00   0.000000e+00 -1.907090e-02) (   1.133511e+01   0.000000e+00  2.264029e-02) (   1.511348e+01   0.000000e+00 -2.188581e-02) 
24.2	(   7.556740e-01   0.000000e+00 -3.525093e-02) (   3.778370e+00   0.000000e+00  2.923299e-03) (   7.556740e+00   0.000000e+00 -2.148283e-03) (   1.133511e+01   0.000000e+00  6.564613e-03) (   1.511348e+01   0.000000e+00 -5.121940e-03) 
24.3	(   7.556740e-01   0.000000e+00 -1.979837e-02) (   3.778370e+00   0.000000e+00 -1.397129e-02) (   7.556740e+00   0.000000e+00  1.453672e-02) (   1.133511e+01   0.000000e+00 -1.044056e-02) (   1.511348e+01   0.000000e+00  1.158428e-02) 
24.4	(   7.556740e-01   0.000000e+00 -3.100646e-03) (   3.778370e+00   0.000000e+00 -2.998145e-02) (   7.556740e+00   0.000000e+00  2.964112e-02) (   1.133511e+01   0.000000e+00 -2.696350e-02) (   1.511348e+01   0.000000e+00  2.697389e-02) 
24.5	(   7.556740e-01   0.000000e+00  1.369377e-02) (   3.778370e+00   0.000000e+00 -4.395821e-02) (   7.556740e+00   0.000000e+00  4.212711e-02) (   1.133511e+01   0.000000e+00 -4.155886e-02) (   1.511348e+01   0.000000e+00  3.988235e-02) 
24.6	(   7.556740e-01   0.000000e+00  2.902192e-02) (   3.778370e+00   0.000000e+00 -5.442068e-02) (   7.556740e+00   0.000000e+00  5.128155e-02) (   1.133511e+01   0.000000e+00 -5.283020e-02) (   1.511348e+01   0.000000e+00  4.947386e-02) 
24.7	(   7.556740e-01   0.000000e+00  4.176136e-02) (   3.778370e+00   0.000000e+00 -6.039924e-02) (   7.556740e+00   0.000000e+00  5.647552e-02) (   1.133511e+01   0.000000e+00 -5.963852e-02) (   1.511348e+01   0.000000e+00  5.527769e-02) 
24.8	(   7.556740e-01   0.000000e+00  5.103733e-02) (   3.778370e+00   0.000000e+00 -6.107841e-02) (   7.556740e+00   0.000000e+00  5.742451e-02) (   1.133511e+01   0.000000e+00 -6.115913e-02) (   1.511348e+01   0.000000e+00  5.694643e-02) 
24.9	(   7.556740e-01   0.000000e+00  5.642140e-02) (   3.778370e+00   0.000000e+00 -5.630547e-02) (   7.556740e+00   0.000000e+00  5.403547e-02) (   1.133511e+01   0.000000e+00 -5.730225e-02) (   1.511348e+01   0.000000e+00  5.424634e-02) 
25	(   7.556740e-01   0.000000e+00  5.752518e-02) (   3.778370e+00   0.000000e+00 -4.665364e-02) (   7.556740e+00   0.000000e+00  4.647096e-02) (   1.133511e+01   0.000000e+00 -4.854206e-02) (   1.511348e+01   0.000000e+00  4.734123e-02) 
25.1	(   7.556740e-01   0.000000e+00  5.406202e-02) (   3.778370e+00   0.000000e+00 -3.334171e-02) (   7.556740e+00   0.000000e+00  3.522514e-02) (   1.133511e+01   0.000000e+00 -3.581028e-02) (   1.511348e+01   0.000000e+00  3.675579e-02) 
25.2	(   7.556740e-01   0.000000e+00  4.646766e-02) (   3.778370e+00   0.000000e+00 -1.752562e-02) (   7.556740e+00   0.000000e+00  2.105374e-02) (   1.133511e+01   0.000000e+00 -2.039501e-02) (   1.511348e+01   0.000000e+00  2.303314e-02) 
25.3	(   7.556740e-01   0.000000e+00  3.521654e-02) (   3.778370e+00   0.000000e+00 -6.385973e-04) (   7.556740e+00   0.000000e+00  4.929008e-03) (   1.133511e+01   0.000000e+00 -3.660142e-03) (   1.511348e+01   0.000000e+00  7.088632e-03) 
25.4	(   7.556740e-01   0.000000e+00  2.101978e-02) (   3.778370e+00   0.000000e+00  1.590951e-02) (   7.556740e+00   0.000000e+00 -1.195518e-02) (   1.133511e+01   0.000000e+00  1.292484e-02) (   1.511348e+01   0.000000e+00 -9.864838e-03) 
25.5	(   7.556740e-01   0.000000e+00  4.767277e-03) (   3.778370e+00   0.000000e+00  3.079067e-02) (   7.556740e+00   0.000000e+00 -2.833059e-02) (   1.133511e+01   0.000000e+00  2.808027e-02) (   1.511348e+01   0.000000e+00 -2.644753e-02) 
25.6	(   7.556740e-01   0.000000e+00 -1.235011e-02) (   3.778370e+00   0.000000e+00  4.297583e-02) (   7.556740e+00   0.000000e+00 -4.278107e-02) (   1.133511e+01   0.000000e+00  4.072768e-02) (   1.511348e+01   0.000000e+00 -4.119379e-02) 
25.7	(   7.556740e-01   0.000000e+00 -2.863817e-02) (   3.778370e+00   0.000000e+00  5.174257e-02) (   7.556740e+00   0.000000e+00 -5.374425e-02) (   1.133511e+01   0.000000e+00  5.001630e-02) (   1.511348e+01   0.000000e+00 -5.259107e-02) 
25.8	(   7.556740e-01   0.000000e+00 -4.273082e-02) (   3.778370e+00   0.000000e+00  5.656247e-02) (   7.556740e+00   0.000000e+00 -6.007915e-02) (   1.133511e+01   0.000000e+00  5.536766e-02) (   1.511348e+01   0.000000e+00 -5.952896e-02) 
25.9	(   7.556740e-01   0.000000e+00 -5.339988e-02) (   3.778370e+00   0.000000e+00  5.715440e-02) (   7.556740e+00   0.000000e+00 -6.109232e-02) (   1.133511e+01   0.000000e+00  5.661116e-02) (   1.511348e+01   0.000000e+00 -6.120797e-02) 
26	(   7.556740e-01   0.000000e+00 -5.972725e-02) (   3.778370e+00   0.000000e+00  5.344980e-02) (   7.556740e+00   0.000000e+00 -5.676681e-02) (   1.133511e+01   0.000000e+00  5.358334e-02) (   1.511348e+01   0.000000e+00 -5.751997e-02) 
26.1	(   7.556740e-01   0.000000e+00 -6.106853e-02) (   3.778370e+00   0.000000e+00  4.565121e-02) (   7.556740e+00   0.000000e+00 -4.769722e-02) (   1.133511e+01   0.000000e+00  4.641268e-02) (   1.511348e+01   0.000000e+00 -4.885882e-02) 
26.2	(   7.556740e-01   0.000000e+00 -5.704086e-02) (   3.778370e+00   0.000000e+00  3.421252e-02) (   7.556740e+00   0.000000e+00 -3.467538e-02) (   1.133511e+01   0.000000e+00  3.557887e-02) (   1.511348e+01   0.000000e+00 -3.620990e-02) 
26.3	(   7.556740e-01   0.000000e+00 -4.799505e-02) (   3.778370e+00   0.000000e+00  1.976130e-02) (   7.556740e+00   0.000000e+00 -1.906192e-02) (   1.133511e+01   0.000000e+00  2.164325e-02) (   1.511348e+01   0.000000e+00 -2.074567e-02) 
26.4	(   7.556740e-01   0.000000e+00 -3.490666e-02) (   3.778370e+00   0.000000e+00  3.386188e-03) (   7.556740e+00   0.000000e+00 -2.341645e-03) (   1.133511e+01   0.000000e+00  5.669725e-03) (   1.511348e+01   0.000000e+00 -3.859475e-03) 
26.5	(   7.556740e-01   0.000000e+00 -1.941446e-02) (   3.778370e+00   0.000000e+00 -1.352571e-02) (   7.556740e+00   0.000000e+00  1.413466e-02) (   1.133511e+01   0.000000e+00 -1.114663e-02) (   1.511348e+01   0.000000e+00  1.304247e-02) 
26.6	(   7.556740e-01   0.000000e+00 -2.705084e-03) (   3.778370e+00   0.000000e+00 -2.962283e-02) (   7.556740e+00   0.000000e+00  2.909848e-02) (   1.133511e+01   0.000000e+00 -2.747126e-02) (   1.511348e+01   0.000000e+00  2.850899e-02) 
26.7	(   7.556740e-01   0.000000e+00  1.409582e-02) (   3.778370e+00   0.000000e+00 -4.370066e-02) (   7.556740e+00   0.000000e+00  4.151769e-02) (   1.133511e+01   0.000000e+00 -4.184075e-02) (   1.511348e+01   0.000000e+00  4.130713e-02) 
26.8	(   7.556740e-01   0.000000e+00  2.942582e-02) (   3.778370e+00   0.000000e+00 -5.425617e-02) (   7.556740e+00   0.000000e+00  5.056442e-02) (   1.133511e+01   0.000000e+00 -5.290581e-02) (   1.511348e+01   0.000000e+00  5.089598e-02) 
26.9	(   7.556740e-01   0.000000e+00  4.215521e-02) (   3.778370e+00   0.000000e+00 -6.034182e-02) (   7.556740e+00   0.000000e+00  5.569722e-02) (   1.133511e+01   0.000000e+00 -5.927596e-02) (   1.511348e+01   0.000000e+00  5.655156e-02) 
27	(   7.556740e-01   0.000000e+00  5.139404e-02) (   3.778370e+00   0.000000e+00 -6.113180e-02) (   7.556740e+00   0.000000e+00  5.665584e-02) (   1.133511e+01   0.000000e+00 -6.057160e-02) (   1.511348e+01   0.000000e+00  5.785834e-02) 
27.1	(   7.556740e-01   0.000000e+00  5.674647e-02) (   3.778370e+00   0.000000e+00 -5.645640e-02) (   7.556740e+00   0.000000e+00  5.327412e-02) (   1.133511e+01   0.000000e+00 -5.642925e-02) (   1.511348e+01   0.000000e+00  5.483525e-02) 
27.2	(   7.556740e-01   0.000000e+00  5.780673e-02) (   3.778370e+00   0.000000e+00 -4.693183e-02) (   7.556740e+00   0.000000e+00  4.572587e-02) (   1.133511e+01   0.000000e+00 -4.750792e-02) (   1.511348e+01   0.000000e+00  4.767802e-02) 
27.3	(   7.556740e-01   0.000000e+00  5.428449e-02) (   3.778370e+00   0.000000e+00 -3.373946e-02) (   7.556740e+00   0.000000e+00  3.458198e-02) (   1.133511e+01   0.000000e+00 -3.455107e-02) (   1.511348e+01   0.000000e+00  3.671329e-02) 
27.4	(   7.556740e-01   0.000000e+00  4.662528e-02) (   3.778370e+00   0.000000e+00 -1.801579e-02) (   7.556740e+00   0.000000e+00  2.061411e-02) (   1.133511e+01   0.000000e+00 -1.893041e-02) (   1.511348e+01   0.000000e+00  2.264365e-02) 
27.5	(   7.556740e-01   0.000000e+00  3.529392e-02) (   3.778370e+00   0.000000e+00 -1.215456e-03) (   7.556740e+00   0.000000e+00  4.666843e-03) (   1.133511e+01   0.000000e+00 -2.196095e-03) (   1.511348e+01   0.000000e+00  6.335281e-03) 
27.6	(   7.556740e-01   0.000000e+00  2.100838e-02) (   3.778370e+00   0.000000e+00  1.526539e-02) (   7.556740e+00   0.000000e+00 -1.208129e-02) (   1.133511e+01   0.000000e+00  1.435580e-02) (   1.511348e+01   0.000000e+00 -1.094485e-02) 
27.7	(   7.556740e-01   0.000000e+00  4.651450e-03) (   3.778370e+00   0.000000e+00  3.009246e-02) (   7.556740e+00   0.000000e+00 -2.831349e-02) (   1.133511e+01   0.000000e+00  2.936031e-02) (   1.511348e+01   0.000000e+00 -2.776973e-02) 
27.8	(   7.556740e-01   0.000000e+00 -1.257612e-02) (   3.778370e+00   0.000000e+00  4.226393e-02) (   7.556740e+00   0.000000e+00 -4.256357e-02) (   1.133511e+01   0.000000e+00  4.173637e-02) (   1.511348e+01   0.000000e+00 -4.262275e-02) 
27.9	(   7.556740e-01   0.000000e+00 -2.897472e-02) (   3.778370e+00   0.000000e+00  5.107238e-02) (   7.556740e+00   0.000000e+00 -5.324688e-02) (   1.133511e+01   0.000000e+00  5.088269e-02) (   1.511348e+01   0.000000e+00 -5.408814e-02) 
28	(   7.556740e-01   0.000000e+00 -4.317682e-02) (   3.778370e+00   0.000000e+00  5.594236e-02) (   7.556740e+00   0.000000e+00 -5.935564e-02) (   1.133511e+01   0.000000e+00  5.608644e-02) (   1.511348e+01   0.000000e+00 -6.100973e-02) 
28.1	(   7.556740e-01   0.000000e+00 -5.394774e-02) (   3.778370e+00   0.000000e+00  5.661282e-02) (   7.556740e+00   0.000000e+00 -6.018042e-02) (   1.133511e+01   0.000000e+00  5.702088e-02) (   1.511348e+01   0.000000e+00 -6.274701e-02) 
28.2	(   7.556740e-01   0.000000e+00 -6.034516e-02) (   3.778370e+00   0.000000e+00  5.303815e-02) (   7.556740e+00   0.000000e+00 -5.583588e-02) (   1.133511e+01   0.000000e+00  5.369474e-02) (   1.511348e+01   0.000000e+00 -5.888919e-02) 
28.3	(   7.556740e-01   0.000000e+00 -6.172212e-02) (   3.778370e+00   0.000000e+00  4.537586e-02) (   7.556740e+00   0.000000e+00 -4.653911e-02) (   1.133511e+01   0.000000e+00  4.621025e-02) (   1.511348e+01   0.000000e+00 -5.003421e-02) 
28.4	(   7.556740e-01   0.000000e+00 -5.768821e-02) (   3.778370e+00   0.000000e+00  3.409392e-02) (   7.556740e+00   0.000000e+00 -3.346923e-02) (   1.133511e+01   0.000000e+00  3.500336e-02) (   1.511348e+01   0.000000e+00 -3.707367e-02) 
28.5	(   7.556740e-01   0.000000e+00 -4.859689e-02) (   3.778370e+00   0.000000e+00  1.982320e-02) (   7.556740e+00   0.000000e+00 -1.790441e-02) (   1.133511e+01   0.000000e+00  2.082819e-02) (   1.511348e+01   0.000000e+00 -2.123751e-02) 
28.6	(   7.556740e-01   0.000000e+00 -3.544839e-02) (   3.778370e+00   0.000000e+00  3.649476e-03) (   7.556740e+00   0.000000e+00 -1.247839e-03) (   1.133511e+01   0.000000e+00  4.646639e-03) (   1.511348e+01   0.000000e+00 -4.003090e-03) 
28.7	(   7.556740e-01   0.000000e+00 -1.986690e-02) (   3.778370e+00   0.000000e+00 -1.304645e-02) (   7.556740e+00   0.000000e+00  1.514979e-02) (   1.133511e+01   0.000000e+00 -1.246223e-02) (   1.511348e+01   0.000000e+00  1.312791e-02) 
28.8	(   7.556740e-01   0.000000e+00 -3.039556e-03) (   3.778370e+00   0.000000e+00 -2.897008e-02) (   7.556740e+00   0.000000e+00  2.989526e-02) (   1.133511e+01   0.000000e+00 -2.896598e-02) (   1.511348e+01   0.000000e+00  2.871279e-02) 
28.9	(   7.556740e-01   0.000000e+00  1.386769e-02) (   3.778370e+00   0.000000e+00 -4.288170e-02) (   7.556740e+00   0.000000e+00  4.213402e-02) (   1.133511e+01   0.000000e+00 -4.339213e-02) (   1.511348e+01   0.000000e+00  4.191828e-02) 
29	(   7.556740e-01   0.000000e+00  2.931525e-02) (   3.778370e+00   0.000000e+00 -5.331048e-02) (   7.556740e+00   0.000000e+00  5.099400e-02) (   1.133511e+01   0.000000e+00 -5.431420e-02) (   1.511348e+01   0.000000e+00  5.192456e-02) 
29.1	(   7.556740e-01   0.000000e+00  4.216824e-02) (   3.778370e+00   0.000000e+00 -5.929972e-02) (   7.556740e+00   0.000000e+00  5.591739e-02) (   1.133511e+01   0.000000e+00 -6.059113e-02) (   1.511348e+01   0.000000e+00  5.780545e-02) 
29.2	(   7.556740e-01   0.000000e+00  5.152773e-02) (   3.778370e+00   0.000000e+00 -6.005259e-02) (   7.556740e+00   0.000000e+00  5.654466e-02) (   1.133511e+01   0.000000e+00 -6.181917e-02) (   1.511348e+01   0.000000e+00  5.939493e-02) 
29.3	(   7.556740e-01   0.000000e+00  5.699061e-02) (   3.778370e+00   0.000000e+00 -5.537765e-02) (   7.556740e+00   0.000000e+00  5.289584e-02) (   1.133511e+01   0.000000e+00 -5.747471e-02) (   1.511348e+01   0.000000e+00  5.659966e-02) 
29.4	(   7.556740e-01   0.000000e+00  5.815784e-02) (   3.778370e+00   0.000000e+00 -4.591343e-02) (   7.556740e+00   0.000000e+00  4.511886e-02) (   1.133511e+01   0.000000e+00 -4.814168e-02) (   1.511348e+01   0.000000e+00  4.939193e-02) 
29.5	(   7.556740e-01   0.000000e+00  5.474715e-02) (   3.778370e+00   0.000000e+00 -3.279851e-02) (   7.556740e+00   0.000000e+00  3.382102e-02) (   1.133511e+01   0.000000e+00 -3.479558e-02) (   1.511348e+01   0.000000e+00  3.835630e-02) 
29.6	(   7.556740e-01   0.000000e+00  4.719933e-02) (   3.778370e+00   0.000000e+00 -1.720108e-02) (   7.556740e+00   0.000000e+00  1.967842e-02) (   1.133511e+01   0.000000e+00 -1.903378e-02) (   1.511348e+01   0.000000e+00  2.412117e-02) 
29.7	(   7.556740e-01   0.000000e+00  3.597319e-02) (   3.778370e+00   0.000000e+00 -5.509161e-04) (   7.556740e+00   0.000000e+00  3.552302e-03) (   1.133511e+01   0.000000e+00 -1.882537e-03) (   1.511348e+01   0.000000e+00  7.591279e-03) 
29.8	(   7.556740e-01   0.000000e+00  2.177322e-02) (   3.778370e+00   0.000000e+00  1.575677e-02) (   7.556740e+00   0.000000e+00 -1.328548e-02) (   1.133511e+01   0.000000e+00  1.490811e-02) (   1.511348e+01   0.000000e+00 -9.873805e-03) 
29.9	(   7.556740e-01   0.000000e+00  5.491260e-03) (   3.778370e+00   0.000000e+00  3.038236e-02) (   7.556740e+00   0.000000e+00 -2.960495e-02) (   1.133511e+01   0.000000e+00  3.020281e-02) (   1.511348e+01   0.000000e+00 -2.698277e-02) 
30	(   7.556740e-01   0.000000e+00 -1.169316e-02) (   3.778370e+00   0.000000e+00  4.234104e-02) (   7.556740e+00   0.000000e+00 -4.372840e-02) (   1.133511e+01   0.000000e+00  4.300125e-02) (   1.511348e+01   0.000000e+00 -4.223997e-02) 
30.1	(   7.556740e-01   0.000000e+00 -2.809030e-02) (   3.778370e+00   0.000000e+00  5.094010e-02) (   7.556740e+00   0.000000e+00 -5.430782e-02) (   1.133511e+01   0.000000e+00  5.230838e-02) (   1.511348e+01   0.000000e+00 -5.408952e-02) 
30.2	(   7.556740e-01   0.000000e+00 -4.234158e-02) (   3.778370e+00   0.000000e+00  5.558698e-02) (   7.556740e+00   0.000000e+00 -6.016821e-02) (   1.133511e+01   0.000000e+00  5.761583e-02) (   1.511348e+01   0.000000e+00 -6.151171e-02) 
30.3	(   7.556740e-01   0.000000e+00 -5.320279e-02) (   3.778370e+00   0.000000e+00  5.606894e-02) (   7.556740e+00   0.000000e+00 -6.091354e-02) (   1.133511e+01   0.000000e+00  5.870686e-02) (   1.511348e+01   0.000000e+00 -6.349530e-02) 
30.4	(   7.556740e-01   0.000000e+00 -5.974398e-02) (   3.778370e+00   0.000000e+00  5.230262e-02) (   7.556740e+00   0.000000e+00 -5.620024e-02) (   1.133511e+01   0.000000e+00  5.540950e-02) (   1.511348e+01   0.000000e+00 -5.992367e-02) 
30.5	(   7.556740e-01   0.000000e+00 -6.129748e-02) (   3.778370e+00   0.000000e+00  4.448178e-02) (   7.556740e+00   0.000000e+00 -4.666158e-02) (   1.133511e+01   0.000000e+00  4.783547e-02) (   1.511348e+01   0.000000e+00 -5.135024e-02) 
30.6	(   7.556740e-01   0.000000e+00 -5.747149e-02) (   3.778370e+00   0.000000e+00  3.306478e-02) (   7.556740e+00   0.000000e+00 -3.328852e-02) (   1.133511e+01   0.000000e+00  3.647347e-02) (   1.511348e+01   0.000000e+00 -3.855956e-02) 
30.7	(   7.556740e-01   0.000000e+00 -4.860050e-02) (   3.778370e+00   0.000000e+00  1.870275e-02) (   7.556740e+00   0.000000e+00 -1.743726e-02) (   1.133511e+01   0.000000e+00  2.208084e-02) (   1.511348e+01   0.000000e+00 -2.287689e-02) 
30.8	(   7.556740e-01   0.000000e+00 -3.564714e-02) (   3.778370e+00   0.000000e+00  2.518487e-03) (   7.556740e+00   0.000000e+00 -4.460048e-04) (   1.133511e+01   0.000000e+00  5.440991e-03) (   1.511348e+01   0.000000e+00 -5.693586e-03) 
30.9	(   7.556740e-01   0.000000e+00 -2.024703e-02) (   3.778370e+00   0.000000e+00 -1.412661e-02) (   7.556740e+00   0.000000e+00  1.609300e-02) (   1.133511e+01   0.000000e+00 -1.197248e-02) (   1.511348e+01   0.000000e+00  1.130657e-02) 
31	(   7.556740e-01   0.000000e+00 -3.559564e-03) (   3.778370e+00   0.000000e+00 -2.995068e-02) (   7.556740e+00   0.000000e+00  3.113381e-02) (   1.133511e+01   0.000000e+00 -2.881331e-02) (   1.511348e+01   0.000000e+00  2.711313e-02) 
31.1	(   7.556740e-01   0.000000e+00  1.324357e-02) (   3.778370e+00   0.000000e+00 -4.368853e-02) (   7.556740e+00   0.000000e+00  4.355902e-02) (   1.133511e+01   0.000000e+00 -4.355450e-02) (   1.511348e+01   0.000000e+00  4.077771e-02) 
31.2	(   7.556740e-01   0.000000e+00  2.860154e-02) (   3.778370e+00   0.000000e+00 -5.389343e-02) (   7.556740e+00   0.000000e+00  5.248789e-02) (   1.133511e+01   0.000000e+00 -5.486361e-02) (   1.511348e+01   0.000000e+00  5.105120e-02) 
31.3	(   7.556740e-01   0.000000e+00  4.140630e-02) (   3.778370e+00   0.000000e+00 -5.961619e-02) (   7.556740e+00   0.000000e+00  5.739389e-02) (   1.133511e+01   0.000000e+00 -6.163224e-02) (   1.511348e+01   0.000000e+00  5.739595e-02) 
31.4	(   7.556740e-01   0.000000e+00  5.077707e-02) (   3.778370e+00   0.000000e+00 -6.006853e-02) (   7.556740e+00   0.000000e+00  5.798313e-02) (   1.133511e+01   0.000000e+00 -6.305745e-02) (   1.511348e+01   0.000000e+00  5.958458e-02) 
31.5	(   7.556740e-01   0.000000e+00  5.625115e-02) (   3.778370e+00   0.000000e+00 -5.508995e-02) (   7.556740e+00   0.000000e+00  5.414993e-02) (   1.133511e+01   0.000000e+00 -5.888743e-02) (   1.511348e+01   0.000000e+00  5.718959e-02) 
31.6	(   7.556740e-01   0.000000e+00  5.746517e-02) (   3.778370e+00   0.000000e+00 -4.534755e-02) (   7.556740e+00   0.000000e+00  4.627146e-02) (   1.133511e+01   0.000000e+00 -4.963843e-02) (   1.511348e+01   0.000000e+00  5.056283e-02) 
31.7	(   7.556740e-01   0.000000e+00  5.412814e-02) (   3.778370e+00   0.000000e+00 -3.196534e-02) (   7.556740e+00   0.000000e+00  3.477292e-02) (   1.133511e+01   0.000000e+00 -3.658420e-02) (   1.511348e+01   0.000000e+00  4.001438e-02) 
31.8	(   7.556740e-01   0.000000e+00  4.667445e-02) (   3.778370e+00   0.000000e+00 -1.614471e-02) (   7.556740e+00   0.000000e+00  2.026735e-02) (   1.133511e+01   0.000000e+00 -2.065080e-02) (   1.511348e+01   0.000000e+00  2.614299e-02) 
31.9	(   7.556740e-01   0.000000e+00  3.556552e-02) (   3.778370e+00   0.000000e+00  7.030705e-04) (   7.556740e+00   0.000000e+00  3.893770e-03) (   1.133511e+01   0.000000e+00 -3.501703e-03) (   1.511348e+01   0.000000e+00  9.954870e-03) 
32	(   7.556740e-01   0.000000e+00  2.152335e-02) (   3.778370e+00   0.000000e+00  1.714695e-02) (   7.556740e+00   0.000000e+00 -1.340796e-02) (   1.133511e+01   0.000000e+00  1.352340e-02) (   1.511348e+01   0.000000e+00 -7.423521e-03) 
32.1	(   7.556740e-01   0.000000e+00  5.452145e-03) (   3.778370e+00   0.000000e+00  3.187371e-02) (   7.556740e+00   0.000000e+00 -3.001626e-02) (   1.133511e+01   0.000000e+00  2.920395e-02) (   1.511348e+01   0.000000e+00 -2.451254e-02) 
32.2	(   7.556740e-01   0.000000e+00 -1.148717e-02) (   3.778370e+00   0.000000e+00  4.386359e-02) (   7.556740e+00   0.000000e+00 -4.446741e-02) (   1.133511e+01   0.000000e+00  4.227852e-02) (   1.511348e+01   0.000000e+00 -3.985634e-02) 
32.3	(   7.556740e-01   0.000000e+00 -2.761007e-02) (   3.778370e+00   0.000000e+00  5.242787e-02) (   7.556740e+00   0.000000e+00 -5.518767e-02) (   1.133511e+01   0.000000e+00  5.197005e-02) (   1.511348e+01   0.000000e+00 -5.197300e-02) 
32.4	(   7.556740e-01   0.000000e+00 -4.157041e-02) (   3.778370e+00   0.000000e+00  5.699493e-02) (   7.556740e+00   0.000000e+00 -6.143004e-02) (   1.133511e+01   0.000000e+00  5.792121e-02) (   1.511348e+01   0.000000e+00 -5.977988e-02) 
32.5	(   7.556740e-01   0.000000e+00 -5.214964e-02) (   3.778370e+00   0.000000e+00  5.731886e-02) (   7.556740e+00   0.000000e+00 -6.230383e-02) (   1.133511e+01   0.000000e+00  5.947912e-02) (   1.511348e+01   0.000000e+00 -6.218225e-02) 
32.6	(   7.556740e-01   0.000000e+00 -5.846971e-02) (   3.778370e+00   0.000000e+00  5.334684e-02) (   7.556740e+00   0.000000e+00 -5.768167e-02) (   1.133511e+01   0.000000e+00  5.663466e-02) (   1.511348e+01   0.000000e+00 -5.906688e-02) 
32.7	(   7.556740e-01   0.000000e+00 -5.986365e-02) (   3.778370e+00   0.000000e+00  4.526868e-02) (   7.556740e+00   0.000000e+00 -4.815708e-02) (   1.133511e+01   0.000000e+00  4.949755e-02) (   1.511348e+01   0.000000e+00 -5.110475e-02) 
32.8	(   7.556740e-01   0.000000e+00 -5.598975e-02) (   3.778370e+00   0.000000e+00  3.352826e-02) (   7.556740e+00   0.000000e+00 -3.469617e-02) (   1.133511e+01   0.000000e+00  3.844915e-02) (   1.511348e+01   0.000000e+00 -3.900650e-02) 
32.9	(   7.556740e-01   0.000000e+00 -4.713893e-02) (   3.778370e+00   0.000000e+00  1.882490e-02) (   7.556740e+00   0.000000e+00 -1.867462e-02) (   1.133511e+01   0.000000e+00  2.416757e-02) (   1.511348e+01   0.000000e+00 -2.400882e-02) 
33	(   7.556740e-01   0.000000e+00 -3.427184e-02) (   3.778370e+00   0.000000e+00  2.269281e-03) (   7.556740e+00   0.000000e+00 -1.498191e-03) (   1.133511e+01   0.000000e+00  7.716928e-03) (   1.511348e+01   0.000000e+00 -7.500369e-03) 
33.1	(   7.556740e-01   0.000000e+00 -1.902714e-02) (   3.778370e+00   0.000000e+00 -1.472937e-02) (   7.556740e+00   0.000000e+00  1.540298e-02) (   1.133511e+01   0.000000e+00 -9.712479e-03) (   1.511348e+01   0.000000e+00  9.138249e-03) 
33.2	(   7.556740e-01   0.000000e+00 -2.560308e-03) (   3.778370e+00   0.000000e+00 -3.091857e-02) (   7.556740e+00   0.000000e+00  3.091092e-02) (   1.133511e+01   0.000000e+00 -2.650363e-02) (   1.511348e+01   0.000000e+00  2.469883e-02) 
33.3	(   7.556740e-01   0.000000e+00  1.403779e-02) (   3.778370e+00   0.000000e+00 -4.496860e-02) (   7.556740e+00   0.000000e+00  4.363450e-02) (   1.133511e+01   0.000000e+00 -4.163599e-02) (   1.511348e+01   0.000000e+00  3.826449e-02) 
33.4	(   7.556740e-01   0.000000e+00  2.916181e-02) (   3.778370e+00   0.000000e+00 -5.543882e-02) (   7.556740e+00   0.000000e+00  5.304941e-02) (   1.133511e+01   0.000000e+00 -5.331356e-02) (   1.511348e+01   0.000000e+00  4.849779e-02) 
33.5	(   7.556740e-01   0.000000e+00  4.171616e-02) (   3.778370e+00   0.000000e+00 -6.129371e-02) (   7.556740e+00   0.000000e+00  5.831857e-02) (   1.133511e+01   0.000000e+00 -6.046934e-02) (   1.511348e+01   0.000000e+00  5.518158e-02) 
33.6	(   7.556740e-01   0.000000e+00  5.084071e-02) (   3.778370e+00   0.000000e+00 -6.178699e-02) (   7.556740e+00   0.000000e+00  5.918559e-02) (   1.133511e+01   0.000000e+00 -6.228158e-02) (   1.511348e+01   0.000000e+00  5.778761e-02) 
33.7	(   7.556740e-01   0.000000e+00  5.609896e-02) (   3.778370e+00   0.000000e+00 -5.673778e-02) (   7.556740e+00   0.000000e+00  5.579658e-02) (   1.133511e+01   0.000000e+00 -5.868163e-02) (   1.511348e+01   0.000000e+00  5.602675e-02) 
33.8	(   7.556740e-01   0.000000e+00  5.710820e-02) (   3.778370e+00   0.000000e+00 -4.682012e-02) (   7.556740e+00   0.000000e+00  4.808773e-02) (   1.133511e+01   0.000000e+00 -5.010448e-02) (   1.511348e+01   0.000000e+00  5.009012e-02) 
33.9	(   7.556740e-01   0.000000e+00  5.356835e-02) (   3.778370e+00   0.000000e+00 -3.319233e-02) (   7.556740e+00   0.000000e+00  3.670603e-02) (   1.133511e+01   0.000000e+00 -3.750684e-02) (   1.511348e+01   0.000000e+00  4.035253e-02) 
34	(   7.556740e-01   0.000000e+00  4.592095e-02) (   3.778370e+00   0.000000e+00 -1.702578e-02) (   7.556740e+00   0.000000e+00  2.235339e-02) (   1.133511e+01   0.000000e+00 -2.213134e-02) (   1.511348e+01   0.000000e+00  2.720107e-02) 
34.1	(   7.556740e-01   0.000000e+00  3.463673e-02) (   3.778370e+00   0.000000e+00  2.038190e-04) (   7.556740e+00   0.000000e+00  5.782745e-03) (   1.133511e+01   0.000000e+00 -5.308158e-03) (   1.511348e+01   0.000000e+00  1.163530e-02) 
34.2	(   7.556740e-01   0.000000e+00  2.044656e-02) (   3.778370e+00   0.000000e+00  1.707096e-02) (   7.556740e+00   0.000000e+00 -1.166782e-02) (   1.133511e+01   0.000000e+00  1.136393e-02) (   1.511348e+01   0.000000e+00 -4.966761e-03) 
34.3	(   7.556740e-01   0.000000e+00  4.254664e-03) (   3.778370e+00   0.000000e+00  3.222784e-02) (   7.556740e+00   0.000000e+00 -2.859623e-02) (   1.133511e+01   0.000000e+00  2.674201e-02) (   1.511348e+01   0.000000e+00 -2.156970e-02) 
34.4	(   7.556740e-01   0.000000e+00 -1.273436e-02) (   3.778370e+00   0.000000e+00  4.464498e-02) (   7.556740e+00   0.000000e+00 -4.322749e-02) (   1.133511e+01   0.000000e+00  3.996232e-02) (   1.511348e+01   0.000000e+00 -3.665096e-02) 
34.5	(   7.556740e-01   0.000000e+00 -2.882271e-02) (   3.778370e+00   0.000000e+00  5.359402e-02) (   7.556740e+00   0.000000e+00 -5.448078e-02) (   1.133511e+01   0.000000e+00  4.999360e-02) (   1.511348e+01   0.000000e+00 -4.866904e-02) 
34.6	(   7.556740e-01   0.000000e+00 -4.262368e-02) (   3.778370e+00   0.000000e+00  5.849895e-02) (   7.556740e+00   0.000000e+00 -6.119347e-02) (   1.133511e+01   0.000000e+00  5.615589e-02) (   1.511348e+01   0.000000e+00 -5.637874e-02) 
34.7	(   7.556740e-01   0.000000e+00 -5.297344e-02) (   3.778370e+00   0.000000e+00  5.908232e-02) (   7.556740e+00   0.000000e+00 -6.240634e-02) (   1.133511e+01   0.000000e+00  5.828764e-02) (   1.511348e+01   0.000000e+00 -5.899126e-02) 
34.8	(   7.556740e-01   0.000000e+00 -5.895925e-02) (   3.778370e+00   0.000000e+00  5.531946e-02) (   7.556740e+00   0.000000e+00 -5.836732e-02) (   1.133511e+01   0.000000e+00  5.606525e-02) (   1.511348e+01   0.000000e+00 -5.649286e-02) 
34.9	(   7.556740e-01   0.000000e+00 -5.996667e-02) (   3.778370e+00   0.000000e+00  4.735013e-02) (   7.556740e+00   0.000000e+00 -4.928655e-02) (   1.133511e+01   0.000000e+00  4.951143e-02) (   1.511348e+01   0.000000e+00 -4.925194e-02) 
35	(   7.556740e-01   0.000000e+00 -5.566522e-02) (   3.778370e+00   0.000000e+00  3.563285e-02) (   7.556740e+00   0.000000e+00 -3.611641e-02) (   1.133511e+01   0.000000e+00  3.906512e-02) (   1.511348e+01   0.000000e+00 -3.806525e-02) 
