           0.1	   3.999907e+00  -1.000009e+01   3.999986e+00  -1.000001e+01   3.999998e+00  -1.000000e+01   4.000000e+00  -1.000000e+01   4.000000e+00  -1.000000e+01
0.2	   3.999458e+00  -1.000054e+01   3.999922e+00  -1.000008e+01   3.999990e+00  -1.000001e+01   3.999999e+00  -1.000000e+01   4.000000e+00  -1.000000e+01
0.3	   3.998469e+00  -1.000153e+01   3.999783e+00  -1.000022e+01   3.999971e+00  -1.000003e+01   3.999996e+00  -1.000000e+01   3.999999e+00  -1.000000e+01
0.4	   3.996797e+00  -1.000320e+01   3.999548e+00  -1.000045e+01   3.999939e+00  -1.000006e+01   3.999992e+00  -1.000001e+01   3.999999e+00  -1.000000e+01
0.5	   3.994377e+00  -1.000562e+01   3.999202e+00  -1.000080e+01   3.999889e+00  -1.000011e+01   3.999984e+00  -1.000002e+01   3.999998e+00  -1.000000e+01
0.6	   3.991216e+00  -1.000878e+01   3.998733e+00  -1.000127e+01   3.999819e+00  -1.000018e+01   3.999974e+00  -1.000003e+01   3.999996e+00  -1.000000e+01
0.7	   3.987410e+00  -1.001259e+01   3.998134e+00  -1.000187e+01   3.999724e+00  -1.000028e+01   3.999959e+00  -1.000004e+01   3.999994e+00  -1.000001e+01
0.8	   3.983186e+00  -1.001681e+01   3.997403e+00  -1.000260e+01   3.999601e+00  -1.000040e+01   3.999938e+00  -1.000006e+01   3.999991e+00  -1.000001e+01
0.9	   3.978918e+00  -1.002108e+01   3.996548e+00  -1.000345e+01   3.999445e+00  -1.000055e+01   3.999911e+00  -1.000009e+01   3.999986e+00  -1.000001e+01
1	   3.975143e+00  -1.002486e+01   3.995589e+00  -1.000441e+01   3.999255e+00  -1.000075e+01   3.999876e+00  -1.000012e+01   3.999980e+00  -1.000002e+01
1.1	   3.972555e+00  -1.002745e+01   3.994554e+00  -1.000545e+01   3.999028e+00  -1.000097e+01   3.999831e+00  -1.000017e+01   3.999971e+00  -1.000003e+01
1.2	   3.971751e+00  -1.002825e+01   3.993492e+00  -1.000651e+01   3.998764e+00  -1.000124e+01   3.999775e+00  -1.000023e+01   3.999961e+00  -1.000004e+01
1.3	   3.973527e+00  -1.002647e+01   3.992454e+00  -1.000755e+01   3.998464e+00  -1.000154e+01   3.999706e+00  -1.000029e+01   3.999947e+00  -1.000005e+01
1.4	   3.978645e+00  -1.002136e+01   3.991500e+00  -1.000850e+01   3.998129e+00  -1.000187e+01   3.999623e+00  -1.000038e+01   3.999929e+00  -1.000007e+01
1.5	   3.987632e+00  -1.001237e+01   3.990715e+00  -1.000928e+01   3.997765e+00  -1.000224e+01   3.999525e+00  -1.000047e+01   3.999907e+00  -1.000009e+01
1.6	   4.000365e+00  -9.999635e+00   3.990212e+00  -1.000979e+01   3.997381e+00  -1.000262e+01   3.999411e+00  -1.000059e+01   3.999880e+00  -1.000012e+01
1.7	   4.015994e+00  -9.984006e+00   3.990090e+00  -1.000991e+01   3.996990e+00  -1.000301e+01   3.999280e+00  -1.000072e+01   3.999847e+00  -1.000015e+01
1.8	   4.033242e+00  -9.966758e+00   3.990413e+00  -1.000959e+01   3.996599e+00  -1.000340e+01   3.999131e+00  -1.000087e+01   3.999807e+00  -1.000019e+01
1.9	   4.050903e+00  -9.949097e+00   3.991235e+00  -1.000877e+01   3.996217e+00  -1.000378e+01   3.998963e+00  -1.000104e+01   3.999760e+00  -1.000024e+01
2	   4.067294e+00  -9.932706e+00   3.992611e+00  -1.000739e+01   3.995860e+00  -1.000414e+01   3.998778e+00  -1.000122e+01   3.999704e+00  -1.000030e+01
2.1	   4.080630e+00  -9.919370e+00   3.994633e+00  -1.000537e+01   3.995550e+00  -1.000445e+01   3.998575e+00  -1.000142e+01   3.999639e+00  -1.000036e+01
2.2	   4.089576e+00  -9.910424e+00   3.997393e+00  -1.000261e+01   3.995318e+00  -1.000468e+01   3.998359e+00  -1.000164e+01   3.999564e+00  -1.000044e+01
2.3	   4.092984e+00  -9.907016e+00   4.000984e+00  -9.999016e+00   3.995193e+00  -1.000481e+01   3.998134e+00  -1.000187e+01   3.999478e+00  -1.000052e+01
2.4	   4.089305e+00  -9.910695e+00   4.005357e+00  -9.994643e+00   3.995194e+00  -1.000481e+01   3.997904e+00  -1.000210e+01   3.999381e+00  -1.000062e+01
2.5	   4.077470e+00  -9.922530e+00   4.010314e+00  -9.989686e+00   3.995343e+00  -1.000466e+01   3.997673e+00  -1.000233e+01   3.999273e+00  -1.000073e+01
2.6	   4.058654e+00  -9.941346e+00   4.015761e+00  -9.984239e+00   3.995670e+00  -1.000433e+01   3.997449e+00  -1.000255e+01   3.999153e+00  -1.000085e+01
2.7	   4.035391e+00  -9.964609e+00   4.021617e+00  -9.978383e+00   3.996215e+00  -1.000379e+01   3.997242e+00  -1.000276e+01   3.999023e+00  -1.000098e+01
2.8	   4.009362e+00  -9.990638e+00   4.027772e+00  -9.972228e+00   3.997011e+00  -1.000299e+01   3.997064e+00  -1.000294e+01   3.998884e+00  -1.000112e+01
2.9	   3.981745e+00  -1.001826e+01   4.033900e+00  -9.966100e+00   3.998086e+00  -1.000191e+01   3.996928e+00  -1.000307e+01   3.998737e+00  -1.000126e+01
3	   3.953766e+00  -1.004623e+01   4.039540e+00  -9.960460e+00   3.999445e+00  -1.000056e+01   3.996844e+00  -1.000316e+01   3.998584e+00  -1.000142e+01
3.1	   3.928501e+00  -1.007150e+01   4.044334e+00  -9.955666e+00   4.001110e+00  -9.998890e+00   3.996827e+00  -1.000317e+01   3.998429e+00  -1.000157e+01
3.2	   3.907392e+00  -1.009261e+01   4.047792e+00  -9.952208e+00   4.003076e+00  -9.996924e+00   3.996896e+00  -1.000310e+01   3.998275e+00  -1.000172e+01
3.3	   3.890988e+00  -1.010901e+01   4.049375e+00  -9.950625e+00   4.005312e+00  -9.994688e+00   3.997066e+00  -1.000293e+01   3.998127e+00  -1.000187e+01
3.4	   3.879885e+00  -1.012011e+01   4.048566e+00  -9.951434e+00   4.007781e+00  -9.992219e+00   3.997352e+00  -1.000265e+01   3.997990e+00  -1.000201e+01
3.5	   3.874619e+00  -1.012538e+01   4.044793e+00  -9.955207e+00   4.010430e+00  -9.989570e+00   3.997771e+00  -1.000223e+01   3.997870e+00  -1.000213e+01
3.6	   3.875460e+00  -1.012454e+01   4.037801e+00  -9.962199e+00   4.013199e+00  -9.986801e+00   3.998334e+00  -1.000167e+01   3.997775e+00  -1.000222e+01
3.7	   3.883544e+00  -1.011646e+01   4.027570e+00  -9.972430e+00   4.016020e+00  -9.983980e+00   3.999055e+00  -1.000095e+01   3.997712e+00  -1.000229e+01
3.8	   3.898552e+00  -1.010145e+01   4.014263e+00  -9.985737e+00   4.018767e+00  -9.981233e+00   3.999939e+00  -1.000006e+01   3.997689e+00  -1.000231e+01
3.9	   3.920033e+00  -1.007997e+01   3.998329e+00  -1.000167e+01   4.021308e+00  -9.978692e+00   4.000991e+00  -9.999009e+00   3.997714e+00  -1.000229e+01
4	   3.948213e+00  -1.005179e+01   3.980601e+00  -1.001940e+01   4.023509e+00  -9.976491e+00   4.002207e+00  -9.997793e+00   3.997800e+00  -1.000220e+01
4.1	   3.983127e+00  -1.001687e+01   3.962230e+00  -1.003777e+01   4.025242e+00  -9.974758e+00   4.003583e+00  -9.996417e+00   3.997958e+00  -1.000204e+01
4.2	   4.022377e+00  -9.977623e+00   3.944578e+00  -1.005542e+01   4.026365e+00  -9.973635e+00   4.005101e+00  -9.994899e+00   3.998196e+00  -1.000180e+01
4.3	   4.065024e+00  -9.934976e+00   3.929145e+00  -1.007085e+01   4.026776e+00  -9.973224e+00   4.006740e+00  -9.993260e+00   3.998525e+00  -1.000148e+01
4.4	   4.109222e+00  -9.890778e+00   3.917002e+00  -1.008300e+01   4.026316e+00  -9.973684e+00   4.008470e+00  -9.991530e+00   3.998952e+00  -1.000105e+01
4.5	   4.150661e+00  -9.849339e+00   3.908991e+00  -1.009101e+01   4.024843e+00  -9.975157e+00   4.010262e+00  -9.989738e+00   3.999484e+00  -1.000052e+01
4.6	   4.186589e+00  -9.813411e+00   3.905988e+00  -1.009401e+01   4.022302e+00  -9.977698e+00   4.012055e+00  -9.987945e+00   4.000126e+00  -9.999874e+00
4.7	   4.218660e+00  -9.781340e+00   3.908797e+00  -1.009120e+01   4.018673e+00  -9.981327e+00   4.013794e+00  -9.986206e+00   4.000881e+00  -9.999119e+00
4.8	   4.236090e+00  -9.763910e+00   3.918252e+00  -1.008175e+01   4.013980e+00  -9.986020e+00   4.015415e+00  -9.984585e+00   4.001748e+00  -9.998252e+00
4.9	   4.228901e+00  -9.771099e+00   3.934341e+00  -1.006566e+01   4.008297e+00  -9.991703e+00   4.016844e+00  -9.983156e+00   4.002724e+00  -9.997276e+00
5	   4.196940e+00  -9.803060e+00   3.956634e+00  -1.004337e+01   4.001742e+00  -9.998258e+00   4.018008e+00  -9.981992e+00   4.003800e+00  -9.996200e+00
5.1	   4.160269e+00  -9.839731e+00   3.984664e+00  -1.001534e+01   3.994555e+00  -1.000544e+01   4.018845e+00  -9.981155e+00   4.004964e+00  -9.995036e+00
5.2	   4.112622e+00  -9.887378e+00   4.017126e+00  -9.982874e+00   3.987022e+00  -1.001298e+01   4.019293e+00  -9.980707e+00   4.006201e+00  -9.993799e+00
5.3	   4.056538e+00  -9.943462e+00   4.052168e+00  -9.947832e+00   3.979495e+00  -1.002050e+01   4.019303e+00  -9.980697e+00   4.007498e+00  -9.992502e+00
5.4	   4.000240e+00  -9.999760e+00   4.088373e+00  -9.911627e+00   3.972397e+00  -1.002760e+01   4.018802e+00  -9.981198e+00   4.008822e+00  -9.991178e+00
5.5	   3.945898e+00  -1.005410e+01   4.122544e+00  -9.877456e+00   3.966185e+00  -1.003382e+01   4.017761e+00  -9.982239e+00   4.010140e+00  -9.989860e+00
5.6	   3.896881e+00  -1.010312e+01   4.151444e+00  -9.848556e+00   3.961348e+00  -1.003865e+01   4.016161e+00  -9.983839e+00   4.011418e+00  -9.988582e+00
5.7	   3.854584e+00  -1.014542e+01   4.172780e+00  -9.827220e+00   3.958299e+00  -1.004170e+01   4.014008e+00  -9.985992e+00   4.012614e+00  -9.987386e+00
5.8	   3.822773e+00  -1.017723e+01   4.184324e+00  -9.815676e+00   3.957265e+00  -1.004273e+01   4.011324e+00  -9.988676e+00   4.013686e+00  -9.986314e+00
5.9	   3.800605e+00  -1.019939e+01   4.185043e+00  -9.814957e+00   3.958682e+00  -1.004132e+01   4.008162e+00  -9.991838e+00   4.014590e+00  -9.985410e+00
6	   3.791557e+00  -1.020844e+01   4.173222e+00  -9.826778e+00   3.962964e+00  -1.003704e+01   4.004611e+00  -9.995389e+00   4.015292e+00  -9.984708e+00
6.1	   3.794309e+00  -1.020569e+01   4.148709e+00  -9.851291e+00   3.970231e+00  -1.002977e+01   4.000774e+00  -9.999226e+00   4.015753e+00  -9.984247e+00
6.2	   3.804605e+00  -1.019539e+01   4.114037e+00  -9.885963e+00   3.980539e+00  -1.001946e+01   3.996789e+00  -1.000321e+01   4.015940e+00  -9.984060e+00
6.3	   3.830436e+00  -1.016956e+01   4.072336e+00  -9.927664e+00   3.993821e+00  -1.000618e+01   3.992824e+00  -1.000718e+01   4.015827e+00  -9.984173e+00
6.4	   3.863030e+00  -1.013697e+01   4.026703e+00  -9.973297e+00   4.009785e+00  -9.990215e+00   3.989062e+00  -1.001094e+01   4.015380e+00  -9.984620e+00
6.5	   3.904365e+00  -1.009564e+01   3.980707e+00  -1.001929e+01   4.027926e+00  -9.972074e+00   3.985710e+00  -1.001429e+01   4.014591e+00  -9.985409e+00
6.6	   3.955896e+00  -1.004410e+01   3.936501e+00  -1.006350e+01   4.047529e+00  -9.952471e+00   3.982986e+00  -1.001701e+01   4.013460e+00  -9.986540e+00
6.7	   4.012010e+00  -9.987990e+00   3.896619e+00  -1.010338e+01   4.067901e+00  -9.932099e+00   3.981079e+00  -1.001892e+01   4.011997e+00  -9.988003e+00
6.8	   4.066346e+00  -9.933654e+00   3.862945e+00  -1.013705e+01   4.087811e+00  -9.912189e+00   3.980160e+00  -1.001984e+01   4.010228e+00  -9.989772e+00
6.9	   4.120696e+00  -9.879304e+00   3.837165e+00  -1.016284e+01   4.105737e+00  -9.894263e+00   3.980385e+00  -1.001961e+01   4.008193e+00  -9.991807e+00
7	   4.166292e+00  -9.833708e+00   3.820119e+00  -1.017988e+01   4.120055e+00  -9.879945e+00   3.981995e+00  -1.001800e+01   4.005947e+00  -9.994053e+00
7.1	   4.201574e+00  -9.798426e+00   3.812466e+00  -1.018753e+01   4.129306e+00  -9.870694e+00   3.985089e+00  -1.001491e+01   4.003561e+00  -9.996439e+00
7.2	   4.236038e+00  -9.763962e+00   3.814206e+00  -1.018579e+01   4.132204e+00  -9.867796e+00   3.989724e+00  -1.001028e+01   4.001121e+00  -9.998879e+00
7.3	   4.266701e+00  -9.733299e+00   3.826339e+00  -1.017366e+01   4.127179e+00  -9.872821e+00   3.995895e+00  -1.000411e+01   3.998723e+00  -1.000128e+01
7.4	   4.268598e+00  -9.731402e+00   3.848920e+00  -1.015108e+01   4.113525e+00  -9.886475e+00   4.003528e+00  -9.996472e+00   3.996478e+00  -1.000352e+01
7.5	   4.238519e+00  -9.761481e+00   3.881356e+00  -1.011864e+01   4.091688e+00  -9.908312e+00   4.012461e+00  -9.987539e+00   3.994505e+00  -1.000550e+01
7.6	   4.205219e+00  -9.794781e+00   3.922319e+00  -1.007768e+01   4.062831e+00  -9.937169e+00   4.022439e+00  -9.977561e+00   3.992926e+00  -1.000707e+01
7.7	   4.164721e+00  -9.835279e+00   3.971590e+00  -1.002841e+01   4.028978e+00  -9.971022e+00   4.033124e+00  -9.966876e+00   3.991844e+00  -1.000816e+01
7.8	   4.098893e+00  -9.901107e+00   4.026928e+00  -9.973072e+00   3.993041e+00  -1.000696e+01   4.044131e+00  -9.955869e+00   3.991357e+00  -1.000864e+01
7.9	   4.034634e+00  -9.965366e+00   4.086020e+00  -9.913980e+00   3.956952e+00  -1.004305e+01   4.054974e+00  -9.945026e+00   3.991554e+00  -1.000845e+01
8	   3.976089e+00  -1.002391e+01   4.145302e+00  -9.854698e+00   3.923530e+00  -1.007647e+01   4.064976e+00  -9.935024e+00   3.992576e+00  -1.000742e+01
8.1	   3.925640e+00  -1.007436e+01   4.199430e+00  -9.800570e+00   3.894410e+00  -1.010559e+01   4.073515e+00  -9.926485e+00   3.994471e+00  -1.000553e+01
8.2	   3.883763e+00  -1.011624e+01   4.244161e+00  -9.755839e+00   3.871079e+00  -1.012892e+01   4.079962e+00  -9.920038e+00   3.997272e+00  -1.000273e+01
8.3	   3.846967e+00  -1.015303e+01   4.268881e+00  -9.731119e+00   3.854784e+00  -1.014522e+01   4.083733e+00  -9.916267e+00   4.000979e+00  -9.999021e+00
8.4	   3.818461e+00  -1.018154e+01   4.270210e+00  -9.729790e+00   3.846364e+00  -1.015364e+01   4.084374e+00  -9.915626e+00   4.005551e+00  -9.994449e+00
8.5	   3.804637e+00  -1.019536e+01   4.248525e+00  -9.751475e+00   3.846131e+00  -1.015387e+01   4.081219e+00  -9.918781e+00   4.010906e+00  -9.989094e+00
8.6	   3.801501e+00  -1.019850e+01   4.210677e+00  -9.789323e+00   3.855094e+00  -1.014491e+01   4.074053e+00  -9.925947e+00   4.016915e+00  -9.983085e+00
8.7	   3.807266e+00  -1.019273e+01   4.160872e+00  -9.839128e+00   3.873280e+00  -1.012672e+01   4.062936e+00  -9.937064e+00   4.023402e+00  -9.976598e+00
8.8	   3.818288e+00  -1.018171e+01   4.107140e+00  -9.892860e+00   3.900252e+00  -1.009975e+01   4.048132e+00  -9.951868e+00   4.030149e+00  -9.969851e+00
8.9	   3.841512e+00  -1.015849e+01   4.049537e+00  -9.950463e+00   3.935297e+00  -1.006470e+01   4.030229e+00  -9.969771e+00   4.036926e+00  -9.963074e+00
9	   3.869313e+00  -1.013069e+01   3.992156e+00  -1.000784e+01   3.977720e+00  -1.002228e+01   4.010065e+00  -9.989935e+00   4.043442e+00  -9.956558e+00
9.1	   3.898289e+00  -1.010171e+01   3.937934e+00  -1.006207e+01   4.025274e+00  -9.974726e+00   3.988659e+00  -1.001134e+01   4.049304e+00  -9.950696e+00
9.2	   3.946712e+00  -1.005329e+01   3.890107e+00  -1.010989e+01   4.075576e+00  -9.924424e+00   3.967119e+00  -1.003288e+01   4.054165e+00  -9.945835e+00
9.3	   4.024010e+00  -9.975990e+00   3.850447e+00  -1.014955e+01   4.125905e+00  -9.874095e+00   3.946755e+00  -1.005324e+01   4.057729e+00  -9.942271e+00
9.4	   4.083678e+00  -9.916322e+00   3.821065e+00  -1.017894e+01   4.171377e+00  -9.828623e+00   3.928826e+00  -1.007117e+01   4.059723e+00  -9.940277e+00
9.5	   4.129522e+00  -9.870478e+00   3.802991e+00  -1.019701e+01   4.209109e+00  -9.790891e+00   3.914154e+00  -1.008585e+01   4.059943e+00  -9.940057e+00
9.6	   4.178764e+00  -9.821236e+00   3.795757e+00  -1.020424e+01   4.234895e+00  -9.765105e+00   3.903600e+00  -1.009640e+01   4.058064e+00  -9.941936e+00
9.7	   4.213636e+00  -9.786364e+00   3.797377e+00  -1.020262e+01   4.245050e+00  -9.754950e+00   3.897920e+00  -1.010208e+01   4.053977e+00  -9.946023e+00
9.8	   4.241400e+00  -9.758600e+00   3.809561e+00  -1.019044e+01   4.237828e+00  -9.762172e+00   3.897538e+00  -1.010246e+01   4.047690e+00  -9.952310e+00
9.9	   4.271848e+00  -9.728152e+00   3.834192e+00  -1.016581e+01   4.212682e+00  -9.787318e+00   3.903282e+00  -1.009672e+01   4.039306e+00  -9.960694e+00
10	   4.269807e+00  -9.730193e+00   3.866931e+00  -1.013307e+01   4.171758e+00  -9.828242e+00   3.915308e+00  -1.008469e+01   4.029059e+00  -9.970941e+00
10.1	   4.241146e+00  -9.758854e+00   3.903747e+00  -1.009625e+01   4.119889e+00  -9.880111e+00   3.933637e+00  -1.006636e+01   4.017302e+00  -9.982698e+00
10.2	   4.191998e+00  -9.808002e+00   3.943824e+00  -1.005618e+01   4.062055e+00  -9.937945e+00   3.958103e+00  -1.004190e+01   4.004499e+00  -9.995501e+00
10.3	   4.145730e+00  -9.854270e+00   3.990434e+00  -1.000957e+01   4.003352e+00  -9.996648e+00   3.988092e+00  -1.001191e+01   3.991203e+00  -1.000880e+01
10.4	   4.084003e+00  -9.915997e+00   4.043675e+00  -9.956325e+00   3.947499e+00  -1.005250e+01   4.022503e+00  -9.977497e+00   3.978029e+00  -1.002197e+01
10.5	   4.021637e+00  -9.978363e+00   4.101761e+00  -9.898239e+00   3.897710e+00  -1.010229e+01   4.059779e+00  -9.940221e+00   3.965650e+00  -1.003435e+01
10.6	   3.963920e+00  -1.003608e+01   4.160239e+00  -9.839761e+00   3.855524e+00  -1.014448e+01   4.098547e+00  -9.901453e+00   3.954745e+00  -1.004526e+01
10.7	   3.918362e+00  -1.008164e+01   4.215003e+00  -9.784997e+00   3.822828e+00  -1.017717e+01   4.135546e+00  -9.864454e+00   3.946028e+00  -1.005397e+01
10.8	   3.876366e+00  -1.012363e+01   4.253476e+00  -9.746524e+00   3.800142e+00  -1.019986e+01   4.167534e+00  -9.832466e+00   3.939865e+00  -1.006014e+01
10.9	   3.832604e+00  -1.016740e+01   4.271957e+00  -9.728043e+00   3.788128e+00  -1.021187e+01   4.191731e+00  -9.808269e+00   3.936677e+00  -1.006332e+01
11	   3.805518e+00  -1.019448e+01   4.297010e+00  -9.702990e+00   3.786651e+00  -1.021335e+01   4.205516e+00  -9.794484e+00   3.936729e+00  -1.006327e+01
11.1	   3.795864e+00  -1.020414e+01   4.215856e+00  -9.784144e+00   3.796958e+00  -1.020304e+01   4.205812e+00  -9.794188e+00   3.940584e+00  -1.005942e+01
11.2	   3.798025e+00  -1.020198e+01   4.205452e+00  -9.794548e+00   3.818605e+00  -1.018140e+01   4.190389e+00  -9.809611e+00   3.948378e+00  -1.005162e+01
11.3	   3.804410e+00  -1.019559e+01   4.182065e+00  -9.817935e+00   3.851413e+00  -1.014859e+01   4.159502e+00  -9.840498e+00   3.960090e+00  -1.003991e+01
11.4	   3.813135e+00  -1.018686e+01   4.080983e+00  -9.919017e+00   3.894343e+00  -1.010566e+01   4.117141e+00  -9.882859e+00   3.975555e+00  -1.002444e+01
11.5	   3.848914e+00  -1.015109e+01   4.004811e+00  -9.995189e+00   3.945910e+00  -1.005409e+01   4.067495e+00  -9.932505e+00   3.994404e+00  -1.000560e+01
11.6	   3.872014e+00  -1.012799e+01   3.958452e+00  -1.004155e+01   4.004816e+00  -9.995184e+00   4.014900e+00  -9.985100e+00   4.016012e+00  -9.983988e+00
11.7	   3.914165e+00  -1.008583e+01   3.947234e+00  -1.005277e+01   4.066667e+00  -9.933333e+00   3.963797e+00  -1.003620e+01   4.039515e+00  -9.960485e+00
11.8	   3.956304e+00  -1.004370e+01   3.924218e+00  -1.007578e+01   4.128335e+00  -9.871665e+00   3.917076e+00  -1.008292e+01   4.063975e+00  -9.936025e+00
11.9	   4.012509e+00  -9.987491e+00   3.880241e+00  -1.011976e+01   4.183343e+00  -9.816657e+00   3.876497e+00  -1.012350e+01   4.088250e+00  -9.911750e+00
12	   4.076783e+00  -9.923217e+00   3.841438e+00  -1.015856e+01   4.228413e+00  -9.771587e+00   3.843856e+00  -1.015614e+01   4.110542e+00  -9.889458e+00
12.1	   4.135697e+00  -9.864303e+00   3.810636e+00  -1.018936e+01   4.257100e+00  -9.742900e+00   3.820489e+00  -1.017951e+01   4.129094e+00  -9.870906e+00
12.2	   4.187479e+00  -9.812521e+00   3.785000e+00  -1.021500e+01   4.266473e+00  -9.733527e+00   3.806834e+00  -1.019317e+01   4.142315e+00  -9.857685e+00
12.3	   4.228005e+00  -9.771995e+00   3.777781e+00  -1.022222e+01   4.254859e+00  -9.745141e+00   3.802880e+00  -1.019712e+01   4.148774e+00  -9.851226e+00
12.4	   4.260575e+00  -9.739425e+00   3.780936e+00  -1.021906e+01   4.227439e+00  -9.772561e+00   3.809522e+00  -1.019048e+01   4.147371e+00  -9.852629e+00
12.5	   4.284247e+00  -9.715753e+00   3.790432e+00  -1.020957e+01   4.184507e+00  -9.815493e+00   3.827092e+00  -1.017291e+01   4.136831e+00  -9.863169e+00
12.6	   4.273703e+00  -9.726297e+00   3.839402e+00  -1.016060e+01   4.135295e+00  -9.864705e+00   3.855309e+00  -1.014469e+01   4.117428e+00  -9.882572e+00
12.7	   4.236036e+00  -9.763964e+00   3.910209e+00  -1.008979e+01   4.081481e+00  -9.918519e+00   3.893392e+00  -1.010661e+01   4.090317e+00  -9.909683e+00
12.8	   4.191418e+00  -9.808582e+00   3.962452e+00  -1.003755e+01   4.025692e+00  -9.974308e+00   3.939919e+00  -1.006008e+01   4.057136e+00  -9.942864e+00
12.9	   4.133222e+00  -9.866778e+00   4.009662e+00  -9.990338e+00   3.972501e+00  -1.002750e+01   3.993681e+00  -1.000632e+01   4.020371e+00  -9.979629e+00
13	   4.066634e+00  -9.933366e+00   4.053743e+00  -9.946257e+00   3.924155e+00  -1.007584e+01   4.051466e+00  -9.948534e+00   3.982605e+00  -1.001739e+01
13.1	   4.008276e+00  -9.991724e+00   4.101797e+00  -9.898203e+00   3.881369e+00  -1.011863e+01   4.111186e+00  -9.888814e+00   3.945747e+00  -1.005425e+01
13.2	   3.961993e+00  -1.003801e+01   4.161394e+00  -9.838606e+00   3.844664e+00  -1.015534e+01   4.167113e+00  -9.832887e+00   3.912279e+00  -1.008772e+01
13.3	   3.915105e+00  -1.008490e+01   4.216010e+00  -9.783990e+00   3.816932e+00  -1.018307e+01   4.215846e+00  -9.784154e+00   3.883570e+00  -1.011643e+01
13.4	   3.858581e+00  -1.014142e+01   4.255623e+00  -9.744377e+00   3.800053e+00  -1.019995e+01   4.251994e+00  -9.748006e+00   3.861060e+00  -1.013894e+01
13.5	   3.819334e+00  -1.018067e+01   4.257628e+00  -9.742372e+00   3.791414e+00  -1.020859e+01   4.270329e+00  -9.729671e+00   3.845853e+00  -1.015415e+01
13.6	   3.805738e+00  -1.019426e+01   4.258928e+00  -9.741072e+00   3.791552e+00  -1.020845e+01   4.268378e+00  -9.731622e+00   3.838679e+00  -1.016132e+01
13.7	   3.802383e+00  -1.019762e+01   4.269071e+00  -9.730929e+00   3.804230e+00  -1.019577e+01   4.244269e+00  -9.755731e+00   3.839848e+00  -1.016015e+01
13.8	   3.781637e+00  -1.021836e+01   4.157841e+00  -9.842159e+00   3.826237e+00  -1.017376e+01   4.201242e+00  -9.798758e+00   3.850405e+00  -1.014960e+01
13.9	   3.794159e+00  -1.020584e+01   4.118936e+00  -9.881064e+00   3.858980e+00  -1.014102e+01   4.145597e+00  -9.854403e+00   3.870324e+00  -1.012968e+01
14	   3.808018e+00  -1.019198e+01   4.097169e+00  -9.902831e+00   3.901786e+00  -1.009821e+01   4.082133e+00  -9.917867e+00   3.899209e+00  -1.010079e+01
14.1	   3.843464e+00  -1.015654e+01   4.052453e+00  -9.947547e+00   3.953820e+00  -1.004618e+01   4.018220e+00  -9.981780e+00   3.936424e+00  -1.006358e+01
14.2	   3.880474e+00  -1.011953e+01   3.987359e+00  -1.001264e+01   4.011906e+00  -9.988094e+00   3.958819e+00  -1.004118e+01   3.981399e+00  -1.001860e+01
14.3	   3.911584e+00  -1.008842e+01   3.924275e+00  -1.007572e+01   4.070271e+00  -9.929729e+00   3.906240e+00  -1.009376e+01   4.031855e+00  -9.968145e+00
14.4	   3.969576e+00  -1.003042e+01   3.867326e+00  -1.013267e+01   4.128551e+00  -9.871449e+00   3.861268e+00  -1.013873e+01   4.085636e+00  -9.914364e+00
14.5	   4.035821e+00  -9.964179e+00   3.825802e+00  -1.017420e+01   4.182522e+00  -9.817478e+00   3.825418e+00  -1.017458e+01   4.139365e+00  -9.860635e+00
14.6	   4.098404e+00  -9.901596e+00   3.801331e+00  -1.019867e+01   4.227277e+00  -9.772723e+00   3.800222e+00  -1.019978e+01   4.187706e+00  -9.812294e+00
14.7	   4.150538e+00  -9.849462e+00   3.783265e+00  -1.021674e+01   4.261291e+00  -9.738709e+00   3.786130e+00  -1.021387e+01   4.227691e+00  -9.772309e+00
14.8	   4.192491e+00  -9.807509e+00   3.781342e+00  -1.021866e+01   4.270211e+00  -9.729789e+00   3.781877e+00  -1.021812e+01   4.251995e+00  -9.748005e+00
14.9	   4.230067e+00  -9.769933e+00   3.785558e+00  -1.021444e+01   4.267216e+00  -9.732784e+00   3.788197e+00  -1.021180e+01   4.257456e+00  -9.742544e+00
15	   4.260417e+00  -9.739583e+00   3.813294e+00  -1.018671e+01   4.219047e+00  -9.780953e+00   3.805908e+00  -1.019409e+01   4.240088e+00  -9.759912e+00
15.1	   4.274266e+00  -9.725734e+00   3.865370e+00  -1.013463e+01   4.183233e+00  -9.816767e+00   3.834155e+00  -1.016584e+01   4.203713e+00  -9.796287e+00
15.2	   4.260964e+00  -9.739036e+00   3.892252e+00  -1.010775e+01   4.130579e+00  -9.869421e+00   3.873817e+00  -1.012618e+01   4.151483e+00  -9.848517e+00
15.3	   4.221740e+00  -9.778260e+00   3.917783e+00  -1.008222e+01   4.064049e+00  -9.935951e+00   3.923196e+00  -1.007680e+01   4.092915e+00  -9.907085e+00
15.4	   4.176866e+00  -9.823134e+00   3.949392e+00  -1.005061e+01   4.009869e+00  -9.990131e+00   3.977139e+00  -1.002286e+01   4.030660e+00  -9.969340e+00
15.5	   4.124058e+00  -9.875942e+00   3.996525e+00  -1.000348e+01   3.964182e+00  -1.003582e+01   4.032421e+00  -9.967579e+00   3.970978e+00  -1.002902e+01
15.6	   4.063689e+00  -9.936311e+00   4.061257e+00  -9.938743e+00   3.927753e+00  -1.007225e+01   4.091164e+00  -9.908836e+00   3.916800e+00  -1.008320e+01
15.7	   4.004975e+00  -9.995025e+00   4.130273e+00  -9.869727e+00   3.893153e+00  -1.010685e+01   4.146417e+00  -9.853583e+00   3.869790e+00  -1.013021e+01
15.8	   3.949509e+00  -1.005049e+01   4.180322e+00  -9.819678e+00   3.855358e+00  -1.014464e+01   4.191522e+00  -9.808478e+00   3.832075e+00  -1.016793e+01
15.9	   3.897718e+00  -1.010228e+01   4.228794e+00  -9.771206e+00   3.825957e+00  -1.017404e+01   4.231671e+00  -9.768329e+00   3.804745e+00  -1.019526e+01
16	   3.852431e+00  -1.014757e+01   4.262324e+00  -9.737676e+00   3.810258e+00  -1.018974e+01   4.251445e+00  -9.748555e+00   3.787210e+00  -1.021279e+01
16.1	   3.818914e+00  -1.018109e+01   4.277889e+00  -9.722111e+00   3.805766e+00  -1.019423e+01   4.255948e+00  -9.744052e+00   3.780702e+00  -1.021930e+01
16.2	   3.797360e+00  -1.020264e+01   4.249465e+00  -9.750535e+00   3.797881e+00  -1.020212e+01   4.244187e+00  -9.755813e+00   3.785710e+00  -1.021429e+01
16.3	   3.785077e+00  -1.021492e+01   4.257580e+00  -9.742420e+00   3.801978e+00  -1.019802e+01   4.216008e+00  -9.783992e+00   3.801412e+00  -1.019859e+01
16.4	   3.783488e+00  -1.021651e+01   4.200930e+00  -9.799070e+00   3.823722e+00  -1.017628e+01   4.180533e+00  -9.819467e+00   3.829287e+00  -1.017071e+01
16.5	   3.794453e+00  -1.020555e+01   4.083003e+00  -9.916997e+00   3.858445e+00  -1.014156e+01   4.122455e+00  -9.877545e+00   3.867142e+00  -1.013286e+01
16.6	   3.813717e+00  -1.018628e+01   4.035805e+00  -9.964195e+00   3.890948e+00  -1.010905e+01   4.067755e+00  -9.932245e+00   3.913704e+00  -1.008630e+01
16.7	   3.838107e+00  -1.016189e+01   4.035537e+00  -9.964463e+00   3.952340e+00  -1.004766e+01   4.018294e+00  -9.981706e+00   3.968134e+00  -1.003187e+01
16.8	   3.876547e+00  -1.012345e+01   3.988742e+00  -1.001126e+01   4.023033e+00  -9.976967e+00   3.964294e+00  -1.003571e+01   4.028814e+00  -9.971186e+00
16.9	   3.933739e+00  -1.006626e+01   3.916338e+00  -1.008366e+01   4.077370e+00  -9.922630e+00   3.910812e+00  -1.008919e+01   4.091520e+00  -9.908480e+00
17	   3.996810e+00  -1.000319e+01   3.863468e+00  -1.013653e+01   4.138572e+00  -9.861428e+00   3.866073e+00  -1.013393e+01   4.151219e+00  -9.848781e+00
17.1	   4.050720e+00  -9.949280e+00   3.820354e+00  -1.017965e+01   4.198728e+00  -9.801272e+00   3.830891e+00  -1.016911e+01   4.205313e+00  -9.794687e+00
17.2	   4.101221e+00  -9.898779e+00   3.791684e+00  -1.020832e+01   4.229654e+00  -9.770346e+00   3.803013e+00  -1.019699e+01   4.247850e+00  -9.752150e+00
17.3	   4.147349e+00  -9.852651e+00   3.775716e+00  -1.022428e+01   4.274539e+00  -9.725461e+00   3.787894e+00  -1.021211e+01   4.272672e+00  -9.727328e+00
17.4	   4.189151e+00  -9.810849e+00   3.776967e+00  -1.022303e+01   4.262185e+00  -9.737815e+00   3.781169e+00  -1.021883e+01   4.276944e+00  -9.723056e+00
17.5	   4.228030e+00  -9.771970e+00   3.797323e+00  -1.020268e+01   4.267816e+00  -9.732184e+00   3.781896e+00  -1.021810e+01   4.262012e+00  -9.737988e+00
17.6	   4.259057e+00  -9.740943e+00   3.819205e+00  -1.018080e+01   4.214767e+00  -9.785233e+00   3.798149e+00  -1.020185e+01   4.218899e+00  -9.781101e+00
17.7	   4.270457e+00  -9.729543e+00   3.853762e+00  -1.014624e+01   4.201730e+00  -9.798270e+00   3.824308e+00  -1.017569e+01   4.172661e+00  -9.827339e+00
17.8	   4.249878e+00  -9.750122e+00   3.884874e+00  -1.011513e+01   4.103171e+00  -9.896829e+00   3.865044e+00  -1.013496e+01   4.113517e+00  -9.886483e+00
17.9	   4.215293e+00  -9.784707e+00   3.920946e+00  -1.007905e+01   4.020334e+00  -9.979666e+00   3.926214e+00  -1.007379e+01   4.042997e+00  -9.957003e+00
18	   4.170517e+00  -9.829483e+00   3.963658e+00  -1.003634e+01   3.978425e+00  -1.002158e+01   3.983944e+00  -1.001606e+01   3.982020e+00  -1.001798e+01
18.1	   4.116441e+00  -9.883559e+00   4.016853e+00  -9.983147e+00   3.955553e+00  -1.004445e+01   4.037473e+00  -9.962527e+00   3.931879e+00  -1.006812e+01
18.2	   4.057187e+00  -9.942813e+00   4.074734e+00  -9.925266e+00   3.939427e+00  -1.006057e+01   4.097010e+00  -9.902990e+00   3.890681e+00  -1.010932e+01
18.3	   3.997631e+00  -1.000237e+01   4.125775e+00  -9.874225e+00   3.906913e+00  -1.009309e+01   4.152298e+00  -9.847702e+00   3.852628e+00  -1.014737e+01
18.4	   3.940064e+00  -1.005994e+01   4.183032e+00  -9.816968e+00   3.858674e+00  -1.014133e+01   4.197898e+00  -9.802102e+00   3.825578e+00  -1.017442e+01
18.5	   3.887460e+00  -1.011254e+01   4.238023e+00  -9.761977e+00   3.812979e+00  -1.018702e+01   4.233536e+00  -9.766464e+00   3.816169e+00  -1.018383e+01
18.6	   3.844198e+00  -1.015580e+01   4.254255e+00  -9.745745e+00   3.785357e+00  -1.021464e+01   4.255164e+00  -9.744836e+00   3.808917e+00  -1.019108e+01
18.7	   3.812814e+00  -1.018719e+01   4.272326e+00  -9.727674e+00   3.775257e+00  -1.022474e+01   4.252466e+00  -9.747534e+00   3.810424e+00  -1.018958e+01
18.8	   3.792101e+00  -1.020790e+01   4.233781e+00  -9.766219e+00   3.775518e+00  -1.022448e+01   4.247587e+00  -9.752413e+00   3.822076e+00  -1.017792e+01
18.9	   3.782000e+00  -1.021800e+01   4.223343e+00  -9.776657e+00   3.786001e+00  -1.021400e+01   4.196048e+00  -9.803952e+00   3.848245e+00  -1.015175e+01
19	   3.782712e+00  -1.021729e+01   4.203770e+00  -9.796230e+00   3.818419e+00  -1.018158e+01   4.185698e+00  -9.814302e+00   3.865462e+00  -1.013454e+01
19.1	   3.795050e+00  -1.020495e+01   4.131446e+00  -9.868554e+00   3.875577e+00  -1.012442e+01   4.122274e+00  -9.877726e+00   3.887301e+00  -1.011270e+01
19.2	   3.818519e+00  -1.018148e+01   4.050018e+00  -9.949982e+00   3.939861e+00  -1.006014e+01   4.046821e+00  -9.953179e+00   3.929690e+00  -1.007031e+01
19.3	   3.851602e+00  -1.014840e+01   3.987621e+00  -1.001238e+01   3.995358e+00  -1.000464e+01   3.991416e+00  -1.000858e+01   3.994543e+00  -1.000546e+01
19.4	   3.892575e+00  -1.010743e+01   3.951910e+00  -1.004809e+01   4.039822e+00  -9.960178e+00   3.948915e+00  -1.005109e+01   4.048268e+00  -9.951732e+00
19.5	   3.941369e+00  -1.005863e+01   3.922191e+00  -1.007781e+01   4.084739e+00  -9.915261e+00   3.919265e+00  -1.008073e+01   4.096062e+00  -9.903938e+00
19.6	   3.997102e+00  -1.000290e+01   3.873513e+00  -1.012649e+01   4.140849e+00  -9.859151e+00   3.889414e+00  -1.011059e+01   4.149467e+00  -9.850533e+00
19.7	   4.055734e+00  -9.944266e+00   3.832570e+00  -1.016743e+01   4.210968e+00  -9.789032e+00   3.845821e+00  -1.015418e+01   4.191130e+00  -9.808870e+00
19.8	   4.113533e+00  -9.886467e+00   3.801886e+00  -1.019811e+01   4.248770e+00  -9.751230e+00   3.817545e+00  -1.018245e+01   4.228169e+00  -9.771831e+00
19.9	   4.162343e+00  -9.837657e+00   3.777612e+00  -1.022239e+01   4.273801e+00  -9.726199e+00   3.815340e+00  -1.018466e+01   4.255624e+00  -9.744376e+00
20	   4.204377e+00  -9.795623e+00   3.768423e+00  -1.023158e+01   4.246347e+00  -9.753653e+00   3.794337e+00  -1.020566e+01   4.258295e+00  -9.741705e+00
20.1	   4.244097e+00  -9.755903e+00   3.776240e+00  -1.022376e+01   4.256132e+00  -9.743868e+00   3.788926e+00  -1.021107e+01   4.240698e+00  -9.759302e+00
20.2	   4.275264e+00  -9.724736e+00   3.791429e+00  -1.020857e+01   4.249642e+00  -9.750358e+00   3.815009e+00  -1.018499e+01   4.207789e+00  -9.792211e+00
20.3	   4.271286e+00  -9.728714e+00   3.841079e+00  -1.015892e+01   4.119140e+00  -9.880860e+00   3.832054e+00  -1.016795e+01   4.177245e+00  -9.822755e+00
20.4	   4.248282e+00  -9.751718e+00   3.891986e+00  -1.010801e+01   4.078057e+00  -9.921943e+00   3.860892e+00  -1.013911e+01   4.101978e+00  -9.898022e+00
20.5	   4.209395e+00  -9.790605e+00   3.932120e+00  -1.006788e+01   4.062251e+00  -9.937749e+00   3.925458e+00  -1.007454e+01   4.047188e+00  -9.952812e+00
20.6	   4.159344e+00  -9.840656e+00   3.981213e+00  -1.001879e+01   4.029917e+00  -9.970083e+00   3.991590e+00  -1.000841e+01   3.995303e+00  -1.000470e+01
20.7	   4.101223e+00  -9.898777e+00   4.033375e+00  -9.966625e+00   3.954618e+00  -1.004538e+01   4.043069e+00  -9.956931e+00   3.940613e+00  -1.005939e+01
20.8	   4.039127e+00  -9.960873e+00   4.087994e+00  -9.912006e+00   3.896536e+00  -1.010346e+01   4.103403e+00  -9.896597e+00   3.898703e+00  -1.010130e+01
20.9	   3.979736e+00  -1.002026e+01   4.143633e+00  -9.856367e+00   3.849916e+00  -1.015008e+01   4.169366e+00  -9.830634e+00   3.864548e+00  -1.013545e+01
21	   3.925847e+00  -1.007415e+01   4.194351e+00  -9.805649e+00   3.815451e+00  -1.018455e+01   4.206749e+00  -9.793251e+00   3.828146e+00  -1.017185e+01
21.1	   3.878799e+00  -1.012120e+01   4.247466e+00  -9.752534e+00   3.797521e+00  -1.020248e+01   4.247265e+00  -9.752735e+00   3.802663e+00  -1.019734e+01
21.2	   3.840158e+00  -1.015984e+01   4.261072e+00  -9.738928e+00   3.785349e+00  -1.021465e+01   4.250754e+00  -9.749246e+00   3.801927e+00  -1.019807e+01
21.3	   3.811203e+00  -1.018880e+01   4.294932e+00  -9.705068e+00   3.783221e+00  -1.021678e+01   4.249202e+00  -9.750798e+00   3.791825e+00  -1.020818e+01
21.4	   3.792257e+00  -1.020774e+01   4.228256e+00  -9.771744e+00   3.799406e+00  -1.020059e+01   4.235701e+00  -9.764299e+00   3.794202e+00  -1.020580e+01
21.5	   3.784184e+00  -1.021582e+01   4.218678e+00  -9.781322e+00   3.824296e+00  -1.017570e+01   4.195918e+00  -9.804082e+00   3.808792e+00  -1.019121e+01
21.6	   3.786362e+00  -1.021364e+01   4.153354e+00  -9.846646e+00   3.850421e+00  -1.014958e+01   4.154225e+00  -9.845775e+00   3.845780e+00  -1.015422e+01
21.7	   3.798917e+00  -1.020108e+01   4.092061e+00  -9.907939e+00   3.884556e+00  -1.011544e+01   4.107028e+00  -9.892972e+00   3.880090e+00  -1.011991e+01
21.8	   3.822449e+00  -1.017755e+01   4.054580e+00  -9.945420e+00   3.933072e+00  -1.006693e+01   4.044840e+00  -9.955160e+00   3.938571e+00  -1.006143e+01
21.9	   3.857198e+00  -1.014280e+01   3.997895e+00  -1.000211e+01   3.989978e+00  -1.001002e+01   3.985267e+00  -1.001473e+01   4.007350e+00  -9.992650e+00
22	   3.901807e+00  -1.009819e+01   3.938077e+00  -1.006192e+01   4.046023e+00  -9.953977e+00   3.935874e+00  -1.006413e+01   4.057853e+00  -9.942147e+00
22.1	   3.954612e+00  -1.004539e+01   3.887509e+00  -1.011249e+01   4.109095e+00  -9.890905e+00   3.894424e+00  -1.010558e+01   4.112980e+00  -9.887020e+00
22.2	   4.011813e+00  -9.988187e+00   3.850650e+00  -1.014935e+01   4.175951e+00  -9.824049e+00   3.852414e+00  -1.014759e+01   4.166325e+00  -9.833675e+00
22.3	   4.070126e+00  -9.929874e+00   3.822280e+00  -1.017772e+01   4.220909e+00  -9.779091e+00   3.821310e+00  -1.017869e+01   4.205385e+00  -9.794615e+00
22.4	   4.124966e+00  -9.875034e+00   3.808505e+00  -1.019149e+01   4.231840e+00  -9.768160e+00   3.803444e+00  -1.019656e+01   4.239690e+00  -9.760310e+00
22.5	   4.171484e+00  -9.828516e+00   3.800608e+00  -1.019939e+01   4.259271e+00  -9.740729e+00   3.784933e+00  -1.021507e+01   4.260455e+00  -9.739545e+00
22.6	   4.212925e+00  -9.787075e+00   3.791201e+00  -1.020880e+01   4.302451e+00  -9.697549e+00   3.795917e+00  -1.020408e+01   4.251106e+00  -9.748894e+00
22.7	   4.248138e+00  -9.751862e+00   3.801120e+00  -1.019888e+01   4.205547e+00  -9.794453e+00   3.838570e+00  -1.016143e+01   4.246335e+00  -9.753665e+00
22.8	   4.269597e+00  -9.730403e+00   3.820227e+00  -1.017977e+01   4.213894e+00  -9.786106e+00   3.831560e+00  -1.016844e+01   4.177770e+00  -9.822230e+00
22.9	   4.266583e+00  -9.733417e+00   3.849118e+00  -1.015088e+01   4.177424e+00  -9.822576e+00   3.846649e+00  -1.015335e+01   4.158758e+00  -9.841242e+00
23	   4.239263e+00  -9.760737e+00   3.887667e+00  -1.011233e+01   4.082494e+00  -9.917506e+00   3.900824e+00  -1.009918e+01   4.127415e+00  -9.872585e+00
23.1	   4.198888e+00  -9.801112e+00   3.928719e+00  -1.007128e+01   4.018606e+00  -9.981394e+00   3.944555e+00  -1.005545e+01   4.041998e+00  -9.958002e+00
23.2	   4.147467e+00  -9.852533e+00   3.983666e+00  -1.001633e+01   3.990815e+00  -1.000919e+01   3.991319e+00  -1.000868e+01   3.962391e+00  -1.003761e+01
23.3	   4.088543e+00  -9.911457e+00   4.048929e+00  -9.951071e+00   3.962073e+00  -1.003793e+01   4.056134e+00  -9.943866e+00   3.899392e+00  -1.010061e+01
23.4	   4.027804e+00  -9.972196e+00   4.109820e+00  -9.890180e+00   3.899081e+00  -1.010092e+01   4.130952e+00  -9.869048e+00   3.860067e+00  -1.013993e+01
23.5	   3.970126e+00  -1.002987e+01   4.164519e+00  -9.835481e+00   3.845639e+00  -1.015436e+01   4.166882e+00  -9.833118e+00   3.826213e+00  -1.017379e+01
23.6	   3.917448e+00  -1.008255e+01   4.220000e+00  -9.780000e+00   3.807771e+00  -1.019223e+01   4.202512e+00  -9.797488e+00   3.804445e+00  -1.019556e+01
23.7	   3.871050e+00  -1.012895e+01   4.258006e+00  -9.741994e+00   3.777554e+00  -1.022245e+01   4.240168e+00  -9.759832e+00   3.795875e+00  -1.020413e+01
23.8	   3.833279e+00  -1.016672e+01   4.278885e+00  -9.721115e+00   3.767435e+00  -1.023256e+01   4.249625e+00  -9.750375e+00   3.793417e+00  -1.020658e+01
23.9	   3.806251e+00  -1.019375e+01   4.266269e+00  -9.733731e+00   3.765248e+00  -1.023475e+01   4.245919e+00  -9.754081e+00   3.820515e+00  -1.017949e+01
24	   3.789814e+00  -1.021019e+01   4.253755e+00  -9.746245e+00   3.783407e+00  -1.021659e+01   4.248330e+00  -9.751670e+00   3.822655e+00  -1.017735e+01
24.1	   3.783901e+00  -1.021610e+01   4.219539e+00  -9.780461e+00   3.822414e+00  -1.017759e+01   4.181942e+00  -9.818058e+00   3.862474e+00  -1.013753e+01
24.2	   3.787921e+00  -1.021208e+01   4.154216e+00  -9.845784e+00   3.868399e+00  -1.013160e+01   4.116520e+00  -9.883480e+00   3.891297e+00  -1.010870e+01
24.3	   3.802610e+00  -1.019739e+01   4.109174e+00  -9.890826e+00   3.915525e+00  -1.008448e+01   4.066581e+00  -9.933419e+00   3.917429e+00  -1.008257e+01
24.4	   3.828664e+00  -1.017134e+01   4.032618e+00  -9.967382e+00   3.957838e+00  -1.004216e+01   4.035985e+00  -9.964015e+00   3.941761e+00  -1.005824e+01
24.5	   3.865228e+00  -1.013477e+01   3.962019e+00  -1.003798e+01   4.002685e+00  -9.997315e+00   4.008674e+00  -9.991326e+00   3.992141e+00  -1.000786e+01
24.6	   3.910695e+00  -1.008931e+01   3.922262e+00  -1.007774e+01   4.055503e+00  -9.944497e+00   3.936655e+00  -1.006335e+01   4.079088e+00  -9.920912e+00
24.7	   3.964138e+00  -1.003586e+01   3.899909e+00  -1.010009e+01   4.106089e+00  -9.893911e+00   3.870480e+00  -1.012952e+01   4.137176e+00  -9.862824e+00
24.8	   4.021507e+00  -9.978493e+00   3.858591e+00  -1.014141e+01   4.163392e+00  -9.836608e+00   3.827111e+00  -1.017289e+01   4.196417e+00  -9.803583e+00
24.9	   4.080154e+00  -9.919846e+00   3.813447e+00  -1.018655e+01   4.224317e+00  -9.775683e+00   3.805013e+00  -1.019499e+01   4.249185e+00  -9.750815e+00
25	   4.134134e+00  -9.865866e+00   3.798493e+00  -1.020151e+01   4.249420e+00  -9.750580e+00   3.783450e+00  -1.021655e+01   4.259579e+00  -9.740421e+00
25.1	   4.179701e+00  -9.820299e+00   3.800284e+00  -1.019972e+01   4.245199e+00  -9.754801e+00   3.772336e+00  -1.022766e+01   4.282403e+00  -9.717597e+00
25.2	   4.220583e+00  -9.779417e+00   3.792398e+00  -1.020760e+01   4.255879e+00  -9.744121e+00   3.785237e+00  -1.021476e+01   4.249073e+00  -9.750927e+00
25.3	   4.254715e+00  -9.745285e+00   3.807181e+00  -1.019282e+01   4.244187e+00  -9.755813e+00   3.812891e+00  -1.018711e+01   4.241382e+00  -9.758618e+00
25.4	   4.272135e+00  -9.727865e+00   3.841123e+00  -1.015888e+01   4.158746e+00  -9.841254e+00   3.845738e+00  -1.015426e+01   4.188244e+00  -9.811756e+00
25.5	   4.262949e+00  -9.737051e+00   3.858632e+00  -1.014137e+01   4.130250e+00  -9.869750e+00   3.882613e+00  -1.011739e+01   4.118731e+00  -9.881269e+00
25.6	   4.233034e+00  -9.766966e+00   3.888672e+00  -1.011133e+01   4.108350e+00  -9.891650e+00   3.933202e+00  -1.006680e+01   4.075488e+00  -9.924512e+00
25.7	   4.189730e+00  -9.810270e+00   3.944721e+00  -1.005528e+01   4.055350e+00  -9.944650e+00   3.975508e+00  -1.002449e+01   4.035423e+00  -9.964577e+00
25.8	   4.136955e+00  -9.863045e+00   4.003772e+00  -9.996228e+00   3.979840e+00  -1.002016e+01   4.012857e+00  -9.987143e+00   3.982509e+00  -1.001749e+01
25.9	   4.077359e+00  -9.922641e+00   4.060305e+00  -9.939695e+00   3.912099e+00  -1.008790e+01   4.058177e+00  -9.941823e+00   3.922023e+00  -1.007798e+01
26	   4.016800e+00  -9.983200e+00   4.118003e+00  -9.881997e+00   3.859419e+00  -1.014058e+01   4.119656e+00  -9.880344e+00   3.860672e+00  -1.013933e+01
26.1	   3.959732e+00  -1.004027e+01   4.174042e+00  -9.825958e+00   3.822232e+00  -1.017777e+01   4.182157e+00  -9.817843e+00   3.814188e+00  -1.018581e+01
26.2	   3.907976e+00  -1.009202e+01   4.226617e+00  -9.773383e+00   3.795308e+00  -1.020469e+01   4.230511e+00  -9.769489e+00   3.789385e+00  -1.021062e+01
26.3	   3.863420e+00  -1.013658e+01   4.256070e+00  -9.743930e+00   3.778397e+00  -1.022160e+01   4.247285e+00  -9.752715e+00   3.781493e+00  -1.021851e+01
26.4	   3.827644e+00  -1.017236e+01   4.267194e+00  -9.732806e+00   3.777378e+00  -1.022262e+01   4.263613e+00  -9.736387e+00   3.778465e+00  -1.022153e+01
26.5	   3.802205e+00  -1.019780e+01   4.262857e+00  -9.737143e+00   3.795247e+00  -1.020475e+01   4.285080e+00  -9.714920e+00   3.779226e+00  -1.022077e+01
26.6	   3.787612e+00  -1.021239e+01   4.233995e+00  -9.766005e+00   3.828361e+00  -1.017164e+01   4.225700e+00  -9.774300e+00   3.805129e+00  -1.019487e+01
26.7	   3.784215e+00  -1.021579e+01   4.177094e+00  -9.822906e+00   3.859946e+00  -1.014005e+01   4.155674e+00  -9.844326e+00   3.842800e+00  -1.015720e+01
26.8	   3.791854e+00  -1.020815e+01   4.137803e+00  -9.862197e+00   3.887556e+00  -1.011244e+01   4.141483e+00  -9.858517e+00   3.891931e+00  -1.010807e+01
26.9	   3.810337e+00  -1.018966e+01   4.077293e+00  -9.922707e+00   3.916532e+00  -1.008347e+01   4.114088e+00  -9.885912e+00   3.930390e+00  -1.006961e+01
27	   3.839356e+00  -1.016064e+01   4.027002e+00  -9.972998e+00   3.952733e+00  -1.004727e+01   3.998363e+00  -1.000164e+01   3.967884e+00  -1.003212e+01
27.1	   3.877801e+00  -1.012220e+01   3.973177e+00  -1.002682e+01   4.004723e+00  -9.995277e+00   3.923140e+00  -1.007686e+01   4.019932e+00  -9.980068e+00
27.2	   3.924466e+00  -1.007553e+01   3.917365e+00  -1.008263e+01   4.063875e+00  -9.936125e+00   3.867945e+00  -1.013206e+01   4.087248e+00  -9.912752e+00
27.3	   3.978983e+00  -1.002102e+01   3.873951e+00  -1.012605e+01   4.130596e+00  -9.869404e+00   3.838399e+00  -1.016160e+01   4.152569e+00  -9.847431e+00
27.4	   4.036314e+00  -9.963686e+00   3.846044e+00  -1.015396e+01   4.187490e+00  -9.812510e+00   3.829420e+00  -1.017058e+01   4.191609e+00  -9.808391e+00
27.5	   4.094106e+00  -9.905894e+00   3.819974e+00  -1.018003e+01   4.223433e+00  -9.776567e+00   3.818515e+00  -1.018149e+01   4.245617e+00  -9.754383e+00
27.6	   4.145496e+00  -9.854504e+00   3.793475e+00  -1.020652e+01   4.259874e+00  -9.740126e+00   3.812948e+00  -1.018705e+01   4.269189e+00  -9.730811e+00
27.7	   4.189675e+00  -9.810325e+00   3.788649e+00  -1.021135e+01   4.264731e+00  -9.735269e+00   3.808455e+00  -1.019154e+01   4.292902e+00  -9.707098e+00
27.8	   4.228638e+00  -9.771362e+00   3.802982e+00  -1.019702e+01   4.252025e+00  -9.747975e+00   3.815900e+00  -1.018410e+01   4.239314e+00  -9.760686e+00
27.9	   4.258119e+00  -9.741881e+00   3.818832e+00  -1.018117e+01   4.205387e+00  -9.794613e+00   3.829557e+00  -1.017044e+01   4.232061e+00  -9.767939e+00
28	   4.270572e+00  -9.729428e+00   3.833549e+00  -1.016645e+01   4.201121e+00  -9.798879e+00   3.840137e+00  -1.015986e+01   4.181433e+00  -9.818567e+00
28.1	   4.257845e+00  -9.742155e+00   3.868248e+00  -1.013175e+01   4.146496e+00  -9.853504e+00   3.863507e+00  -1.013649e+01   4.103284e+00  -9.896716e+00
28.2	   4.224211e+00  -9.775789e+00   3.910178e+00  -1.008982e+01   4.073978e+00  -9.926022e+00   3.913279e+00  -1.008672e+01   4.060443e+00  -9.939557e+00
28.3	   4.180028e+00  -9.819972e+00   3.957980e+00  -1.004202e+01   4.006649e+00  -9.993351e+00   3.978915e+00  -1.002109e+01   4.010061e+00  -9.989939e+00
28.4	   4.125188e+00  -9.874812e+00   4.014823e+00  -9.985177e+00   3.960007e+00  -1.003999e+01   4.051442e+00  -9.948558e+00   3.952278e+00  -1.004772e+01
28.5	   4.064526e+00  -9.935474e+00   4.073498e+00  -9.926502e+00   3.921024e+00  -1.007898e+01   4.107614e+00  -9.892386e+00   3.913893e+00  -1.008611e+01
28.6	   4.004404e+00  -9.995596e+00   4.130851e+00  -9.869149e+00   3.873468e+00  -1.012653e+01   4.144564e+00  -9.855436e+00   3.854012e+00  -1.014599e+01
28.7	   3.948431e+00  -1.005157e+01   4.184524e+00  -9.815476e+00   3.838028e+00  -1.016197e+01   4.188432e+00  -9.811568e+00   3.805517e+00  -1.019448e+01
28.8	   3.898373e+00  -1.010163e+01   4.230626e+00  -9.769374e+00   3.810372e+00  -1.018963e+01   4.240751e+00  -9.759249e+00   3.788143e+00  -1.021186e+01
28.9	   3.855774e+00  -1.014423e+01   4.261397e+00  -9.738603e+00   3.778793e+00  -1.022121e+01   4.283097e+00  -9.716903e+00   3.792039e+00  -1.020796e+01
29	   3.822441e+00  -1.017756e+01   4.270631e+00  -9.729369e+00   3.771853e+00  -1.022815e+01   4.237979e+00  -9.762021e+00   3.790906e+00  -1.020909e+01
29.1	   3.799554e+00  -1.020045e+01   4.251909e+00  -9.748091e+00   3.782578e+00  -1.021742e+01   4.230515e+00  -9.769485e+00   3.783436e+00  -1.021656e+01
29.2	   3.787140e+00  -1.021286e+01   4.224334e+00  -9.775666e+00   3.819340e+00  -1.018066e+01   4.217365e+00  -9.782635e+00   3.800181e+00  -1.019982e+01
29.3	   3.784813e+00  -1.021519e+01   4.186679e+00  -9.813321e+00   3.862062e+00  -1.013794e+01   4.154341e+00  -9.845659e+00   3.848184e+00  -1.015182e+01
29.4	   3.792938e+00  -1.020706e+01   4.125768e+00  -9.874232e+00   3.895799e+00  -1.010420e+01   4.126683e+00  -9.873317e+00   3.905114e+00  -1.009489e+01
29.5	   3.812217e+00  -1.018778e+01   4.069926e+00  -9.930074e+00   3.918331e+00  -1.008167e+01   4.045094e+00  -9.954906e+00   3.954149e+00  -1.004585e+01
29.6	   3.843168e+00  -1.015683e+01   4.004199e+00  -9.995801e+00   3.955909e+00  -1.004409e+01   4.008159e+00  -9.991841e+00   3.995791e+00  -1.000421e+01
29.7	   3.884319e+00  -1.011568e+01   3.952605e+00  -1.004739e+01   4.023046e+00  -9.976954e+00   3.947789e+00  -1.005221e+01   4.039254e+00  -9.960746e+00
29.8	   3.933626e+00  -1.006637e+01   3.913199e+00  -1.008680e+01   4.092538e+00  -9.907462e+00   3.916963e+00  -1.008304e+01   4.088856e+00  -9.911144e+00
29.9	   3.989754e+00  -1.001025e+01   3.875895e+00  -1.012410e+01   4.154429e+00  -9.845571e+00   3.862114e+00  -1.013789e+01   4.145484e+00  -9.854516e+00
30	   4.047257e+00  -9.952743e+00   3.839376e+00  -1.016062e+01   4.213233e+00  -9.786767e+00   3.828793e+00  -1.017121e+01   4.203301e+00  -9.796699e+00
30.1	   4.104170e+00  -9.895830e+00   3.812609e+00  -1.018739e+01   4.252299e+00  -9.747701e+00   3.805752e+00  -1.019425e+01   4.267824e+00  -9.732176e+00
30.2	   4.155131e+00  -9.844869e+00   3.798141e+00  -1.020186e+01   4.265217e+00  -9.734783e+00   3.791164e+00  -1.020884e+01   4.280466e+00  -9.719534e+00
30.3	   4.200364e+00  -9.799636e+00   3.794907e+00  -1.020509e+01   4.271937e+00  -9.728063e+00   3.784383e+00  -1.021562e+01   4.263485e+00  -9.736515e+00
30.4	   4.238125e+00  -9.761875e+00   3.803577e+00  -1.019642e+01   4.258057e+00  -9.741943e+00   3.786292e+00  -1.021371e+01   4.286559e+00  -9.713441e+00
30.5	   4.262495e+00  -9.737505e+00   3.822627e+00  -1.017737e+01   4.225690e+00  -9.774310e+00   3.805770e+00  -1.019423e+01   4.286646e+00  -9.713354e+00
30.6	   4.269210e+00  -9.730790e+00   3.847906e+00  -1.015209e+01   4.176126e+00  -9.823874e+00   3.845835e+00  -1.015417e+01   4.110959e+00  -9.889041e+00
30.7	   4.253813e+00  -9.746187e+00   3.879043e+00  -1.012096e+01   4.124108e+00  -9.875892e+00   3.899723e+00  -1.010028e+01   4.079568e+00  -9.920432e+00
30.8	   4.217894e+00  -9.782106e+00   3.918121e+00  -1.008188e+01   4.054992e+00  -9.945008e+00   3.961197e+00  -1.003880e+01   4.008600e+00  -9.991400e+00
30.9	   4.171478e+00  -9.828522e+00   3.965215e+00  -1.003479e+01   3.989337e+00  -1.001066e+01   4.012242e+00  -9.987758e+00   3.949014e+00  -1.005099e+01
31	   4.116644e+00  -9.883356e+00   4.018544e+00  -9.981456e+00   3.944330e+00  -1.005567e+01   4.049487e+00  -9.950513e+00   3.932129e+00  -1.006787e+01
31.1	   4.055493e+00  -9.944507e+00   4.076007e+00  -9.923993e+00   3.912880e+00  -1.008712e+01   4.091550e+00  -9.908450e+00   3.932962e+00  -1.006704e+01
31.2	   3.994915e+00  -1.000508e+01   4.134564e+00  -9.865436e+00   3.873780e+00  -1.012622e+01   4.141114e+00  -9.858886e+00   3.878235e+00  -1.012176e+01
31.3	   3.939182e+00  -1.006082e+01   4.189360e+00  -9.810640e+00   3.826973e+00  -1.017303e+01   4.193860e+00  -9.806140e+00   3.824485e+00  -1.017551e+01
31.4	   3.889508e+00  -1.011049e+01   4.235408e+00  -9.764592e+00   3.797829e+00  -1.020217e+01   4.238572e+00  -9.761428e+00   3.798943e+00  -1.020106e+01
31.5	   3.847572e+00  -1.015243e+01   4.260293e+00  -9.739707e+00   3.786918e+00  -1.021308e+01   4.274297e+00  -9.725703e+00   3.791528e+00  -1.020847e+01
31.6	   3.815691e+00  -1.018431e+01   4.267479e+00  -9.732521e+00   3.791891e+00  -1.020811e+01   4.256483e+00  -9.743517e+00   3.780204e+00  -1.021980e+01
31.7	   3.794889e+00  -1.020511e+01   4.251363e+00  -9.748637e+00   3.796713e+00  -1.020329e+01   4.223584e+00  -9.776416e+00   3.790073e+00  -1.020993e+01
31.8	   3.785172e+00  -1.021483e+01   4.206837e+00  -9.793163e+00   3.817050e+00  -1.018295e+01   4.209701e+00  -9.790299e+00   3.829006e+00  -1.017099e+01
31.9	   3.785808e+00  -1.021419e+01   4.171801e+00  -9.828199e+00   3.857678e+00  -1.014232e+01   4.174035e+00  -9.825965e+00   3.869809e+00  -1.013019e+01
32	   3.796860e+00  -1.020314e+01   4.109523e+00  -9.890477e+00   3.891726e+00  -1.010827e+01   4.120066e+00  -9.879934e+00   3.908544e+00  -1.009146e+01
32.1	   3.818564e+00  -1.018144e+01   4.057159e+00  -9.942841e+00   3.925954e+00  -1.007405e+01   4.053249e+00  -9.946751e+00   3.960167e+00  -1.003983e+01
32.2	   3.850776e+00  -1.014922e+01   4.000774e+00  -9.999226e+00   3.977884e+00  -1.002212e+01   3.976342e+00  -1.002366e+01   4.012557e+00  -9.987443e+00
32.3	   3.892074e+00  -1.010793e+01   3.951115e+00  -1.004889e+01   4.045171e+00  -9.954829e+00   3.920966e+00  -1.007903e+01   4.061878e+00  -9.938122e+00
32.4	   3.941287e+00  -1.005871e+01   3.903350e+00  -1.009665e+01   4.109645e+00  -9.890355e+00   3.884652e+00  -1.011535e+01   4.110712e+00  -9.889288e+00
32.5	   3.996583e+00  -1.000342e+01   3.860169e+00  -1.013983e+01   4.163587e+00  -9.836413e+00   3.858050e+00  -1.014195e+01   4.161913e+00  -9.838087e+00
32.6	   4.053910e+00  -9.946090e+00   3.832108e+00  -1.016789e+01   4.213564e+00  -9.786436e+00   3.832220e+00  -1.016778e+01   4.209615e+00  -9.790385e+00
32.7	   4.110565e+00  -9.889435e+00   3.818347e+00  -1.018165e+01   4.243867e+00  -9.756133e+00   3.807913e+00  -1.019209e+01   4.267030e+00  -9.732970e+00
32.8	   4.161110e+00  -9.838890e+00   3.804380e+00  -1.019562e+01   4.256925e+00  -9.743075e+00   3.795140e+00  -1.020486e+01   4.247224e+00  -9.752776e+00
32.9	   4.206652e+00  -9.793348e+00   3.797179e+00  -1.020282e+01   4.259687e+00  -9.740313e+00   3.788962e+00  -1.021104e+01   4.231255e+00  -9.768745e+00
33	   4.244175e+00  -9.755825e+00   3.805609e+00  -1.019439e+01   4.244466e+00  -9.755534e+00   3.793119e+00  -1.020688e+01   4.232437e+00  -9.767563e+00
33.1	   4.267653e+00  -9.732347e+00   3.822236e+00  -1.017776e+01   4.194418e+00  -9.805582e+00   3.820487e+00  -1.017951e+01   4.254112e+00  -9.745888e+00
33.2	   4.272907e+00  -9.727093e+00   3.844834e+00  -1.015517e+01   4.152910e+00  -9.847090e+00   3.860747e+00  -1.013925e+01   4.118909e+00  -9.881091e+00
33.3	   4.253430e+00  -9.746570e+00   3.880563e+00  -1.011944e+01   4.098139e+00  -9.901861e+00   3.903501e+00  -1.009650e+01   4.030887e+00  -9.969113e+00
33.4	   4.212722e+00  -9.787278e+00   3.927614e+00  -1.007239e+01   4.051128e+00  -9.948872e+00   3.953246e+00  -1.004675e+01   3.990323e+00  -1.000968e+01
33.5	   4.162795e+00  -9.837205e+00   3.979301e+00  -1.002070e+01   3.995913e+00  -1.000409e+01   4.005723e+00  -9.994277e+00   3.976254e+00  -1.002375e+01
33.6	   4.106407e+00  -9.893593e+00   4.031398e+00  -9.968602e+00   3.934485e+00  -1.006551e+01   4.058525e+00  -9.941475e+00   3.972100e+00  -1.002790e+01
33.7	   4.045291e+00  -9.954709e+00   4.085644e+00  -9.914356e+00   3.888713e+00  -1.011129e+01   4.113051e+00  -9.886949e+00   3.892582e+00  -1.010742e+01
33.8	   3.985331e+00  -1.001467e+01   4.141411e+00  -9.858589e+00   3.856982e+00  -1.014302e+01   4.164137e+00  -9.835863e+00   3.832443e+00  -1.016756e+01
33.9	   3.929981e+00  -1.007002e+01   4.192440e+00  -9.807560e+00   3.825548e+00  -1.017445e+01   4.209636e+00  -9.790364e+00   3.793770e+00  -1.020623e+01
34	   3.880888e+00  -1.011911e+01   4.236456e+00  -9.763544e+00   3.795837e+00  -1.020416e+01   4.256695e+00  -9.743305e+00   3.776044e+00  -1.022396e+01
34.1	   3.840147e+00  -1.015985e+01   4.253384e+00  -9.746616e+00   3.791004e+00  -1.020900e+01   4.254680e+00  -9.745320e+00   3.771666e+00  -1.022833e+01
34.2	   3.810044e+00  -1.018996e+01   4.259212e+00  -9.740788e+00   3.804345e+00  -1.019565e+01   4.242396e+00  -9.757604e+00   3.786922e+00  -1.021308e+01
34.3	   3.791165e+00  -1.020884e+01   4.245060e+00  -9.754940e+00   3.801238e+00  -1.019876e+01   4.242479e+00  -9.757521e+00   3.824506e+00  -1.017549e+01
34.4	   3.783383e+00  -1.021662e+01   4.192697e+00  -9.807303e+00   3.816520e+00  -1.018348e+01   4.207455e+00  -9.792545e+00   3.863186e+00  -1.013681e+01
34.5	   3.785770e+00  -1.021423e+01   4.154213e+00  -9.845787e+00   3.856496e+00  -1.014350e+01   4.141582e+00  -9.858418e+00   3.896666e+00  -1.010333e+01
34.6	   3.798685e+00  -1.020131e+01   4.099581e+00  -9.900419e+00   3.897277e+00  -1.010272e+01   4.100641e+00  -9.899359e+00   3.931020e+00  -1.006898e+01
34.7	   3.822687e+00  -1.017731e+01   4.051269e+00  -9.948731e+00   3.940396e+00  -1.005960e+01   4.037300e+00  -9.962700e+00   3.964234e+00  -1.003577e+01
34.8	   3.857251e+00  -1.014275e+01   4.005052e+00  -9.994948e+00   3.992997e+00  -1.000700e+01   3.976015e+00  -1.002398e+01   4.001737e+00  -9.998263e+00
34.9	   3.900590e+00  -1.009941e+01   3.946735e+00  -1.005326e+01   4.051850e+00  -9.948150e+00   3.922307e+00  -1.007769e+01   4.050146e+00  -9.949854e+00
35	   3.951579e+00  -1.004842e+01   3.895294e+00  -1.010471e+01   4.110712e+00  -9.889288e+00   3.878286e+00  -1.012171e+01   4.110368e+00  -9.889632e+00
35.1	   4.007337e+00  -9.992663e+00   3.858743e+00  -1.014126e+01   4.164282e+00  -9.835718e+00   3.843704e+00  -1.015630e+01   4.178926e+00  -9.821074e+00
35.2	   4.064881e+00  -9.935119e+00   3.833589e+00  -1.016641e+01   4.206889e+00  -9.793111e+00   3.815323e+00  -1.018468e+01   4.251340e+00  -9.748660e+00
35.3	   4.120560e+00  -9.879440e+00   3.810969e+00  -1.018903e+01   4.238309e+00  -9.761691e+00   3.796746e+00  -1.020325e+01   4.251597e+00  -9.748403e+00
35.4	   4.169531e+00  -9.830469e+00   3.796984e+00  -1.020302e+01   4.253763e+00  -9.746237e+00   3.791745e+00  -1.020826e+01   4.245761e+00  -9.754239e+00
35.5	   4.213487e+00  -9.786513e+00   3.799221e+00  -1.020078e+01   4.247712e+00  -9.752288e+00   3.794898e+00  -1.020510e+01   4.238751e+00  -9.761249e+00
35.6	   4.249579e+00  -9.750421e+00   3.810159e+00  -1.018984e+01   4.213770e+00  -9.786230e+00   3.806344e+00  -1.019366e+01   4.217263e+00  -9.782737e+00
35.7	   4.270906e+00  -9.729094e+00   3.821661e+00  -1.017834e+01   4.198384e+00  -9.801616e+00   3.833993e+00  -1.016601e+01   4.202980e+00  -9.797020e+00
35.8	   4.270864e+00  -9.729136e+00   3.848337e+00  -1.015166e+01   4.145887e+00  -9.854113e+00   3.871830e+00  -1.012817e+01   4.104916e+00  -9.895084e+00
35.9	   4.243971e+00  -9.756029e+00   3.886825e+00  -1.011317e+01   4.097194e+00  -9.902806e+00   3.913256e+00  -1.008674e+01   4.069514e+00  -9.930486e+00
36	   4.200679e+00  -9.799321e+00   3.931034e+00  -1.006897e+01   4.030395e+00  -9.969605e+00   3.960514e+00  -1.003949e+01   4.024419e+00  -9.975581e+00
36.1	   4.148988e+00  -9.851012e+00   3.981559e+00  -1.001844e+01   3.978943e+00  -1.002106e+01   4.013062e+00  -9.986938e+00   3.937655e+00  -1.006235e+01
36.2	   4.090323e+00  -9.909677e+00   4.037079e+00  -9.962921e+00   3.940079e+00  -1.005992e+01   4.067680e+00  -9.932320e+00   3.882146e+00  -1.011785e+01
36.3	   4.028281e+00  -9.971719e+00   4.095845e+00  -9.904155e+00   3.892106e+00  -1.010789e+01   4.122368e+00  -9.877632e+00   3.860850e+00  -1.013915e+01
36.4	   3.969407e+00  -1.003059e+01   4.153327e+00  -9.846673e+00   3.846213e+00  -1.015379e+01   4.171698e+00  -9.828302e+00   3.851635e+00  -1.014836e+01
36.5	   3.916146e+00  -1.008385e+01   4.203969e+00  -9.796031e+00   3.818563e+00  -1.018144e+01   4.212944e+00  -9.787056e+00   3.819291e+00  -1.018071e+01
36.6	   3.870100e+00  -1.012990e+01   4.243422e+00  -9.756578e+00   3.808024e+00  -1.019198e+01   4.240041e+00  -9.759959e+00   3.803277e+00  -1.019672e+01
36.7	   3.832838e+00  -1.016716e+01   4.263466e+00  -9.736534e+00   3.794358e+00  -1.020564e+01   4.259979e+00  -9.740021e+00   3.803999e+00  -1.019600e+01
36.8	   3.806369e+00  -1.019363e+01   4.262976e+00  -9.737024e+00   3.787479e+00  -1.021252e+01   4.260279e+00  -9.739721e+00   3.811795e+00  -1.018821e+01
36.9	   3.790803e+00  -1.020920e+01   4.243546e+00  -9.756454e+00   3.811870e+00  -1.018813e+01   4.226358e+00  -9.773642e+00   3.820228e+00  -1.017977e+01
37	   3.785645e+00  -1.021435e+01   4.208336e+00  -9.791664e+00   3.840977e+00  -1.015902e+01   4.168067e+00  -9.831933e+00   3.839188e+00  -1.016081e+01
37.1	   3.790134e+00  -1.020987e+01   4.154535e+00  -9.845465e+00   3.857837e+00  -1.014216e+01   4.140140e+00  -9.859860e+00   3.871882e+00  -1.012812e+01
37.2	   3.804748e+00  -1.019525e+01   4.100551e+00  -9.899449e+00   3.893400e+00  -1.010660e+01   4.095448e+00  -9.904552e+00   3.917333e+00  -1.008267e+01
37.3	   3.830303e+00  -1.016970e+01   4.044305e+00  -9.955695e+00   3.949964e+00  -1.005004e+01   4.031264e+00  -9.968736e+00   3.976108e+00  -1.002389e+01
37.4	   3.866000e+00  -1.013400e+01   3.987983e+00  -1.001202e+01   4.009371e+00  -9.990629e+00   3.968345e+00  -1.003166e+01   4.043314e+00  -9.956686e+00
37.5	   3.910404e+00  -1.008960e+01   3.936151e+00  -1.006385e+01   4.067728e+00  -9.932272e+00   3.915184e+00  -1.008482e+01   4.080769e+00  -9.919231e+00
37.6	   3.962594e+00  -1.003741e+01   3.890994e+00  -1.010901e+01   4.126837e+00  -9.873163e+00   3.870565e+00  -1.012944e+01   4.129333e+00  -9.870667e+00
37.7	   4.019119e+00  -9.980881e+00   3.853673e+00  -1.014633e+01   4.179931e+00  -9.820069e+00   3.835153e+00  -1.016485e+01   4.176317e+00  -9.823683e+00
37.8	   4.077318e+00  -9.922682e+00   3.825418e+00  -1.017458e+01   4.223911e+00  -9.776089e+00   3.809671e+00  -1.019033e+01   4.234985e+00  -9.765015e+00
37.9	   4.131630e+00  -9.868370e+00   3.806262e+00  -1.019374e+01   4.244876e+00  -9.755124e+00   3.794318e+00  -1.020568e+01   4.255088e+00  -9.744912e+00
38	   4.178793e+00  -9.821207e+00   3.796257e+00  -1.020374e+01   4.252126e+00  -9.747874e+00   3.789666e+00  -1.021033e+01   4.253926e+00  -9.746074e+00
38.1	   4.221466e+00  -9.778534e+00   3.795836e+00  -1.020416e+01   4.257722e+00  -9.742278e+00   3.795732e+00  -1.020427e+01   4.242622e+00  -9.757378e+00
38.2	   4.256518e+00  -9.743482e+00   3.805284e+00  -1.019472e+01   4.215891e+00  -9.784109e+00   3.812257e+00  -1.018774e+01   4.190784e+00  -9.809216e+00
38.3	   4.275615e+00  -9.724385e+00   3.824622e+00  -1.017538e+01   4.173925e+00  -9.826075e+00   3.838844e+00  -1.016116e+01   4.146733e+00  -9.853267e+00
38.4	   4.268652e+00  -9.731348e+00   3.854132e+00  -1.014587e+01   4.134480e+00  -9.865520e+00   3.874576e+00  -1.012542e+01   4.129084e+00  -9.870916e+00
38.5	   4.236118e+00  -9.763882e+00   3.892835e+00  -1.010717e+01   4.080279e+00  -9.919721e+00   3.918017e+00  -1.008198e+01   4.051780e+00  -9.948220e+00
38.6	   4.191527e+00  -9.808473e+00   3.939561e+00  -1.006044e+01   4.023775e+00  -9.976225e+00   3.967826e+00  -1.003217e+01   3.977428e+00  -1.002257e+01
38.7	   4.138276e+00  -9.861724e+00   3.993236e+00  -1.000676e+01   3.974899e+00  -1.002510e+01   4.021666e+00  -9.978334e+00   3.932827e+00  -1.006717e+01
38.8	   4.077818e+00  -9.922182e+00   4.050890e+00  -9.949110e+00   3.929132e+00  -1.007087e+01   4.076863e+00  -9.923137e+00   3.909684e+00  -1.009032e+01
38.9	   4.015768e+00  -9.984232e+00   4.110389e+00  -9.889611e+00   3.881208e+00  -1.011879e+01   4.130801e+00  -9.869199e+00   3.885264e+00  -1.011474e+01
39	   3.957870e+00  -1.004213e+01   4.166221e+00  -9.833779e+00   3.845741e+00  -1.015426e+01   4.178806e+00  -9.821194e+00   3.850106e+00  -1.014989e+01
39.1	   3.905933e+00  -1.009407e+01   4.214152e+00  -9.785848e+00   3.828395e+00  -1.017161e+01   4.218743e+00  -9.781257e+00   3.819316e+00  -1.018068e+01
39.2	   3.861584e+00  -1.013842e+01   4.248118e+00  -9.751882e+00   3.808242e+00  -1.019176e+01   4.246008e+00  -9.753992e+00   3.802713e+00  -1.019729e+01
39.3	   3.826485e+00  -1.017352e+01   4.263240e+00  -9.736760e+00   3.788396e+00  -1.021160e+01   4.257457e+00  -9.742543e+00   3.795958e+00  -1.020404e+01
39.4	   3.802344e+00  -1.019766e+01   4.258424e+00  -9.741576e+00   3.798574e+00  -1.020143e+01   4.251646e+00  -9.748354e+00   3.800594e+00  -1.019941e+01
39.5	   3.789066e+00  -1.021093e+01   4.234812e+00  -9.765188e+00   3.820299e+00  -1.017970e+01   4.229559e+00  -9.770441e+00   3.823950e+00  -1.017605e+01
39.6	   3.786050e+00  -1.021395e+01   4.196706e+00  -9.803294e+00   3.832872e+00  -1.016713e+01   4.190429e+00  -9.809571e+00   3.857438e+00  -1.014256e+01
39.7	   3.792940e+00  -1.020706e+01   4.147592e+00  -9.852408e+00   3.864070e+00  -1.013593e+01   4.132245e+00  -9.867755e+00   3.893142e+00  -1.010686e+01
39.8	   3.810028e+00  -1.018997e+01   4.092870e+00  -9.907130e+00   3.914598e+00  -1.008540e+01   4.074672e+00  -9.925328e+00   3.930304e+00  -1.006970e+01
39.9	   3.837983e+00  -1.016202e+01   4.036261e+00  -9.963739e+00   3.962677e+00  -1.003732e+01   4.016741e+00  -9.983259e+00   3.974037e+00  -1.002596e+01
40	   3.875584e+00  -1.012442e+01   3.981087e+00  -1.001891e+01   4.011052e+00  -9.988948e+00   3.959817e+00  -1.004018e+01   4.025349e+00  -9.974651e+00
40.1	   3.921308e+00  -1.007869e+01   3.930431e+00  -1.006957e+01   4.062894e+00  -9.937106e+00   3.908030e+00  -1.009197e+01   4.080220e+00  -9.919780e+00
40.2	   3.974291e+00  -1.002571e+01   3.886023e+00  -1.011398e+01   4.122087e+00  -9.877913e+00   3.863819e+00  -1.013618e+01   4.129765e+00  -9.870235e+00
40.3	   4.030554e+00  -9.969446e+00   3.849180e+00  -1.015082e+01   4.172877e+00  -9.827123e+00   3.829188e+00  -1.017081e+01   4.180100e+00  -9.819900e+00
40.4	   4.087780e+00  -9.912220e+00   3.821297e+00  -1.017870e+01   4.218809e+00  -9.781191e+00   3.805119e+00  -1.019488e+01   4.226357e+00  -9.773643e+00
40.5	   4.139406e+00  -9.860594e+00   3.802417e+00  -1.019758e+01   4.241151e+00  -9.758849e+00   3.791791e+00  -1.020821e+01   4.248781e+00  -9.751219e+00
40.6	   4.184464e+00  -9.815536e+00   3.793142e+00  -1.020686e+01   4.241815e+00  -9.758185e+00   3.789365e+00  -1.021064e+01   4.255502e+00  -9.744498e+00
40.7	   4.225890e+00  -9.774110e+00   3.793857e+00  -1.020614e+01   4.249518e+00  -9.750482e+00   3.797858e+00  -1.020214e+01   4.237318e+00  -9.762682e+00
40.8	   4.259513e+00  -9.740487e+00   3.804979e+00  -1.019502e+01   4.202224e+00  -9.797776e+00   3.816961e+00  -1.018304e+01   4.184303e+00  -9.815697e+00
40.9	   4.275036e+00  -9.724964e+00   3.826637e+00  -1.017336e+01   4.167665e+00  -9.832335e+00   3.846090e+00  -1.015391e+01   4.146094e+00  -9.853906e+00
41	   4.260893e+00  -9.739107e+00   3.858749e+00  -1.014125e+01   4.122022e+00  -9.877978e+00   3.883867e+00  -1.011613e+01   4.091514e+00  -9.908486e+00
41.1	   4.225985e+00  -9.774015e+00   3.899966e+00  -1.010003e+01   4.076970e+00  -9.923030e+00   3.928498e+00  -1.007150e+01   4.052061e+00  -9.947939e+00
41.2	   4.180739e+00  -9.819261e+00   3.949144e+00  -1.005086e+01   4.021789e+00  -9.978211e+00   3.978623e+00  -1.002138e+01   4.006599e+00  -9.993401e+00
41.3	   4.126523e+00  -9.873477e+00   4.004634e+00  -9.995366e+00   3.976201e+00  -1.002380e+01   4.031595e+00  -9.968405e+00   3.948895e+00  -1.005110e+01
41.4	   4.065253e+00  -9.934747e+00   4.063370e+00  -9.936630e+00   3.928142e+00  -1.007186e+01   4.085341e+00  -9.914659e+00   3.897033e+00  -1.010297e+01
41.5	   4.004324e+00  -9.995676e+00   4.123136e+00  -9.876864e+00   3.878240e+00  -1.012176e+01   4.137087e+00  -9.862913e+00   3.859218e+00  -1.014078e+01
41.6	   3.947781e+00  -1.005222e+01   4.177654e+00  -9.822346e+00   3.845301e+00  -1.015470e+01   4.182866e+00  -9.817134e+00   3.834680e+00  -1.016532e+01
41.7	   3.897285e+00  -1.010272e+01   4.223519e+00  -9.776481e+00   3.827025e+00  -1.017298e+01   4.220891e+00  -9.779109e+00   3.825230e+00  -1.017477e+01
41.8	   3.854553e+00  -1.014545e+01   4.253844e+00  -9.746156e+00   3.805845e+00  -1.019416e+01   4.246411e+00  -9.753589e+00   3.816526e+00  -1.018347e+01
41.9	   3.821122e+00  -1.017888e+01   4.264996e+00  -9.735004e+00   3.796457e+00  -1.020354e+01   4.256375e+00  -9.743625e+00   3.799471e+00  -1.020053e+01
42	   3.798603e+00  -1.020140e+01   4.256184e+00  -9.743816e+00   3.806117e+00  -1.019388e+01   4.248586e+00  -9.751414e+00   3.803238e+00  -1.019676e+01
42.1	   3.787035e+00  -1.021296e+01   4.229142e+00  -9.770858e+00   3.810692e+00  -1.018931e+01   4.221545e+00  -9.778455e+00   3.827330e+00  -1.017267e+01
42.2	   3.785584e+00  -1.021442e+01   4.188357e+00  -9.811643e+00   3.834312e+00  -1.016569e+01   4.175109e+00  -9.824891e+00   3.861708e+00  -1.013829e+01
42.3	   3.794419e+00  -1.020558e+01   4.137254e+00  -9.862746e+00   3.876738e+00  -1.012326e+01   4.123088e+00  -9.876912e+00   3.895353e+00  -1.010465e+01
42.4	   3.814042e+00  -1.018596e+01   4.081321e+00  -9.918679e+00   3.916093e+00  -1.008391e+01   4.067497e+00  -9.932503e+00   3.928705e+00  -1.007129e+01
42.5	   3.844829e+00  -1.015517e+01   4.024364e+00  -9.975636e+00   3.959979e+00  -1.004002e+01   4.009185e+00  -9.990815e+00   3.971355e+00  -1.002865e+01
42.6	   3.885469e+00  -1.011453e+01   3.969692e+00  -1.003031e+01   4.014375e+00  -9.985625e+00   3.953576e+00  -1.004642e+01   4.024592e+00  -9.975408e+00
42.7	   3.933999e+00  -1.006600e+01   3.920153e+00  -1.007985e+01   4.072111e+00  -9.927889e+00   3.904204e+00  -1.009580e+01   4.083089e+00  -9.916911e+00
42.8	   3.988898e+00  -1.001110e+01   3.876953e+00  -1.012305e+01   4.130513e+00  -9.869487e+00   3.862272e+00  -1.013773e+01   4.142403e+00  -9.857597e+00
42.9	   4.045911e+00  -9.954089e+00   3.841720e+00  -1.015828e+01   4.183395e+00  -9.816605e+00   3.829403e+00  -1.017060e+01   4.195520e+00  -9.804480e+00
43	   4.102466e+00  -9.897534e+00   3.815766e+00  -1.018423e+01   4.221117e+00  -9.778883e+00   3.806599e+00  -1.019340e+01   4.236238e+00  -9.763762e+00
43.1	   4.151590e+00  -9.848410e+00   3.799028e+00  -1.020097e+01   4.243936e+00  -9.756064e+00   3.794165e+00  -1.020583e+01   4.252415e+00  -9.747585e+00
43.2	   4.195069e+00  -9.804931e+00   3.792418e+00  -1.020758e+01   4.256868e+00  -9.743132e+00   3.792404e+00  -1.020760e+01   4.257782e+00  -9.742218e+00
43.3	   4.235238e+00  -9.764762e+00   3.796156e+00  -1.020384e+01   4.235087e+00  -9.764913e+00   3.801486e+00  -1.019851e+01   4.240977e+00  -9.759023e+00
43.4	   4.266096e+00  -9.733904e+00   3.810370e+00  -1.018963e+01   4.193774e+00  -9.806226e+00   3.821184e+00  -1.017882e+01   4.208207e+00  -9.791793e+00
43.5	   4.275701e+00  -9.724299e+00   3.835114e+00  -1.016489e+01   4.186881e+00  -9.813119e+00   3.850913e+00  -1.014909e+01   4.155918e+00  -9.844082e+00
43.6	   4.254262e+00  -9.745738e+00   3.869907e+00  -1.013009e+01   4.130865e+00  -9.869135e+00   3.889375e+00  -1.011063e+01   4.113207e+00  -9.886793e+00
43.7	   4.217260e+00  -9.782740e+00   3.913159e+00  -1.008684e+01   4.066004e+00  -9.933996e+00   3.934830e+00  -1.006517e+01   4.048314e+00  -9.951686e+00
43.8	   4.169919e+00  -9.830081e+00   3.964004e+00  -1.003600e+01   4.013515e+00  -9.986485e+00   3.985800e+00  -1.001420e+01   3.989856e+00  -1.001014e+01
43.9	   4.113140e+00  -9.886860e+00   4.020246e+00  -9.979754e+00   3.960320e+00  -1.003968e+01   4.039579e+00  -9.960421e+00   3.934803e+00  -1.006520e+01
44	   4.051155e+00  -9.948845e+00   4.079248e+00  -9.920752e+00   3.912399e+00  -1.008760e+01   4.094171e+00  -9.905829e+00   3.886975e+00  -1.011303e+01
44.1	   3.991278e+00  -1.000872e+01   4.137889e+00  -9.862111e+00   3.869263e+00  -1.013074e+01   4.146005e+00  -9.853995e+00   3.855957e+00  -1.014404e+01
44.2	   3.936232e+00  -1.006377e+01   4.190355e+00  -9.809645e+00   3.836012e+00  -1.016399e+01   4.191304e+00  -9.808696e+00   3.837622e+00  -1.016238e+01
44.3	   3.887591e+00  -1.011241e+01   4.232980e+00  -9.767020e+00   3.817084e+00  -1.018292e+01   4.227501e+00  -9.772499e+00   3.820960e+00  -1.017904e+01
44.4	   3.847044e+00  -1.015296e+01   4.258638e+00  -9.741362e+00   3.802781e+00  -1.019722e+01   4.249552e+00  -9.750448e+00   3.806801e+00  -1.019320e+01
44.5	   3.816046e+00  -1.018395e+01   4.264658e+00  -9.735342e+00   3.795361e+00  -1.020464e+01   4.255897e+00  -9.744103e+00   3.806928e+00  -1.019307e+01
44.6	   3.795973e+00  -1.020403e+01   4.250697e+00  -9.749303e+00   3.805727e+00  -1.019427e+01   4.244762e+00  -9.755238e+00   3.816984e+00  -1.018302e+01
44.7	   3.786746e+00  -1.021325e+01   4.219579e+00  -9.780421e+00   3.820547e+00  -1.017945e+01   4.211706e+00  -9.788294e+00   3.833125e+00  -1.016687e+01
44.8	   3.787461e+00  -1.021254e+01   4.175605e+00  -9.824395e+00   3.844798e+00  -1.015520e+01   4.163039e+00  -9.836961e+00   3.864848e+00  -1.013515e+01
44.9	   3.798593e+00  -1.020141e+01   4.122506e+00  -9.877494e+00   3.885003e+00  -1.011500e+01   4.118739e+00  -9.881261e+00   3.905028e+00  -1.009497e+01
45	   3.820703e+00  -1.017930e+01   4.065995e+00  -9.934005e+00   3.928591e+00  -1.007141e+01   4.065142e+00  -9.934858e+00   3.945122e+00  -1.005488e+01
45.1	   3.853341e+00  -1.014666e+01   4.009237e+00  -9.990763e+00   3.978688e+00  -1.002131e+01   4.004797e+00  -9.995203e+00   3.990532e+00  -1.000947e+01
45.2	   3.894894e+00  -1.010511e+01   3.955701e+00  -1.004430e+01   4.034735e+00  -9.965265e+00   3.946849e+00  -1.005315e+01   4.041500e+00  -9.958500e+00
45.3	   3.944187e+00  -1.005581e+01   3.907802e+00  -1.009220e+01   4.091472e+00  -9.908528e+00   3.895983e+00  -1.010402e+01   4.095351e+00  -9.904649e+00
45.4	   3.999297e+00  -1.000070e+01   3.866733e+00  -1.013327e+01   4.144337e+00  -9.855663e+00   3.853796e+00  -1.014620e+01   4.146941e+00  -9.853059e+00
45.5	   4.056218e+00  -9.943782e+00   3.834134e+00  -1.016587e+01   4.190134e+00  -9.809866e+00   3.821729e+00  -1.017827e+01   4.193167e+00  -9.806833e+00
45.6	   4.111248e+00  -9.888752e+00   3.810916e+00  -1.018908e+01   4.228941e+00  -9.771059e+00   3.799916e+00  -1.020008e+01   4.230111e+00  -9.769889e+00
45.7	   4.157661e+00  -9.842339e+00   3.796942e+00  -1.020306e+01   4.241673e+00  -9.758327e+00   3.789145e+00  -1.021085e+01   4.240881e+00  -9.759119e+00
45.8	   4.199513e+00  -9.800487e+00   3.793069e+00  -1.020693e+01   4.242680e+00  -9.757320e+00   3.789644e+00  -1.021036e+01   4.239590e+00  -9.760410e+00
45.9	   4.239854e+00  -9.760146e+00   3.799438e+00  -1.020056e+01   4.246876e+00  -9.753124e+00   3.801321e+00  -1.019868e+01   4.237613e+00  -9.762387e+00
46	   4.269309e+00  -9.730691e+00   3.815898e+00  -1.018410e+01   4.209310e+00  -9.790690e+00   3.823829e+00  -1.017617e+01   4.196504e+00  -9.803496e+00
46.1	   4.272146e+00  -9.727854e+00   3.842542e+00  -1.015746e+01   4.139762e+00  -9.860238e+00   3.856553e+00  -1.014345e+01   4.136530e+00  -9.863470e+00
46.2	   4.246660e+00  -9.753340e+00   3.878637e+00  -1.012136e+01   4.100518e+00  -9.899482e+00   3.898082e+00  -1.010192e+01   4.090532e+00  -9.909468e+00
46.3	   4.206151e+00  -9.793849e+00   3.922721e+00  -1.007728e+01   4.061240e+00  -9.938760e+00   3.946533e+00  -1.005347e+01   4.043033e+00  -9.956967e+00
46.4	   4.157704e+00  -9.842296e+00   3.974113e+00  -1.002589e+01   4.008598e+00  -9.991402e+00   4.000198e+00  -9.999802e+00   3.991545e+00  -1.000845e+01
46.5	   4.101123e+00  -9.898877e+00   4.030374e+00  -9.969626e+00   3.954241e+00  -1.004576e+01   4.055614e+00  -9.944386e+00   3.942996e+00  -1.005700e+01
46.6	   4.039525e+00  -9.960475e+00   4.089234e+00  -9.910766e+00   3.906590e+00  -1.009341e+01   4.110780e+00  -9.889220e+00   3.899951e+00  -1.010005e+01
46.7	   3.980616e+00  -1.001938e+01   4.146953e+00  -9.853047e+00   3.866656e+00  -1.013334e+01   4.160763e+00  -9.839237e+00   3.863725e+00  -1.013628e+01
46.8	   3.926782e+00  -1.007322e+01   4.198172e+00  -9.801828e+00   3.835518e+00  -1.016448e+01   4.202982e+00  -9.797018e+00   3.835709e+00  -1.016429e+01
46.9	   3.879455e+00  -1.012054e+01   4.238359e+00  -9.761641e+00   3.813849e+00  -1.018615e+01   4.234779e+00  -9.765221e+00   3.816316e+00  -1.018368e+01
47	   3.840298e+00  -1.015970e+01   4.260516e+00  -9.739484e+00   3.801558e+00  -1.019844e+01   4.252655e+00  -9.747345e+00   3.806011e+00  -1.019399e+01
47.1	   3.811244e+00  -1.018876e+01   4.262178e+00  -9.737822e+00   3.799164e+00  -1.020084e+01   4.253216e+00  -9.746784e+00   3.805859e+00  -1.019414e+01
47.2	   3.792857e+00  -1.020714e+01   4.243379e+00  -9.756621e+00   3.807172e+00  -1.019283e+01   4.236769e+00  -9.763231e+00   3.816091e+00  -1.018391e+01
47.3	   3.785267e+00  -1.021473e+01   4.208258e+00  -9.791742e+00   3.825429e+00  -1.017457e+01   4.209158e+00  -9.790842e+00   3.836116e+00  -1.016388e+01
47.4	   3.787831e+00  -1.021217e+01   4.161470e+00  -9.838530e+00   3.853796e+00  -1.014620e+01   4.150022e+00  -9.849978e+00   3.865888e+00  -1.013411e+01
47.5	   3.800827e+00  -1.019917e+01   4.107506e+00  -9.892494e+00   3.891587e+00  -1.010841e+01   4.093504e+00  -9.906496e+00   3.904359e+00  -1.009564e+01
47.6	   3.824668e+00  -1.017533e+01   4.051085e+00  -9.948915e+00   3.937268e+00  -1.006273e+01   4.036428e+00  -9.963572e+00   3.949756e+00  -1.005024e+01
47.7	   3.858977e+00  -1.014102e+01   3.995512e+00  -1.000449e+01   3.989376e+00  -1.001062e+01   3.979300e+00  -1.002070e+01   3.999865e+00  -1.000013e+01
47.8	   3.902249e+00  -1.009775e+01   3.943817e+00  -1.005618e+01   4.045104e+00  -9.954896e+00   3.926909e+00  -1.007309e+01   4.052608e+00  -9.947392e+00
47.9	   3.953170e+00  -1.004683e+01   3.897935e+00  -1.010206e+01   4.102390e+00  -9.897610e+00   3.882388e+00  -1.011761e+01   4.107047e+00  -9.892953e+00
48	   4.008926e+00  -9.991074e+00   3.859166e+00  -1.014083e+01   4.156183e+00  -9.843817e+00   3.847157e+00  -1.015284e+01   4.158821e+00  -9.841179e+00
48.1	   4.066602e+00  -9.933398e+00   3.828999e+00  -1.017100e+01   4.202178e+00  -9.797822e+00   3.821671e+00  -1.017833e+01   4.204523e+00  -9.795477e+00
48.2	   4.121552e+00  -9.878448e+00   3.808134e+00  -1.019187e+01   4.235875e+00  -9.764125e+00   3.805882e+00  -1.019412e+01   4.238922e+00  -9.761078e+00
48.3	   4.168713e+00  -9.831287e+00   3.796594e+00  -1.020341e+01   4.252343e+00  -9.747657e+00   3.799936e+00  -1.020006e+01   4.255298e+00  -9.744702e+00
48.4	   4.210532e+00  -9.789468e+00   3.795138e+00  -1.020486e+01   4.250238e+00  -9.749762e+00   3.803809e+00  -1.019619e+01   4.251265e+00  -9.748735e+00
48.5	   4.245911e+00  -9.754089e+00   3.803975e+00  -1.019603e+01   4.230055e+00  -9.769945e+00   3.817604e+00  -1.018240e+01   4.226937e+00  -9.773063e+00
48.6	   4.268538e+00  -9.731462e+00   3.822897e+00  -1.017710e+01   4.195191e+00  -9.804809e+00   3.840905e+00  -1.015910e+01   4.186553e+00  -9.813447e+00
48.7	   4.270644e+00  -9.729356e+00   3.851910e+00  -1.014809e+01   4.147997e+00  -9.852003e+00   3.873002e+00  -1.012700e+01   4.134613e+00  -9.865387e+00
48.8	   4.244249e+00  -9.755751e+00   3.889905e+00  -1.011010e+01   4.094345e+00  -9.905655e+00   3.912692e+00  -1.008731e+01   4.078508e+00  -9.921492e+00
48.9	   4.200571e+00  -9.799429e+00   3.935509e+00  -1.006449e+01   4.038511e+00  -9.961489e+00   3.958508e+00  -1.004149e+01   4.021946e+00  -9.978054e+00
49	   4.149181e+00  -9.850819e+00   3.987740e+00  -1.001226e+01   3.983729e+00  -1.001627e+01   4.008717e+00  -9.991283e+00   3.968426e+00  -1.003157e+01
49.1	   4.091558e+00  -9.908442e+00   4.044035e+00  -9.955965e+00   3.933215e+00  -1.006678e+01   4.060736e+00  -9.939264e+00   3.920504e+00  -1.007950e+01
49.2	   4.030302e+00  -9.969698e+00   4.102428e+00  -9.897572e+00   3.888872e+00  -1.011113e+01   4.113217e+00  -9.886783e+00   3.879156e+00  -1.012084e+01
49.3	   3.971915e+00  -1.002808e+01   4.158369e+00  -9.841631e+00   3.852074e+00  -1.014793e+01   4.161930e+00  -9.838070e+00   3.845961e+00  -1.015404e+01
49.4	   3.918558e+00  -1.008144e+01   4.207374e+00  -9.792626e+00   3.824120e+00  -1.017588e+01   4.204253e+00  -9.795747e+00   3.822066e+00  -1.017793e+01
49.5	   3.872015e+00  -1.012798e+01   4.243838e+00  -9.756162e+00   3.805629e+00  -1.019437e+01   4.236123e+00  -9.763877e+00   3.807999e+00  -1.019200e+01
49.6	   3.834141e+00  -1.016586e+01   4.261698e+00  -9.738302e+00   3.796922e+00  -1.020308e+01   4.252265e+00  -9.747735e+00   3.803876e+00  -1.019612e+01
49.7	   3.806744e+00  -1.019326e+01   4.259108e+00  -9.740892e+00   3.798207e+00  -1.020179e+01   4.250614e+00  -9.749386e+00   3.809612e+00  -1.019039e+01
49.8	   3.790221e+00  -1.020978e+01   4.237081e+00  -9.762919e+00   3.809880e+00  -1.019012e+01   4.231152e+00  -9.768848e+00   3.824786e+00  -1.017521e+01
49.9	   3.784509e+00  -1.021549e+01   4.200186e+00  -9.799814e+00   3.831739e+00  -1.016826e+01   4.192720e+00  -9.807280e+00   3.848549e+00  -1.015145e+01
50	   3.789123e+00  -1.021088e+01   4.152145e+00  -9.847855e+00   3.863223e+00  -1.013678e+01   4.137960e+00  -9.862040e+00   3.880234e+00  -1.011977e+01
50.1	   3.804335e+00  -1.019566e+01   4.097800e+00  -9.902200e+00   3.903352e+00  -1.009665e+01   4.083997e+00  -9.916003e+00   3.919173e+00  -1.008083e+01
50.2	   3.830630e+00  -1.016937e+01   4.041411e+00  -9.958589e+00   3.950853e+00  -1.004915e+01   4.025995e+00  -9.974005e+00   3.964905e+00  -1.003509e+01
50.3	   3.867082e+00  -1.013292e+01   3.986231e+00  -1.001377e+01   4.004082e+00  -9.995918e+00   3.970517e+00  -1.002948e+01   4.015736e+00  -9.984264e+00
50.4	   3.912058e+00  -1.008794e+01   3.935342e+00  -1.006466e+01   4.060016e+00  -9.939984e+00   3.920284e+00  -1.007972e+01   4.069226e+00  -9.930774e+00
50.5	   3.964364e+00  -1.003564e+01   3.890434e+00  -1.010957e+01   4.116558e+00  -9.883442e+00   3.877450e+00  -1.012255e+01   4.123064e+00  -9.876936e+00
50.6	   4.020337e+00  -9.979663e+00   3.852974e+00  -1.014703e+01   4.167986e+00  -9.832014e+00   3.843086e+00  -1.015691e+01   4.171974e+00  -9.828026e+00
50.7	   4.077568e+00  -9.922432e+00   3.824367e+00  -1.017563e+01   4.210978e+00  -9.789022e+00   3.817820e+00  -1.018218e+01   4.212446e+00  -9.787554e+00
50.8	   4.130679e+00  -9.869321e+00   3.804928e+00  -1.019507e+01   4.240603e+00  -9.759397e+00   3.801971e+00  -1.019803e+01   4.239248e+00  -9.760752e+00
50.9	   4.176924e+00  -9.823076e+00   3.795032e+00  -1.020497e+01   4.253167e+00  -9.746833e+00   3.796012e+00  -1.020399e+01   4.248299e+00  -9.751701e+00
51	   4.218380e+00  -9.781620e+00   3.795178e+00  -1.020482e+01   4.247743e+00  -9.752257e+00   3.800040e+00  -1.019996e+01   4.238614e+00  -9.761386e+00
51.1	   4.251579e+00  -9.748421e+00   3.805633e+00  -1.019437e+01   4.225056e+00  -9.774944e+00   3.814439e+00  -1.018556e+01   4.212657e+00  -9.787343e+00
51.2	   4.269911e+00  -9.730089e+00   3.826270e+00  -1.017373e+01   4.188331e+00  -9.811669e+00   3.839037e+00  -1.016096e+01   4.172844e+00  -9.827156e+00
51.3	   4.267049e+00  -9.732951e+00   3.857020e+00  -1.014298e+01   4.140783e+00  -9.859217e+00   3.873216e+00  -1.012678e+01   4.121887e+00  -9.878113e+00
51.4	   4.237713e+00  -9.762287e+00   3.896624e+00  -1.010338e+01   4.087350e+00  -9.912650e+00   3.915720e+00  -1.008428e+01   4.067652e+00  -9.932348e+00
51.5	   4.191879e+00  -9.808121e+00   3.943946e+00  -1.005605e+01   4.031782e+00  -9.968218e+00   3.965137e+00  -1.003486e+01   4.013062e+00  -9.986938e+00
51.6	   4.137550e+00  -9.862450e+00   3.997570e+00  -1.000243e+01   3.977635e+00  -1.002236e+01   4.019433e+00  -9.980567e+00   3.961225e+00  -1.003878e+01
