           0.1	   3.999969e+00  -3.092652e-05   3.999994e+00  -6.319016e-06   3.999999e+00  -1.431713e-06   4.000000e+00  -3.369131e-07   4.000000e+00  -7.957051e-08
0.2	   3.999802e+00  -1.984282e-04   3.999962e+00  -3.827009e-05   3.999991e+00  -8.658890e-06   3.999998e+00  -2.053438e-06   4.000000e+00  -4.892898e-07
0.3	   3.999430e+00  -5.702090e-04   3.999894e+00  -1.055134e-04   3.999976e+00  -2.395183e-05   3.999994e+00  -5.742866e-06   3.999999e+00  -1.384679e-06
0.4	   3.998808e+00  -1.191960e-03   3.999785e+00  -2.151075e-04   3.999951e+00  -4.922969e-05   3.999988e+00  -1.197423e-05   3.999997e+00  -2.930147e-06
0.5	   3.997928e+00  -2.072024e-03   3.999630e+00  -3.698860e-04   3.999914e+00  -8.575260e-05   3.999979e+00  -2.123430e-05   3.999995e+00  -5.289586e-06
0.6	   3.996830e+00  -3.169704e-03   3.999432e+00  -5.681583e-04   3.999866e+00  -1.340837e-04   3.999966e+00  -3.392637e-05   3.999991e+00  -8.629265e-06
0.7	   3.995610e+00  -4.389951e-03   3.999195e+00  -8.050367e-04   3.999806e+00  -1.943969e-04   3.999950e+00  -5.044572e-05   3.999987e+00  -1.313831e-05
0.8	   3.994429e+00  -5.571011e-03   3.998928e+00  -1.071663e-03   3.999734e+00  -2.662822e-04   3.999929e+00  -7.113308e-05   3.999981e+00  -1.902021e-05
0.9	   3.993513e+00  -6.486853e-03   3.998643e+00  -1.356597e-03   3.999651e+00  -3.490545e-04   3.999904e+00  -9.634144e-05   3.999973e+00  -2.651054e-05
1	   3.993144e+00  -6.855956e-03   3.998359e+00  -1.641284e-03   3.999559e+00  -4.406585e-04   3.999874e+00  -1.261652e-04   3.999964e+00  -3.581455e-05
1.1	   3.993592e+00  -6.408464e-03   3.998093e+00  -1.907083e-03   3.999461e+00  -5.391731e-04   3.999839e+00  -1.607678e-04   3.999953e+00  -4.718351e-05
1.2	   3.995113e+00  -4.887208e-03   3.997868e+00  -2.132433e-03   3.999358e+00  -6.420656e-04   3.999800e+00  -2.001891e-04   3.999939e+00  -6.086795e-05
1.3	   3.997843e+00  -2.157089e-03   3.997717e+00  -2.282642e-03   3.999256e+00  -7.437321e-04   3.999756e+00  -2.437408e-04   3.999923e+00  -7.697024e-05
1.4	   4.001690e+00   1.689540e-03   3.997674e+00  -2.325888e-03   3.999161e+00  -8.388558e-04   3.999709e+00  -2.907638e-04   3.999904e+00  -9.561171e-05
1.5	   4.006303e+00   6.303353e-03   3.997769e+00  -2.230703e-03   3.999078e+00  -9.219373e-04   3.999659e+00  -3.405043e-04   3.999883e+00  -1.168957e-04
1.6	   4.011094e+00   1.109388e-02   3.998018e+00  -1.982496e-03   3.999010e+00  -9.903460e-04   3.999607e+00  -3.927857e-04   3.999859e+00  -1.410645e-04
1.7	   4.015466e+00   1.546587e-02   3.998441e+00  -1.559455e-03   3.998961e+00  -1.038593e-03   3.999553e+00  -4.465394e-04   3.999832e+00  -1.681485e-04
1.8	   4.018903e+00   1.890253e-02   3.999060e+00  -9.400045e-04   3.998940e+00  -1.059773e-03   3.999500e+00  -5.000995e-04   3.999802e+00  -1.980175e-04
1.9	   4.020989e+00   2.098927e-02   3.999891e+00  -1.094515e-04   3.998954e+00  -1.046470e-03   3.999449e+00  -5.513725e-04   3.999770e+00  -2.304023e-04
2	   4.021300e+00   2.129952e-02   4.000926e+00   9.259157e-04   3.999008e+00  -9.922900e-04   3.999402e+00  -5.984032e-04   3.999735e+00  -2.650117e-04
2.1	   4.019459e+00   1.945875e-02   4.002149e+00   2.148953e-03   3.999109e+00  -8.911104e-04   3.999361e+00  -6.386175e-04   3.999699e+00  -3.013353e-04
2.2	   4.015449e+00   1.544929e-02   4.003525e+00   3.525206e-03   3.999263e+00  -7.370237e-04   3.999331e+00  -6.691170e-04   3.999661e+00  -3.386619e-04
2.3	   4.009571e+00   9.571101e-03   4.005012e+00   5.011559e-03   3.999478e+00  -5.220458e-04   3.999314e+00  -6.860763e-04   3.999624e+00  -3.758983e-04
2.4	   4.002253e+00   2.252668e-03   4.006523e+00   6.523465e-03   3.999755e+00  -2.446153e-04   3.999313e+00  -6.866035e-04   3.999588e+00  -4.119975e-04
2.5	   3.994153e+00  -5.847459e-03   4.007955e+00   7.954693e-03   4.000098e+00   9.793050e-05   3.999334e+00  -6.664141e-04   3.999554e+00  -4.455024e-04
2.6	   3.986062e+00  -1.393835e-02   4.009192e+00   9.191808e-03   4.000509e+00   5.092107e-04   3.999379e+00  -6.205388e-04   3.999526e+00  -4.744922e-04
2.7	   3.978638e+00  -2.136183e-02   4.010069e+00   1.006875e-02   4.000982e+00   9.819165e-04   3.999454e+00  -5.460049e-04   3.999503e+00  -4.972567e-04
2.8	   3.972404e+00  -2.759605e-02   4.010398e+00   1.039820e-02   4.001500e+00   1.500015e-03   3.999559e+00  -4.413739e-04   3.999488e+00  -5.122260e-04
2.9	   3.968058e+00  -3.194199e-02   4.010038e+00   1.003838e-02   4.002054e+00   2.054355e-03   3.999697e+00  -3.031256e-04   3.999483e+00  -5.170505e-04
3	   3.966075e+00  -3.392499e-02   4.008834e+00   8.833502e-03   4.002624e+00   2.624467e-03   3.999870e+00  -1.300940e-04   3.999490e+00  -5.096125e-04
3.1	   3.966758e+00  -3.324221e-02   4.006691e+00   6.691096e-03   4.003186e+00   3.186228e-03   4.000078e+00   7.775669e-05   3.999513e+00  -4.874555e-04
3.2	   3.970168e+00  -2.983213e-02   4.003578e+00   3.577879e-03   4.003705e+00   3.704914e-03   4.000318e+00   3.183007e-04   3.999551e+00  -4.486927e-04
3.3	   3.976322e+00  -2.367836e-02   3.999610e+00  -3.898202e-04   4.004153e+00   4.153027e-03   4.000590e+00   5.904612e-04   3.999609e+00  -3.909427e-04
3.4	   3.985022e+00  -1.497819e-02   3.995003e+00  -4.997171e-03   4.004496e+00   4.496347e-03   4.000890e+00   8.903939e-04   3.999688e+00  -3.123107e-04
3.5	   3.995806e+00  -4.194270e-03   3.990062e+00  -9.937917e-03   4.004694e+00   4.693992e-03   4.001211e+00   1.210749e-03   3.999788e+00  -2.116571e-04
3.6	   4.007928e+00   7.928343e-03   3.985219e+00  -1.478099e-02   4.004707e+00   4.706668e-03   4.001542e+00   1.542161e-03   3.999912e+00  -8.835464e-05
3.7	   4.020547e+00   2.054698e-02   3.980983e+00  -1.901720e-02   4.004501e+00   4.501400e-03   4.001875e+00   1.875394e-03   4.000058e+00   5.806941e-05
3.8	   4.032428e+00   3.242770e-02   3.977848e+00  -2.215220e-02   4.004047e+00   4.046978e-03   4.002198e+00   2.197818e-03   4.000227e+00   2.268215e-04
3.9	   4.042207e+00   4.220710e-02   3.976227e+00  -2.377304e-02   4.003314e+00   3.313827e-03   4.002492e+00   2.491544e-03   4.000416e+00   4.157328e-04
4	   4.049271e+00   4.927077e-02   3.976512e+00  -2.348847e-02   4.002299e+00   2.298728e-03   4.002741e+00   2.740839e-03   4.000622e+00   6.223191e-04
4.1	   4.052601e+00   5.260103e-02   3.979002e+00  -2.099771e-02   4.001015e+00   1.014748e-03   4.002929e+00   2.929470e-03   4.000843e+00   8.429476e-04
4.2	   4.050785e+00   5.078467e-02   3.983731e+00  -1.626877e-02   3.999486e+00  -5.135147e-04   4.003040e+00   3.039519e-03   4.001072e+00   1.072325e-03
4.3	   4.043620e+00   4.362000e-02   3.990538e+00  -9.462000e-03   3.997764e+00  -2.236003e-03   4.003054e+00   3.054496e-03   4.001304e+00   1.304110e-03
4.4	   4.032604e+00   3.260397e-02   3.999066e+00  -9.340735e-04   3.995935e+00  -4.065319e-03   4.002960e+00   2.960249e-03   4.001532e+00   1.531838e-03
4.5	   4.018809e+00   1.880870e-02   4.008660e+00   8.660116e-03   3.994097e+00  -5.902838e-03   4.002744e+00   2.743748e-03   4.001747e+00   1.747121e-03
4.6	   4.003261e+00   3.260732e-03   4.018528e+00   1.852837e-02   3.992379e+00  -7.620750e-03   4.002398e+00   2.398169e-03   4.001941e+00   1.940667e-03
4.7	   3.987228e+00  -1.277158e-02   4.027730e+00   2.773004e-02   3.990937e+00  -9.063255e-03   4.001923e+00   1.922996e-03   4.002103e+00   2.103223e-03
4.8	   3.972193e+00  -2.780655e-02   4.035198e+00   3.519823e-02   3.989905e+00  -1.009493e-02   4.001321e+00   1.321088e-03   4.002225e+00   2.225045e-03
4.9	   3.959570e+00  -4.043038e-02   4.040114e+00   4.011406e-02   3.989431e+00  -1.056950e-02   4.000606e+00   6.058486e-04   4.002298e+00   2.297503e-03
5	   3.950037e+00  -4.996349e-02   4.041881e+00   4.188064e-02   3.989641e+00  -1.035905e-02   3.999797e+00  -2.025819e-04   4.002312e+00   2.312371e-03
5.1	   3.943927e+00  -5.607340e-02   4.040122e+00   4.012209e-02   3.990655e+00  -9.344942e-03   3.998922e+00  -1.078400e-03   4.002261e+00   2.261040e-03
5.2	   3.942233e+00  -5.776672e-02   4.034779e+00   3.477904e-02   3.992525e+00  -7.475152e-03   3.998013e+00  -1.987356e-03   4.002137e+00   2.136616e-03
5.3	   3.945619e+00  -5.438145e-02   4.026266e+00   2.626579e-02   3.995266e+00  -4.733733e-03   3.997116e+00  -2.883938e-03   4.001936e+00   1.936005e-03
5.4	   3.953682e+00  -4.631771e-02   4.015244e+00   1.524421e-02   3.998829e+00  -1.170816e-03   3.996284e+00  -3.715739e-03   4.001659e+00   1.658780e-03
5.5	   3.965034e+00  -3.496586e-02   4.002598e+00   2.598376e-03   4.003076e+00   3.075953e-03   3.995573e+00  -4.426773e-03   4.001307e+00   1.307242e-03
5.6	   3.979558e+00  -2.044235e-02   3.989348e+00  -1.065199e-02   4.007802e+00   7.801544e-03   3.995044e+00  -4.955692e-03   4.000888e+00   8.883066e-04
5.7	   3.995976e+00  -4.024304e-03   3.976591e+00  -2.340893e-02   4.012709e+00   1.270926e-02   3.994752e+00  -5.248254e-03   4.000412e+00   4.120295e-04
5.8	   4.012937e+00   1.293749e-02   3.965317e+00  -3.468262e-02   4.017430e+00   1.742954e-02   3.994744e+00  -5.256230e-03   3.999893e+00  -1.074800e-04
5.9	   4.029269e+00   2.926943e-02   3.956487e+00  -4.351267e-02   4.021521e+00   2.152144e-02   3.995074e+00  -4.925793e-03   3.999349e+00  -6.513045e-04
6	   4.042974e+00   4.297395e-02   3.950506e+00  -4.949361e-02   4.024509e+00   2.450889e-02   3.995772e+00  -4.227827e-03   3.998802e+00  -1.197945e-03
6.1	   4.053646e+00   5.364591e-02   3.948250e+00  -5.175015e-02   4.025977e+00   2.597659e-02   3.996853e+00  -3.146603e-03   3.998279e+00  -1.721459e-03
6.2	   4.060586e+00   6.058632e-02   3.950410e+00  -4.959002e-02   4.025575e+00   2.557517e-02   3.998312e+00  -1.687634e-03   3.997807e+00  -2.193176e-03
6.3	   4.062350e+00   6.234959e-02   3.956601e+00  -4.339861e-02   4.023017e+00   2.301685e-02   4.000119e+00   1.187230e-04   3.997418e+00  -2.582340e-03
6.4	   4.057997e+00   5.799653e-02   3.966295e+00  -3.370502e-02   4.018262e+00   1.826209e-02   4.002211e+00   2.211420e-03   3.997140e+00  -2.859934e-03
6.5	   4.047894e+00   4.789350e-02   3.979123e+00  -2.087735e-02   4.011491e+00   1.149102e-02   4.004499e+00   4.499404e-03   3.997001e+00  -2.999107e-03
6.6	   4.034434e+00   3.443433e-02   3.994309e+00  -5.691335e-03   4.003120e+00   3.120344e-03   4.006868e+00   6.867946e-03   3.997024e+00  -2.975999e-03
6.7	   4.018522e+00   1.852172e-02   4.010689e+00   1.068890e-02   3.993745e+00  -6.255081e-03   4.009175e+00   9.175487e-03   3.997235e+00  -2.765264e-03
6.8	   4.001919e+00   1.919011e-03   4.026968e+00   2.696755e-02   3.984138e+00  -1.586168e-02   4.011263e+00   1.126341e-02   3.997647e+00  -2.353390e-03
6.9	   3.985579e+00  -1.442094e-02   4.041553e+00   4.155332e-02   3.975159e+00  -2.484090e-02   4.012944e+00   1.294381e-02   3.998265e+00  -1.734950e-03
7	   3.970375e+00  -2.962522e-02   4.053689e+00   5.368859e-02   3.967599e+00  -3.240089e-02   4.014045e+00   1.404550e-02   3.999084e+00  -9.155635e-04
7.1	   3.957677e+00  -4.232291e-02   4.061934e+00   6.193374e-02   3.962187e+00  -3.781296e-02   4.014419e+00   1.441874e-02   4.000088e+00   8.824533e-05
7.2	   3.948244e+00  -5.175625e-02   4.063819e+00   6.381949e-02   3.959503e+00  -4.049660e-02   4.013925e+00   1.392517e-02   4.001247e+00   1.247162e-03
7.3	   3.942738e+00  -5.726160e-02   4.058576e+00   5.857618e-02   3.959947e+00  -4.005340e-02   4.012462e+00   1.246178e-02   4.002518e+00   2.518087e-03
7.4	   3.941940e+00  -5.805997e-02   4.047628e+00   4.762812e-02   3.963733e+00  -3.626675e-02   4.010002e+00   1.000155e-02   4.003845e+00   3.845191e-03
7.5	   3.946107e+00  -5.389252e-02   4.034038e+00   3.403754e-02   3.970790e+00  -2.920956e-02   4.006589e+00   6.589395e-03   4.005162e+00   5.162114e-03
7.6	   3.954378e+00  -4.562205e-02   4.017801e+00   1.780143e-02   3.980763e+00  -1.923744e-02   4.002351e+00   2.350716e-03   4.006393e+00   6.393158e-03
7.7	   3.965505e+00  -3.449453e-02   4.000442e+00   4.415823e-04   3.993042e+00  -6.957534e-03   3.997492e+00  -2.508219e-03   4.007456e+00   7.455767e-03
7.8	   3.979659e+00  -2.034106e-02   3.983540e+00  -1.645975e-02   4.006704e+00   6.703661e-03   3.992301e+00  -7.699320e-03   4.008269e+00   8.268703e-03
7.9	   3.995886e+00  -4.113994e-03   3.968433e+00  -3.156737e-02   4.020644e+00   2.064379e-02   3.987132e+00  -1.286756e-02   4.008749e+00   8.748928e-03
8	   4.012814e+00   1.281388e-02   3.956140e+00  -4.386021e-02   4.033605e+00   3.360516e-02   3.982387e+00  -1.761261e-02   4.008828e+00   8.828490e-03
8.1	   4.029173e+00   2.917291e-02   3.946845e+00  -5.315491e-02   4.044261e+00   4.426071e-02   3.978451e+00  -2.154888e-02   4.008442e+00   8.441529e-03
8.2	   4.043009e+00   4.300916e-02   3.941485e+00  -5.851492e-02   4.051976e+00   5.197630e-02   3.975691e+00  -2.430943e-02   4.007551e+00   7.550501e-03
8.3	   4.053809e+00   5.380865e-02   3.941202e+00  -5.879838e-02   4.055277e+00   5.527671e-02   3.974432e+00  -2.556803e-02   4.006146e+00   6.145986e-03
8.4	   4.060648e+00   6.064832e-02   3.946164e+00  -5.383639e-02   4.053087e+00   5.308723e-02   3.974930e+00  -2.506998e-02   4.004250e+00   4.249623e-03
8.5	   4.062324e+00   6.232434e-02   3.955218e+00  -4.478191e-02   4.045866e+00   4.586565e-02   3.977372e+00  -2.262785e-02   4.001918e+00   1.918100e-03
8.6	   4.058012e+00   5.801214e-02   3.967127e+00  -3.287263e-02   4.035253e+00   3.525346e-02   3.981776e+00  -1.822359e-02   3.999244e+00  -7.564742e-04
8.7	   4.047893e+00   4.789324e-02   3.981767e+00  -1.823326e-02   4.021587e+00   2.158657e-02   3.988038e+00  -1.196208e-02   3.996352e+00  -3.647526e-03
8.8	   4.034461e+00   3.446135e-02   3.998163e+00  -1.836601e-03   4.006095e+00   6.094876e-03   3.995873e+00  -4.126507e-03   3.993403e+00  -6.596815e-03
8.9	   4.018538e+00   1.853825e-02   4.014993e+00   1.499290e-02   3.990124e+00  -9.875751e-03   4.004842e+00   4.841870e-03   3.990577e+00  -9.422705e-03
9	   4.001880e+00   1.880220e-03   4.030900e+00   3.089985e-02   3.974977e+00  -2.502299e-02   4.014340e+00   1.434047e-02   3.988079e+00  -1.192056e-02
9.1	   3.985553e+00  -1.444747e-02   4.044468e+00   4.446807e-02   3.961791e+00  -3.820897e-02   4.023660e+00   2.366010e-02   3.986102e+00  -1.389791e-02
9.2	   3.970398e+00  -2.960236e-02   4.055441e+00   5.544096e-02   3.951346e+00  -4.865378e-02   4.031911e+00   3.191118e-02   3.984820e+00  -1.517965e-02
9.3	   3.957711e+00  -4.228886e-02   4.062173e+00   6.217347e-02   3.944000e+00  -5.600020e-02   4.038222e+00   3.822224e-02   3.984389e+00  -1.561119e-02
9.4	   3.948257e+00  -5.174350e-02   4.062895e+00   6.289455e-02   3.941279e+00  -5.872080e-02   4.041835e+00   4.183539e-02   3.984937e+00  -1.506296e-02
9.5	   3.942725e+00  -5.727507e-02   4.057207e+00   5.720744e-02   3.943922e+00  -5.607810e-02   4.042208e+00   4.220837e-02   3.986555e+00  -1.344507e-02
9.6	   3.941920e+00  -5.808013e-02   4.046445e+00   4.644543e-02   3.951604e+00  -4.839552e-02   4.038906e+00   3.890583e-02   3.989251e+00  -1.074939e-02
9.7	   3.946106e+00  -5.389386e-02   4.033004e+00   3.300394e-02   3.962529e+00  -3.747066e-02   4.031991e+00   3.199118e-02   3.992966e+00  -7.033624e-03
9.8	   3.954399e+00  -4.560066e-02   4.016877e+00   1.687724e-02   3.976889e+00  -2.311063e-02   4.021933e+00   2.193313e-02   3.997568e+00  -2.432364e-03
9.9	   3.965533e+00  -3.446707e-02   3.999661e+00  -3.394496e-04   3.993746e+00  -6.253906e-03   4.009564e+00   9.564203e-03   4.002838e+00   2.837808e-03
10	   3.979685e+00  -2.031500e-02   3.982993e+00  -1.700668e-02   4.011726e+00   1.172616e-02   3.995975e+00  -4.024577e-03   4.008482e+00   8.481796e-03
10.1	   3.995909e+00  -4.091359e-03   3.968222e+00  -3.177850e-02   4.029258e+00   2.925773e-02   3.982345e+00  -1.765481e-02   4.014145e+00   1.414456e-02
10.2	   4.012820e+00   1.281994e-02   3.956315e+00  -4.368529e-02   4.044536e+00   4.453609e-02   3.969877e+00  -3.012266e-02   4.019418e+00   1.941790e-02
10.3	   4.029154e+00   2.915449e-02   3.947424e+00  -5.257626e-02   4.057249e+00   5.724891e-02   3.959605e+00  -4.039499e-02   4.023834e+00   2.383415e-02
10.4	   4.042999e+00   4.299874e-02   3.942353e+00  -5.764727e-02   4.065226e+00   6.522631e-02   3.952237e+00  -4.776329e-02   4.026962e+00   2.696164e-02
10.5	   4.053815e+00   5.381515e-02   3.942110e+00  -5.789024e-02   4.066179e+00   6.617855e-02   3.948382e+00  -5.161806e-02   4.028427e+00   2.842735e-02
10.6	   4.060648e+00   6.064772e-02   3.946842e+00  -5.315817e-02   4.059825e+00   5.982535e-02   3.948942e+00  -5.105846e-02   4.027945e+00   2.794533e-02
10.7	   4.062312e+00   6.231244e-02   3.955484e+00  -4.451597e-02   4.048011e+00   4.801111e-02   3.954023e+00  -4.597677e-02   4.025310e+00   2.530950e-02
10.8	   4.057996e+00   5.799646e-02   3.967014e+00  -3.298553e-02   4.033966e+00   3.396589e-02   3.962669e+00  -3.733080e-02   4.020557e+00   2.055652e-02
10.9	   4.047901e+00   4.790144e-02   3.981334e+00  -1.866551e-02   4.017518e+00   1.751770e-02   3.974790e+00  -2.521040e-02   4.013910e+00   1.390959e-02
11	   4.034494e+00   3.449383e-02   3.997575e+00  -2.424597e-03   4.000152e+00   1.520266e-04   3.989574e+00  -1.042592e-02   4.005776e+00   5.776013e-03
11.1	   4.018536e+00   1.853645e-02   4.014474e+00   1.447389e-02   3.983314e+00  -1.668586e-02   4.005905e+00   5.905416e-03   3.996701e+00  -3.298697e-03
11.2	   4.001835e+00   1.835006e-03   4.030671e+00   3.067062e-02   3.968281e+00  -3.171947e-02   4.022417e+00   2.241727e-02   3.987352e+00  -1.264843e-02
11.3	   3.985518e+00  -1.448217e-02   4.044618e+00   4.461750e-02   3.956066e+00  -4.393418e-02   4.037562e+00   3.756190e-02   3.978499e+00  -2.150144e-02
11.4	   3.970400e+00  -2.960036e-02   4.055915e+00   5.591518e-02   3.946794e+00  -5.320636e-02   4.050180e+00   5.018014e-02   3.970835e+00  -2.916473e-02
11.5	   3.957726e+00  -4.227385e-02   4.062676e+00   6.267589e-02   3.941475e+00  -5.852512e-02   4.059629e+00   5.962866e-02   3.965018e+00  -3.498227e-02
11.6	   3.948260e+00  -5.173986e-02   4.063131e+00   6.313070e-02   3.941211e+00  -5.878881e-02   4.063424e+00   6.342384e-02   3.961585e+00  -3.841523e-02
11.7	   3.942710e+00  -5.728984e-02   4.057127e+00   5.712679e-02   3.946106e+00  -5.389394e-02   4.060387e+00   6.038745e-02   3.960936e+00  -3.906403e-02
11.8	   3.941904e+00  -5.809552e-02   4.046220e+00   4.621970e-02   3.954987e+00  -4.501292e-02   4.051180e+00   5.117960e-02   3.963342e+00  -3.665807e-02
11.9	   3.946113e+00  -5.388683e-02   4.032752e+00   3.275215e-02   3.966627e+00  -3.337257e-02   4.038569e+00   3.856868e-02   3.968832e+00  -3.116758e-02
12	   3.954430e+00  -4.557023e-02   4.016711e+00   1.671105e-02   3.981009e+00  -1.899085e-02   4.023182e+00   2.318210e-02   3.977202e+00  -2.279800e-02
12.1	   3.965569e+00  -3.443125e-02   3.999621e+00  -3.788931e-04   3.997185e+00  -2.815101e-03   4.006009e+00   6.008773e-03   3.988021e+00  -1.197870e-02
12.2	   3.979702e+00  -2.029823e-02   3.983056e+00  -1.694427e-02   4.013948e+00   1.394836e-02   3.988593e+00  -1.140662e-02   4.000618e+00   6.180870e-04
12.3	   3.995907e+00  -4.092960e-03   3.968332e+00  -3.166775e-02   4.030028e+00   3.002796e-02   3.972371e+00  -2.762929e-02   4.014061e+00   1.406142e-02
12.4	   4.012816e+00   1.281574e-02   3.956426e+00  -4.357447e-02   4.043950e+00   4.395033e-02   3.958522e+00  -4.147819e-02   4.027288e+00   2.728757e-02
12.5	   4.029145e+00   2.914499e-02   3.947508e+00  -5.249170e-02   4.055417e+00   5.541735e-02   3.947484e+00  -5.251601e-02   4.038973e+00   3.897278e-02
12.6	   4.042996e+00   4.299571e-02   3.942380e+00  -5.762005e-02   4.062679e+00   6.267854e-02   3.939972e+00  -6.002790e-02   4.048110e+00   4.810966e-02
12.7	   4.053823e+00   5.382269e-02   3.942073e+00  -5.792741e-02   4.063681e+00   6.368083e-02   3.937713e+00  -6.228708e-02   4.053828e+00   5.382849e-02
12.8	   4.060642e+00   6.064198e-02   3.946762e+00  -5.323764e-02   4.057985e+00   5.798487e-02   3.941331e+00  -5.866917e-02   4.054524e+00   5.452424e-02
12.9	   4.062291e+00   6.229120e-02   3.955415e+00  -4.458525e-02   4.047094e+00   4.709372e-02   3.950163e+00  -4.983710e-02   4.049514e+00   4.951391e-02
13	   4.057975e+00   5.797537e-02   3.967000e+00  -3.299992e-02   4.033758e+00   3.375812e-02   3.962177e+00  -3.782342e-02   4.040296e+00   4.029596e-02
13.1	   4.047900e+00   4.790008e-02   3.981415e+00  -1.858453e-02   4.017839e+00   1.783874e-02   3.977351e+00  -2.264883e-02   4.027442e+00   2.744187e-02
13.2	   4.034515e+00   3.451493e-02   3.997726e+00  -2.274282e-03   4.000804e+00   8.041846e-04   3.994843e+00  -5.157054e-03   4.011964e+00   1.196417e-02
13.3	   4.018548e+00   1.854847e-02   4.014586e+00   1.458582e-02   3.984084e+00  -1.591563e-02   4.013189e+00   1.318912e-02   3.995402e+00  -4.598287e-03
13.4	   4.001825e+00   1.824615e-03   4.030645e+00   3.064534e-02   3.968994e+00  -3.100620e-02   4.030786e+00   3.078643e-02   3.979223e+00  -2.077665e-02
13.5	   3.985510e+00  -1.449019e-02   4.044501e+00   4.450125e-02   3.956601e+00  -4.339924e-02   4.045897e+00   4.589690e-02   3.964790e+00  -3.521001e-02
13.6	   3.970416e+00  -2.958436e-02   4.055861e+00   5.586110e-02   3.947112e+00  -5.288763e-02   4.058325e+00   5.832529e-02   3.953137e+00  -4.686317e-02
13.7	   3.957754e+00  -4.224572e-02   4.062779e+00   6.277927e-02   3.941504e+00  -5.849626e-02   4.065709e+00   6.570907e-02   3.944469e+00  -5.553136e-02
13.8	   3.948284e+00  -5.171623e-02   4.063236e+00   6.323578e-02   3.940973e+00  -5.902744e-02   4.065998e+00   6.599796e-02   3.940343e+00  -5.965696e-02
13.9	   3.942714e+00  -5.728611e-02   4.057067e+00   5.706748e-02   3.945703e+00  -5.429688e-02   4.059174e+00   5.917413e-02   3.941764e+00  -5.823593e-02
14	   3.941896e+00  -5.810439e-02   4.046102e+00   4.610168e-02   3.954579e+00  -4.542127e-02   4.047280e+00   4.728039e-02   3.948613e+00  -5.138670e-02
14.1	   3.946105e+00  -5.389458e-02   4.032681e+00   3.268109e-02   3.966249e+00  -3.375095e-02   4.033399e+00   3.339861e-02   3.959194e+00  -4.080638e-02
14.2	   3.954433e+00  -4.556704e-02   4.016693e+00   1.669336e-02   3.980730e+00  -1.927043e-02   4.017325e+00   1.732480e-02   3.973063e+00  -2.693716e-02
14.3	   3.965578e+00  -3.442193e-02   3.999601e+00  -3.985812e-04   3.997033e+00  -2.967301e-03   4.000456e+00   4.557953e-04   3.989622e+00  -1.037790e-02
14.4	   3.979700e+00  -2.029995e-02   3.983005e+00  -1.699525e-02   4.013907e+00   1.390725e-02   3.984084e+00  -1.591613e-02   4.007573e+00   7.573205e-03
14.5	   3.995892e+00  -4.108276e-03   3.968262e+00  -3.173836e-02   4.030049e+00   3.004940e-02   3.969369e+00  -3.063134e-02   4.025407e+00   2.540691e-02
14.6	   4.012797e+00   1.279697e-02   3.956361e+00  -4.363935e-02   4.044000e+00   4.400044e-02   3.957256e+00  -4.274439e-02   4.041402e+00   4.140189e-02
14.7	   4.029123e+00   2.912336e-02   3.947466e+00  -5.253445e-02   4.055520e+00   5.551984e-02   3.947970e+00  -5.203027e-02   4.054954e+00   5.495396e-02
14.8	   4.042975e+00   4.297465e-02   3.942375e+00  -5.762512e-02   4.062895e+00   6.289475e-02   3.942294e+00  -5.770562e-02   4.064715e+00   6.471490e-02
14.9	   4.053804e+00   5.380410e-02   3.942099e+00  -5.790140e-02   4.064031e+00   6.403127e-02   3.941411e+00  -5.858851e-02   4.067901e+00   6.790083e-02
15	   4.060616e+00   6.061620e-02   3.946794e+00  -5.320616e-02   4.058348e+00   5.834794e-02   3.945630e+00  -5.437017e-02   4.063560e+00   6.356022e-02
15.1	   4.062255e+00   6.225501e-02   3.955428e+00  -4.457244e-02   4.047245e+00   4.724462e-02   3.954069e+00  -4.593115e-02   4.052845e+00   5.284542e-02
15.2	   4.057940e+00   5.793965e-02   3.966992e+00  -3.300819e-02   4.033602e+00   3.360203e-02   3.965349e+00  -3.465117e-02   4.038890e+00   3.889007e-02
15.3	   4.047878e+00   4.787838e-02   3.981389e+00  -1.861069e-02   4.017399e+00   1.739930e-02   3.979563e+00  -2.043692e-02   4.022511e+00   2.251139e-02
15.4	   4.034504e+00   3.450400e-02   3.997700e+00  -2.300068e-03   4.000250e+00   2.504936e-04   3.995774e+00  -4.226228e-03   4.004577e+00   4.576962e-03
15.5	   4.018521e+00   1.852059e-02   4.014584e+00   1.458425e-02   3.983631e+00  -1.636939e-02   4.012738e+00   1.273805e-02   3.986686e+00  -1.331437e-02
15.6	   4.001771e+00   1.771103e-03   4.030665e+00   3.066459e-02   3.968799e+00  -3.120115e-02   4.029132e+00   2.913158e-02   3.970281e+00  -2.971915e-02
15.7	   3.985458e+00  -1.454218e-02   4.044508e+00   4.450844e-02   3.956717e+00  -4.328258e-02   4.043419e+00   4.341934e-02   3.956531e+00  -4.346889e-02
15.8	   3.970381e+00  -2.961861e-02   4.055841e+00   5.584143e-02   3.947530e+00  -5.246998e-02   4.055267e+00   5.526663e-02   3.945571e+00  -5.442857e-02
15.9	   3.957737e+00  -4.226313e-02   4.062764e+00   6.276361e-02   3.942100e+00  -5.789972e-02   4.063045e+00   6.304453e-02   3.938502e+00  -6.149823e-02
16	   3.948267e+00  -5.173338e-02   4.063241e+00   6.324055e-02   3.941530e+00  -5.846964e-02   4.064564e+00   6.456401e-02   3.936931e+00  -6.306859e-02
16.1	   3.942691e+00  -5.730895e-02   4.057055e+00   5.705451e-02   3.946024e+00  -5.397646e-02   4.059230e+00   5.923025e-02   3.941297e+00  -5.870314e-02
16.2	   3.941871e+00  -5.812868e-02   4.046061e+00   4.606115e-02   3.954596e+00  -4.540404e-02   4.048369e+00   4.836865e-02   3.950703e+00  -4.929713e-02
16.3	   3.946086e+00  -5.391367e-02   4.032635e+00   3.263458e-02   3.966049e+00  -3.395122e-02   4.034937e+00   3.493749e-02   3.963027e+00  -3.697316e-02
16.4	   3.954431e+00  -4.556896e-02   4.016668e+00   1.666818e-02   3.980449e+00  -1.955065e-02   4.018898e+00   1.889805e-02   3.978372e+00  -2.162833e-02
16.5	   3.965592e+00  -3.440751e-02   3.999602e+00  -3.982885e-04   3.996851e+00  -3.148823e-03   4.001670e+00   1.670066e-03   3.995795e+00  -4.205183e-03
16.6	   3.979713e+00  -2.028721e-02   3.983020e+00  -1.697976e-02   4.013958e+00   1.395807e-02   3.984748e+00  -1.525245e-02   4.013832e+00   1.383238e-02
16.7	   3.995896e+00  -4.103912e-03   3.968285e+00  -3.171548e-02   4.030340e+00   3.034021e-02   3.969467e+00  -3.053336e-02   4.030945e+00   3.094546e-02
16.8	   4.012804e+00   1.280355e-02   3.956391e+00  -4.360948e-02   4.044406e+00   4.440616e-02   3.956887e+00  -4.311276e-02   4.045493e+00   4.549283e-02
16.9	   4.029135e+00   2.913486e-02   3.947515e+00  -5.248482e-02   4.055899e+00   5.589888e-02   3.947215e+00  -5.278510e-02   4.057278e+00   5.727777e-02
17	   4.042992e+00   4.299174e-02   3.942452e+00  -5.754810e-02   4.063054e+00   6.305437e-02   3.941341e+00  -5.865894e-02   4.064248e+00   6.424796e-02
17.1	   4.053835e+00   5.383510e-02   3.942201e+00  -5.779906e-02   4.063942e+00   6.394224e-02   3.940502e+00  -5.949799e-02   4.064573e+00   6.457345e-02
17.2	   4.060654e+00   6.065388e-02   3.946907e+00  -5.309259e-02   4.058145e+00   5.814537e-02   3.944956e+00  -5.504370e-02   4.058239e+00   5.823877e-02
17.3	   4.062291e+00   6.229137e-02   3.955524e+00  -4.447575e-02   4.047087e+00   4.708664e-02   3.953727e+00  -4.627350e-02   4.047060e+00   4.706029e-02
17.4	   4.057980e+00   5.797987e-02   3.967077e+00  -3.292269e-02   4.033534e+00   3.353368e-02   3.965230e+00  -3.476964e-02   4.033818e+00   3.381792e-02
17.5	   4.047927e+00   4.792743e-02   3.981465e+00  -1.853478e-02   4.017410e+00   1.741018e-02   3.979633e+00  -2.036662e-02   4.018299e+00   1.829862e-02
17.6	   4.034563e+00   3.456337e-02   3.997772e+00  -2.227710e-03   4.000294e+00   2.935303e-04   3.995980e+00  -4.019833e-03   4.001825e+00   1.824577e-03
17.7	   4.018575e+00   1.857477e-02   4.014656e+00   1.465628e-02   3.983653e+00  -1.634707e-02   4.013018e+00   1.301767e-02   3.985641e+00  -1.435913e-02
17.8	   4.001812e+00   1.811871e-03   4.030731e+00   3.073141e-02   3.968767e+00  -3.123305e-02   4.029419e+00   2.941873e-02   3.970904e+00  -2.909621e-02
17.9	   3.985495e+00  -1.450516e-02   4.044558e+00   4.455811e-02   3.956626e+00  -4.337373e-02   4.043663e+00   4.366263e-02   3.958557e+00  -4.144287e-02
18	   3.970431e+00  -2.956867e-02   4.055870e+00   5.586986e-02   3.947382e+00  -5.261848e-02   4.055445e+00   5.544471e-02   3.948981e+00  -5.101852e-02
18.1	   3.957794e+00  -4.220584e-02   4.062777e+00   6.277671e-02   3.941930e+00  -5.807044e-02   4.063069e+00   6.306907e-02   3.942760e+00  -5.723997e-02
18.2	   3.948323e+00  -5.167706e-02   4.063250e+00   6.325024e-02   3.941391e+00  -5.860911e-02   4.064399e+00   6.439933e-02   3.941196e+00  -5.880428e-02
18.3	   3.942738e+00  -5.726241e-02   4.057043e+00   5.704279e-02   3.945948e+00  -5.405242e-02   4.058921e+00   5.892109e-02   3.944763e+00  -5.523669e-02
18.4	   3.941912e+00  -5.808792e-02   4.046018e+00   4.601759e-02   3.954584e+00  -4.541637e-02   4.048015e+00   4.801549e-02   3.952846e+00  -4.715418e-02
18.5	   3.946126e+00  -5.387412e-02   4.032568e+00   3.256826e-02   3.966066e+00  -3.393448e-02   4.034630e+00   3.463026e-02   3.963792e+00  -3.620823e-02
18.6	   3.954469e+00  -4.553128e-02   4.016599e+00   1.659856e-02   3.980464e+00  -1.953633e-02   4.018648e+00   1.864786e-02   3.977896e+00  -2.210408e-02
18.7	   3.965629e+00  -3.437110e-02   3.999531e+00  -4.694681e-04   3.996836e+00  -3.164175e-03   4.001500e+00   1.499766e-03   3.994238e+00  -5.762007e-03
18.8	   3.979733e+00  -2.026715e-02   3.982942e+00  -1.705759e-02   4.013905e+00   1.390460e-02   3.984661e+00  -1.533902e-02   4.011573e+00   1.157296e-02
18.9	   3.995895e+00  -4.105457e-03   3.968199e+00  -3.180131e-02   4.030261e+00   3.026107e-02   3.969463e+00  -3.053723e-02   4.028504e+00   2.850361e-02
19	   4.012788e+00   1.278830e-02   3.956301e+00  -4.369931e-02   4.044330e+00   4.432969e-02   3.956966e+00  -4.303447e-02   4.043376e+00   4.337576e-02
19.1	   4.029105e+00   2.910518e-02   3.947421e+00  -5.257908e-02   4.055849e+00   5.584871e-02   3.947393e+00  -5.260675e-02   4.055807e+00   5.580678e-02
19.2	   4.042947e+00   4.294750e-02   3.942363e+00  -5.763673e-02   4.063054e+00   6.305424e-02   3.941625e+00  -5.837538e-02   4.064024e+00   6.402408e-02
19.3	   4.053773e+00   5.377312e-02   3.942124e+00  -5.787561e-02   4.063971e+00   6.397111e-02   3.940872e+00  -5.912773e-02   4.065678e+00   6.567806e-02
19.4	   4.060571e+00   6.057061e-02   3.946846e+00  -5.315377e-02   4.058141e+00   5.814114e-02   3.945349e+00  -5.465053e-02   4.060223e+00   6.022301e-02
19.5	   4.062191e+00   6.219110e-02   3.955478e+00  -4.452248e-02   4.047026e+00   4.702567e-02   3.954049e+00  -4.595050e-02   4.049151e+00   4.915086e-02
19.6	   4.057881e+00   5.788115e-02   3.967034e+00  -3.296644e-02   4.033451e+00   3.345054e-02   3.965501e+00  -3.449931e-02   4.035562e+00   3.556151e-02
19.7	   4.047847e+00   4.784696e-02   3.981422e+00  -1.857779e-02   4.017357e+00   1.735715e-02   3.979806e+00  -2.019369e-02   4.019502e+00   1.950203e-02
19.8	   4.034494e+00   3.449411e-02   3.997736e+00  -2.264127e-03   4.000304e+00   3.039671e-04   3.996036e+00  -3.964259e-03   4.002262e+00   2.262205e-03
19.9	   4.018499e+00   1.849864e-02   4.014643e+00   1.464304e-02   3.983725e+00  -1.627518e-02   4.012984e+00   1.298422e-02   3.985285e+00  -1.471527e-02
20	   4.001724e+00   1.724122e-03   4.030746e+00   3.074581e-02   3.968873e+00  -3.112733e-02   4.029379e+00   2.937943e-02   3.969876e+00  -3.012355e-02
20.1	   3.985412e+00  -1.458779e-02   4.044586e+00   4.458643e-02   3.956743e+00  -4.325717e-02   4.043720e+00   4.371990e-02   3.957095e+00  -4.290533e-02
20.2	   3.970366e+00  -2.963361e-02   4.055905e+00   5.590486e-02   3.947515e+00  -5.248537e-02   4.055692e+00   5.569210e-02   3.947157e+00  -5.284325e-02
20.3	   3.957747e+00  -4.225330e-02   4.062818e+00   6.281751e-02   3.942076e+00  -5.792446e-02   4.063491e+00   6.349130e-02   3.940946e+00  -5.905375e-02
20.4	   3.948286e+00  -5.171401e-02   4.063297e+00   6.329693e-02   3.941555e+00  -5.844498e-02   4.064815e+00   6.481508e-02   3.939788e+00  -6.021154e-02
20.5	   3.942710e+00  -5.729043e-02   4.057092e+00   5.709150e-02   3.946139e+00  -5.386146e-02   4.059077e+00   5.907679e-02   3.944013e+00  -5.598664e-02
20.6	   3.941892e+00  -5.810816e-02   4.046058e+00   4.605810e-02   3.954776e+00  -4.522371e-02   4.047814e+00   4.781369e-02   3.952781e+00  -4.721934e-02
20.7	   3.946118e+00  -5.388150e-02   4.032612e+00   3.261221e-02   3.966264e+00  -3.373550e-02   4.034141e+00   3.414081e-02   3.964240e+00  -3.575955e-02
20.8	   3.954485e+00  -4.551466e-02   4.016659e+00   1.665906e-02   3.980630e+00  -1.937004e-02   4.018014e+00   1.801362e-02   3.978675e+00  -2.132496e-02
20.9	   3.965668e+00  -3.433188e-02   3.999614e+00  -3.861142e-04   3.996943e+00  -3.057331e-03   4.000922e+00   9.215559e-04   3.995099e+00  -4.900627e-03
21	   3.979781e+00  -2.021862e-02   3.983045e+00  -1.695516e-02   4.013961e+00   1.396133e-02   3.984275e+00  -1.572455e-02   4.012259e+00   1.225896e-02
21.1	   3.995950e+00  -4.050446e-03   3.968313e+00  -3.168699e-02   4.030303e+00   3.030268e-02   3.969301e+00  -3.069913e-02   4.028838e+00   2.883836e-02
21.2	   4.012857e+00   1.285691e-02   3.956424e+00  -4.357601e-02   4.044369e+00   4.436908e-02   3.956967e+00  -4.303333e-02   4.043329e+00   4.332895e-02
21.3	   4.029189e+00   2.918852e-02   3.947563e+00  -5.243692e-02   4.055854e+00   5.585375e-02   3.947457e+00  -5.254296e-02   4.055445e+00   5.544518e-02
21.4	   4.043042e+00   4.304195e-02   3.942514e+00  -5.748599e-02   4.062957e+00   6.295656e-02   3.941624e+00  -5.837599e-02   4.063568e+00   6.356825e-02
21.5	   4.053893e+00   5.389256e-02   3.942269e+00  -5.773101e-02   4.063772e+00   6.377168e-02   3.940696e+00  -5.930430e-02   4.065397e+00   6.539652e-02
21.6	   4.060707e+00   6.070722e-02   3.946968e+00  -5.303197e-02   4.057907e+00   5.790724e-02   3.944995e+00  -5.500478e-02   4.060247e+00   6.024695e-02
21.7	   4.062329e+00   6.232893e-02   3.955558e+00  -4.444207e-02   4.046813e+00   4.681311e-02   3.953661e+00  -4.633915e-02   4.049420e+00   4.941969e-02
21.8	   4.058010e+00   5.800987e-02   3.967079e+00  -3.292067e-02   4.033207e+00   3.320678e-02   3.965155e+00  -3.484452e-02   4.035938e+00   3.593757e-02
21.9	   4.047956e+00   4.795606e-02   3.981431e+00  -1.856872e-02   4.017068e+00   1.706830e-02   3.979650e+00  -2.034952e-02   4.019932e+00   1.993156e-02
22	   4.034588e+00   3.458831e-02   3.997709e+00  -2.291130e-03   3.999992e+00  -7.783309e-06   3.996156e+00  -3.843970e-03   4.002693e+00   2.693038e-03
22.1	   4.018569e+00   1.856944e-02   4.014578e+00   1.457820e-02   3.983426e+00  -1.657356e-02   4.013354e+00   1.335415e-02   3.985711e+00  -1.428926e-02
22.2	   4.001764e+00   1.764198e-03   4.030647e+00   3.064677e-02   3.968613e+00  -3.138722e-02   4.029858e+00   2.985799e-02   3.970311e+00  -2.968863e-02
22.3	   3.985435e+00  -1.456457e-02   4.044455e+00   4.445463e-02   3.956526e+00  -4.347428e-02   4.044145e+00   4.414495e-02   3.957544e+00  -4.245636e-02
22.4	   3.970385e+00  -2.961530e-02   4.055720e+00   5.572020e-02   3.947316e+00  -5.268382e-02   4.056007e+00   5.600666e-02   3.947675e+00  -5.232476e-02
22.5	   3.957754e+00  -4.224562e-02   4.062590e+00   6.259026e-02   3.941914e+00  -5.808582e-02   4.063691e+00   6.369107e-02   3.941482e+00  -5.851785e-02
22.6	   3.948270e+00  -5.172951e-02   4.063050e+00   6.305042e-02   3.941447e+00  -5.855346e-02   4.065027e+00   6.502745e-02   3.940262e+00  -5.973819e-02
22.7	   3.942664e+00  -5.733640e-02   4.056843e+00   5.684285e-02   3.946096e+00  -5.390351e-02   4.059419e+00   5.941884e-02   3.944342e+00  -5.565840e-02
22.8	   3.941816e+00  -5.818399e-02   4.045837e+00   4.583718e-02   3.954807e+00  -4.519282e-02   4.048245e+00   4.824502e-02   3.952903e+00  -4.709744e-02
22.9	   3.946022e+00  -5.397758e-02   4.032381e+00   3.238088e-02   3.966367e+00  -3.363258e-02   4.034588e+00   3.458794e-02   3.964169e+00  -3.583050e-02
23	   3.954384e+00  -4.561605e-02   4.016431e+00   1.643125e-02   3.980802e+00  -1.919798e-02   4.018433e+00   1.843267e-02   3.978429e+00  -2.157083e-02
23.1	   3.965551e+00  -3.444920e-02   3.999404e+00  -5.959019e-04   3.997173e+00  -2.826997e-03   4.001260e+00   1.259835e-03   3.994724e+00  -5.275886e-03
23.2	   3.979643e+00  -2.035677e-02   3.982863e+00  -1.713679e-02   4.014237e+00   1.423723e-02   3.984526e+00  -1.547390e-02   4.011814e+00   1.181435e-02
23.3	   3.995788e+00  -4.212058e-03   3.968170e+00  -3.182991e-02   4.030615e+00   3.061484e-02   3.969482e+00  -3.051850e-02   4.028372e+00   2.837156e-02
23.4	   4.012680e+00   1.268034e-02   3.956332e+00  -4.366824e-02   4.044722e+00   4.472181e-02   3.957098e+00  -4.290212e-02   4.042845e+00   4.284453e-02
23.5	   4.029006e+00   2.900572e-02   3.947525e+00  -5.247542e-02   4.056285e+00   5.628491e-02   3.947564e+00  -5.243628e-02   4.054844e+00   5.484408e-02
23.6	   4.042862e+00   4.286230e-02   3.942542e+00  -5.745826e-02   4.063428e+00   6.342824e-02   3.941694e+00  -5.830558e-02   4.062832e+00   6.283241e-02
23.7	   4.053709e+00   5.370865e-02   3.942368e+00  -5.763217e-02   4.064227e+00   6.422747e-02   3.940715e+00  -5.928536e-02   4.064542e+00   6.454244e-02
23.8	   4.060540e+00   6.053958e-02   3.947135e+00  -5.286490e-02   4.058307e+00   5.830728e-02   3.944935e+00  -5.506516e-02   4.059327e+00   5.932677e-02
23.9	   4.062193e+00   6.219258e-02   3.955759e+00  -4.424072e-02   4.047118e+00   4.711795e-02   3.953514e+00  -4.648640e-02   4.048513e+00   4.851326e-02
24	   4.057923e+00   5.792337e-02   3.967330e+00  -3.266990e-02   4.033463e+00   3.346333e-02   3.964895e+00  -3.510516e-02   4.035112e+00   3.511234e-02
24.1	   4.047930e+00   4.792998e-02   3.981717e+00  -1.828288e-02   4.017280e+00   1.728037e-02   3.979268e+00  -2.073223e-02   4.019129e+00   1.912924e-02
24.2	   4.034612e+00   3.461183e-02   3.998025e+00  -1.975214e-03   4.000155e+00   1.546443e-04   3.995657e+00  -4.343279e-03   4.001992e+00   1.991850e-03
24.3	   4.018633e+00   1.863257e-02   4.014926e+00   1.492617e-02   3.983532e+00  -1.646769e-02   4.012774e+00   1.277423e-02   3.985192e+00  -1.480754e-02
24.4	   4.001860e+00   1.860173e-03   4.031015e+00   3.101478e-02   3.968658e+00  -3.134154e-02   4.029250e+00   2.925034e-02   3.970048e+00  -2.995157e-02
24.5	   3.985562e+00  -1.443834e-02   4.044828e+00   4.482847e-02   3.956503e+00  -4.349665e-02   4.043538e+00   4.353835e-02   3.957586e+00  -4.241411e-02
24.6	   3.970546e+00  -2.945366e-02   4.056120e+00   5.611982e-02   3.947212e+00  -5.278804e-02   4.055338e+00   5.533762e-02   3.948079e+00  -5.192129e-02
24.7	   3.957945e+00  -4.205535e-02   4.062966e+00   6.296620e-02   3.941714e+00  -5.828553e-02   4.062987e+00   6.298716e-02   3.942263e+00  -5.773674e-02
24.8	   3.948500e+00  -5.149972e-02   4.063363e+00   6.336301e-02   3.941148e+00  -5.885218e-02   4.064307e+00   6.430738e-02   3.941322e+00  -5.867760e-02
24.9	   3.942921e+00  -5.707897e-02   4.057075e+00   5.707486e-02   3.945717e+00  -5.428350e-02   4.058731e+00   5.873098e-02   3.945519e+00  -5.448089e-02
25	   3.942096e+00  -5.790370e-02   4.045970e+00   4.596970e-02   3.954408e+00  -4.559150e-02   4.047700e+00   4.769954e-02   3.953939e+00  -4.606134e-02
25.1	   3.946305e+00  -5.369516e-02   4.032450e+00   3.244979e-02   3.965912e+00  -3.408782e-02   4.034201e+00   3.420055e-02   3.965163e+00  -3.483663e-02
25.2	   3.954639e+00  -4.536077e-02   4.016436e+00   1.643621e-02   3.980317e+00  -1.968281e-02   4.018206e+00   1.820575e-02   3.979329e+00  -2.067115e-02
25.3	   3.965805e+00  -3.419455e-02   3.999341e+00  -6.590738e-04   3.996677e+00  -3.323148e-03   4.001215e+00   1.214671e-03   3.995537e+00  -4.462533e-03
25.4	   3.979877e+00  -2.012268e-02   3.982729e+00  -1.727109e-02   4.013742e+00   1.374157e-02   3.984661e+00  -1.533857e-02   4.012589e+00   1.258929e-02
25.5	   3.995991e+00  -4.009120e-03   3.967969e+00  -3.203134e-02   4.030135e+00   3.013543e-02   3.969789e+00  -3.021072e-02   4.029166e+00   2.916590e-02
25.6	   4.012841e+00   1.284138e-02   3.956057e+00  -4.394251e-02   4.044258e+00   4.425800e-02   3.957560e+00  -4.244025e-02   4.043676e+00   4.367567e-02
25.7	   4.029108e+00   2.910816e-02   3.947143e+00  -5.285685e-02   4.055803e+00   5.580326e-02   3.948237e+00  -5.176321e-02   4.055751e+00   5.575127e-02
25.8	   4.042890e+00   4.289002e-02   3.942074e+00  -5.792601e-02   4.062989e+00   6.298885e-02   3.942552e+00  -5.744751e-02   4.063532e+00   6.353162e-02
25.9	   4.053653e+00   5.365348e-02   3.941846e+00  -5.815446e-02   4.063883e+00   6.388288e-02   3.941690e+00  -5.831012e-02   4.064730e+00   6.472968e-02
26	   4.060385e+00   6.038483e-02   3.946594e+00  -5.340556e-02   4.058083e+00   5.808282e-02   3.945951e+00  -5.404887e-02   4.058878e+00   5.887822e-02
26.1	   4.061943e+00   6.194289e-02   3.955272e+00  -4.472824e-02   4.047024e+00   4.702391e-02   3.954407e+00  -4.559310e-02   4.047621e+00   4.762065e-02
26.2	   4.057602e+00   5.760197e-02   3.966838e+00  -3.316180e-02   4.033486e+00   3.348580e-02   3.965771e+00  -3.422908e-02   4.034004e+00   3.400407e-02
26.3	   4.047587e+00   4.758698e-02   3.981250e+00  -1.874968e-02   4.017423e+00   1.742326e-02   3.980071e+00  -1.992925e-02   4.017920e+00   1.792036e-02
26.4	   4.034252e+00   3.425155e-02   3.997605e+00  -2.395177e-03   4.000424e+00   4.237383e-04   3.996343e+00  -3.657177e-03   4.000810e+00   8.097688e-04
26.5	   4.018242e+00   1.824226e-02   4.014568e+00   1.456768e-02   3.983932e+00  -1.606809e-02   4.013301e+00   1.330060e-02   3.984065e+00  -1.593519e-02
26.6	   4.001453e+00   1.452739e-03   4.030736e+00   3.073627e-02   3.969179e+00  -3.082131e-02   4.029588e+00   2.958784e-02   3.968937e+00  -3.106269e-02
26.7	   3.985159e+00  -1.484066e-02   4.044640e+00   4.463968e-02   3.957123e+00  -4.287712e-02   4.043675e+00   4.367493e-02   3.956442e+00  -4.355846e-02
26.8	   3.970161e+00  -2.983871e-02   4.056015e+00   5.601527e-02   3.947979e+00  -5.202123e-02   4.055251e+00   5.525120e-02   3.946732e+00  -5.326835e-02
26.9	   3.957579e+00  -4.242098e-02   4.062984e+00   6.298395e-02   3.942566e+00  -5.743409e-02   4.062597e+00   6.259700e-02   3.940804e+00  -5.919570e-02
27	   3.948129e+00  -5.187060e-02   4.063518e+00   6.351772e-02   3.942001e+00  -5.799905e-02   4.063589e+00   6.358914e-02   3.939941e+00  -6.005876e-02
27.1	   3.942579e+00  -5.742104e-02   4.057346e+00   5.734601e-02   3.946496e+00  -5.350442e-02   4.057743e+00   5.774297e-02   3.944433e+00  -5.556712e-02
27.2	   3.941798e+00  -5.820214e-02   4.046295e+00   4.629544e-02   3.955013e+00  -4.498653e-02   4.046653e+00   4.665306e-02   3.953367e+00  -4.663299e-02
27.3	   3.946072e+00  -5.392843e-02   4.032862e+00   3.286235e-02   3.966420e+00  -3.357962e-02   4.033060e+00   3.306006e-02   3.965047e+00  -3.495294e-02
27.4	   3.954507e+00  -4.549275e-02   4.016924e+00   1.692438e-02   3.980692e+00  -1.930799e-02   4.016971e+00   1.697116e-02   3.979710e+00  -2.029003e-02
27.5	   3.965754e+00  -3.424591e-02   3.999894e+00  -1.058212e-04   3.996897e+00  -3.103072e-03   3.999934e+00  -6.644177e-05   3.996363e+00  -3.636846e-03
27.6	   3.979918e+00  -2.008188e-02   3.983332e+00  -1.666780e-02   4.013789e+00   1.378926e-02   3.983387e+00  -1.661279e-02   4.013725e+00   1.372543e-02
27.7	   3.996133e+00  -3.867100e-03   3.968603e+00  -3.139734e-02   4.029996e+00   2.999603e-02   3.968583e+00  -3.141656e-02   4.030448e+00   3.044843e-02
27.8	   4.013090e+00   1.308979e-02   3.956705e+00  -4.329453e-02   4.043912e+00   4.391191e-02   3.956490e+00  -4.350985e-02   4.045037e+00   4.503671e-02
27.9	   4.029458e+00   2.945833e-02   3.947843e+00  -5.215707e-02   4.055175e+00   5.517506e-02   3.947258e+00  -5.274186e-02   4.057365e+00   5.736501e-02
28	   4.043340e+00   4.333974e-02   3.942748e+00  -5.725174e-02   4.062096e+00   6.209562e-02   3.941805e+00  -5.819502e-02   4.065372e+00   6.537247e-02
28.1	   4.054248e+00   5.424833e-02   3.942415e+00  -5.758491e-02   4.062799e+00   6.279903e-02   3.941271e+00  -5.872872e-02   4.066712e+00   6.671214e-02
28.2	   4.061086e+00   6.108600e-02   3.947001e+00  -5.299856e-02   4.056902e+00   5.690246e-02   3.945883e+00  -5.411680e-02   4.060784e+00   6.078396e-02
28.3	   4.062682e+00   6.268182e-02   3.955480e+00  -4.451959e-02   4.045955e+00   4.595547e-02   3.954636e+00  -4.536400e-02   4.049148e+00   4.914769e-02
28.4	   4.058304e+00   5.830442e-02   3.966890e+00  -3.311018e-02   4.032373e+00   3.237273e-02   3.966281e+00  -3.371851e-02   4.035060e+00   3.505992e-02
28.5	   4.048166e+00   4.816552e-02   3.981124e+00  -1.887633e-02   4.016314e+00   1.631422e-02   3.980857e+00  -1.914287e-02   4.018573e+00   1.857272e-02
28.6	   4.034729e+00   3.472865e-02   3.997292e+00  -2.707567e-03   3.999382e+00  -6.176554e-04   3.997385e+00  -2.615180e-03   4.001046e+00   1.045969e-03
28.7	   4.018628e+00   1.862798e-02   4.014072e+00   1.407223e-02   3.983009e+00  -1.699127e-02   4.014552e+00   1.455230e-02   3.983921e+00  -1.607905e-02
28.8	   4.001726e+00   1.725555e-03   4.030068e+00   3.006799e-02   3.968415e+00  -3.158453e-02   4.030979e+00   3.097899e-02   3.968446e+00  -3.155425e-02
28.9	   3.985316e+00  -1.468443e-02   4.043801e+00   4.380124e-02   3.956554e+00  -4.344643e-02   4.045168e+00   4.516819e-02   3.955615e+00  -4.438531e-02
29	   3.970205e+00  -2.979483e-02   4.054916e+00   5.491617e-02   3.947594e+00  -5.240610e-02   4.056958e+00   5.695848e-02   3.945450e+00  -5.454969e-02
29.1	   3.957521e+00  -4.247935e-02   4.061703e+00   6.170272e-02   3.942443e+00  -5.755738e-02   4.064328e+00   6.432849e-02   3.939103e+00  -6.089670e-02
29.2	   3.947937e+00  -5.206269e-02   4.062183e+00   6.218318e-02   3.942173e+00  -5.782661e-02   4.065137e+00   6.513742e-02   3.937948e+00  -6.205158e-02
29.3	   3.942243e+00  -5.775683e-02   4.056091e+00   5.609080e-02   3.946946e+00  -5.305431e-02   4.058934e+00   5.893448e-02   3.942315e+00  -5.768530e-02
29.4	   3.941337e+00  -5.866326e-02   4.045305e+00   4.530513e-02   3.955627e+00  -4.437318e-02   4.047342e+00   4.734214e-02   3.951392e+00  -4.860779e-02
29.5	   3.945521e+00  -5.447950e-02   4.031963e+00   3.196278e-02   3.967234e+00  -3.276615e-02   4.033388e+00   3.338769e-02   3.963216e+00  -3.678409e-02
29.6	   3.953930e+00  -4.606982e-02   4.016143e+00   1.614252e-02   3.981672e+00  -1.832821e-02   4.016954e+00   1.695383e-02   3.978033e+00  -2.196735e-02
29.7	   3.965086e+00  -3.491418e-02   3.999262e+00  -7.381754e-04   3.998001e+00  -1.998718e-03   3.999572e+00  -4.284797e-04   3.994949e+00  -5.051431e-03
29.8	   3.979173e+00  -2.082651e-02   3.982884e+00  -1.711623e-02   4.014965e+00   1.496499e-02   3.982689e+00  -1.731143e-02   4.012667e+00   1.266723e-02
29.9	   3.995328e+00  -4.671825e-03   3.968359e+00  -3.164073e-02   4.031169e+00   3.116924e-02   3.967563e+00  -3.243734e-02   4.029806e+00   2.980551e-02
30	   4.012261e+00   1.226147e-02   3.956687e+00  -4.331266e-02   4.045051e+00   4.505123e-02   3.955157e+00  -4.484315e-02   4.044838e+00   4.483837e-02
30.1	   4.028648e+00   2.864836e-02   3.948087e+00  -5.191341e-02   4.056345e+00   5.634469e-02   3.945493e+00  -5.450702e-02   4.057668e+00   5.766775e-02
30.2	   4.042589e+00   4.258925e-02   3.943276e+00  -5.672371e-02   4.063125e+00   6.312515e-02   3.939729e+00  -6.027092e-02   4.066226e+00   6.622638e-02
30.3	   4.053529e+00   5.352921e-02   3.943194e+00  -5.680581e-02   4.063546e+00   6.354551e-02   3.939088e+00  -6.091205e-02   4.068041e+00   6.804136e-02
30.4	   4.060499e+00   6.049853e-02   3.947962e+00  -5.203818e-02   4.057282e+00   5.728174e-02   3.943811e+00  -5.618893e-02   4.062447e+00   6.244652e-02
30.5	   4.062290e+00   6.228961e-02   3.956455e+00  -4.354506e-02   4.045961e+00   4.596147e-02   3.953012e+00  -4.698755e-02   4.050953e+00   5.095308e-02
30.6	   4.058156e+00   5.815564e-02   3.967971e+00  -3.202947e-02   4.032069e+00   3.206863e-02   3.964862e+00  -3.513757e-02   4.036839e+00   3.683909e-02
30.7	   4.048260e+00   4.825983e-02   3.982270e+00  -1.773044e-02   4.015712e+00   1.571223e-02   3.979723e+00  -2.027750e-02   4.020459e+00   2.045932e-02
30.8	   4.035005e+00   3.500523e-02   3.998441e+00  -1.558965e-03   3.998509e+00  -1.491399e-03   3.996587e+00  -3.412534e-03   4.002900e+00   2.899837e-03
30.9	   4.019066e+00   1.906603e-02   4.015154e+00   1.515397e-02   3.981902e+00  -1.809760e-02   4.014141e+00   1.414147e-02   3.985606e+00  -1.439389e-02
31	   4.002294e+00   2.293933e-03   4.031018e+00   3.101810e-02   3.967118e+00  -3.288152e-02   4.030973e+00   3.097315e-02   3.969847e+00  -3.015329e-02
31.1	   3.985980e+00  -1.402007e-02   4.044571e+00   4.457123e-02   3.955100e+00  -4.489953e-02   4.045585e+00   4.558533e-02   3.956639e+00  -4.336107e-02
31.2	   3.970936e+00  -2.906390e-02   4.055499e+00   5.549854e-02   3.945896e+00  -5.410445e-02   4.057908e+00   5.790817e-02   3.946072e+00  -5.392809e-02
31.3	   3.958280e+00  -4.172019e-02   4.061955e+00   6.195478e-02   3.940651e+00  -5.934939e-02   4.065804e+00   6.580400e-02   3.939133e+00  -6.086664e-02
31.4	   3.948767e+00  -5.123346e-02   4.062037e+00   6.203689e-02   3.940470e+00  -5.953017e-02   4.066989e+00   6.698853e-02   3.937305e+00  -6.269541e-02
31.5	   3.943069e+00  -5.693112e-02   4.055571e+00   5.557149e-02   3.945481e+00  -5.451871e-02   4.060944e+00   6.094360e-02   3.941054e+00  -5.894554e-02
31.6	   3.942096e+00  -5.790443e-02   4.044572e+00   4.457150e-02   3.954590e+00  -4.540973e-02   4.049256e+00   4.925556e-02   3.949679e+00  -5.032089e-02
31.7	   3.946157e+00  -5.384289e-02   4.030968e+00   3.096768e-02   3.966470e+00  -3.353014e-02   4.035144e+00   3.514400e-02   3.961280e+00  -3.872044e-02
31.8	   3.954377e+00  -4.562327e-02   4.014921e+00   1.492129e-02   3.981232e+00  -1.876802e-02   4.018643e+00   1.864308e-02   3.975780e+00  -2.422033e-02
31.9	   3.965394e+00  -3.460553e-02   3.997868e+00  -2.131594e-03   3.997910e+00  -2.090255e-03   4.001089e+00   1.089296e-03   3.992495e+00  -7.504982e-03
32	   3.979304e+00  -2.069605e-02   3.981381e+00  -1.861909e-02   4.015229e+00   1.522949e-02   3.983933e+00  -1.606688e-02   4.010191e+00   1.019084e-02
32.1	   3.995246e+00  -4.753653e-03   3.966811e+00  -3.318854e-02   4.031765e+00   3.176518e-02   3.968446e+00  -3.155380e-02   4.027469e+00   2.746932e-02
32.2	   4.011925e+00   1.192501e-02   3.955128e+00  -4.487192e-02   4.045976e+00   4.597572e-02   3.955625e+00  -4.437496e-02   4.042749e+00   4.274912e-02
32.3	   4.028033e+00   2.803340e-02   3.946431e+00  -5.356937e-02   4.057709e+00   5.770882e-02   3.945476e+00  -5.452356e-02   4.055671e+00   5.567149e-02
32.4	   4.041698e+00   4.169810e-02   3.941685e+00  -5.831514e-02   4.064853e+00   6.485313e-02   3.939112e+00  -6.088752e-02   4.064668e+00   6.466792e-02
32.5	   4.052267e+00   5.226683e-02   3.941832e+00  -5.816835e-02   4.065454e+00   6.545360e-02   3.937878e+00  -6.212230e-02   4.067156e+00   6.715620e-02
32.6	   4.058923e+00   5.892266e-02   3.946940e+00  -5.306034e-02   4.059147e+00   5.914725e-02   3.942133e+00  -5.786728e-02   4.062348e+00   6.234848e-02
32.7	   4.060554e+00   6.055378e-02   3.955872e+00  -4.412824e-02   4.047461e+00   4.746059e-02   3.951103e+00  -4.889691e-02   4.051584e+00   5.158400e-02
32.8	   4.056448e+00   5.644819e-02   3.967725e+00  -3.227452e-02   4.033390e+00   3.339030e-02   3.962847e+00  -3.715330e-02   4.038021e+00   3.802142e-02
32.9	   4.046811e+00   4.681090e-02   3.982387e+00  -1.761298e-02   4.016818e+00   1.681845e-02   3.977570e+00  -2.242978e-02   4.022215e+00   2.221512e-02
33	   4.033745e+00   3.374452e-02   3.998930e+00  -1.069959e-03   3.999323e+00  -6.768430e-04   3.994411e+00  -5.589137e-03   4.005101e+00   5.101031e-03
33.1	   4.017968e+00   1.796819e-02   4.016007e+00   1.600725e-02   3.982367e+00  -1.763342e-02   4.012064e+00   1.206376e-02   3.988094e+00  -1.190604e-02
33.2	   4.001414e+00   1.414189e-03   4.032192e+00   3.219179e-02   3.967191e+00  -3.280851e-02   4.029117e+00   2.911716e-02   3.972452e+00  -2.754757e-02
33.3	   3.985337e+00  -1.466264e-02   4.046068e+00   4.606809e-02   3.954752e+00  -4.524807e-02   4.044027e+00   4.402700e-02   3.959179e+00  -4.082098e-02
33.4	   3.970537e+00  -2.946307e-02   4.057441e+00   5.744095e-02   3.945033e+00  -5.496724e-02   4.056597e+00   5.659667e-02   3.948676e+00  -5.132364e-02
33.5	   3.958117e+00  -4.188331e-02   4.064129e+00   6.412882e-02   3.939286e+00  -6.071440e-02   4.065009e+00   6.500906e-02   3.941437e+00  -5.856327e-02
33.6	   3.948849e+00  -5.115101e-02   4.064177e+00   6.417745e-02   3.938726e+00  -6.127412e-02   4.066858e+00   6.685811e-02   3.938962e+00  -6.103817e-02
33.7	   3.943416e+00  -5.658425e-02   4.057441e+00   5.744138e-02   3.943534e+00  -5.646628e-02   4.061479e+00   6.147866e-02   3.941841e+00  -5.815931e-02
33.8	   3.942668e+00  -5.733228e-02   4.045894e+00   4.589426e-02   3.952795e+00  -4.720536e-02   4.050322e+00   5.032177e-02   3.949568e+00  -5.043191e-02
33.9	   3.946900e+00  -5.310013e-02   4.031977e+00   3.197683e-02   3.964640e+00  -3.536005e-02   4.036570e+00   3.657029e-02   3.960409e+00  -3.959133e-02
34	   3.955191e+00  -4.480923e-02   4.015566e+00   1.556623e-02   3.979460e+00  -2.053979e-02   4.020488e+00   2.048783e-02   3.974206e+00  -2.579409e-02
34.1	   3.966361e+00  -3.363870e-02   3.998118e+00  -1.881981e-03   3.996293e+00  -3.706952e-03   4.003226e+00   3.226085e-03   3.990313e+00  -9.686855e-03
34.2	   3.980389e+00  -1.961132e-02   3.981228e+00  -1.877228e-02   4.013873e+00   1.387341e-02   3.986234e+00  -1.376605e-02   4.007542e+00   7.541754e-03
34.3	   3.996404e+00  -3.596431e-03   3.966259e+00  -3.374135e-02   4.030745e+00   3.074487e-02   3.970763e+00  -2.923662e-02   4.024506e+00   2.450557e-02
34.4	   4.013077e+00   1.307696e-02   3.954162e+00  -4.583755e-02   4.045318e+00   4.531790e-02   3.957798e+00  -4.220169e-02   4.039675e+00   3.967457e-02
34.5	   4.029099e+00   2.909854e-02   3.944961e+00  -5.503877e-02   4.057462e+00   5.746232e-02   3.947572e+00  -5.242811e-02   4.052213e+00   5.221298e-02
34.6	   4.042579e+00   4.257897e-02   3.939778e+00  -6.022187e-02   4.065184e+00   6.518437e-02   3.940801e+00  -5.919945e-02   4.061228e+00   6.122801e-02
34.7	   4.052956e+00   5.295646e-02   3.939658e+00  -6.034204e-02   4.066380e+00   6.637966e-02   3.938900e+00  -6.109965e-02   4.064257e+00   6.425701e-02
34.8	   4.059274e+00   5.927363e-02   3.944703e+00  -5.529707e-02   4.060538e+00   6.053764e-02   3.942370e+00  -5.763001e-02   4.060411e+00   6.041055e-02
34.9	   4.060485e+00   6.048510e-02   3.953930e+00  -4.606958e-02   4.049083e+00   4.908289e-02   3.950604e+00  -4.939642e-02   4.050726e+00   5.072627e-02
35	   4.055915e+00   5.591506e-02   3.965834e+00  -3.416566e-02   4.035149e+00   3.514915e-02   3.961772e+00  -3.822832e-02   4.038164e+00   3.816362e-02
