           0.1	(   7.556740e-01   0.000000e+00  3.092652e-05) (   3.778370e+00   0.000000e+00  6.319016e-06) (   7.556740e+00   0.000000e+00  1.431713e-06) (   1.133511e+01   0.000000e+00  3.369131e-07) (   1.511348e+01   0.000000e+00  7.957051e-08) 
0.2	(   7.556740e-01   0.000000e+00  1.984282e-04) (   3.778370e+00   0.000000e+00  3.827009e-05) (   7.556740e+00   0.000000e+00  8.658890e-06) (   1.133511e+01   0.000000e+00  2.053438e-06) (   1.511348e+01   0.000000e+00  4.892898e-07) 
0.3	(   7.556740e-01   0.000000e+00  5.702090e-04) (   3.778370e+00   0.000000e+00  1.055134e-04) (   7.556740e+00   0.000000e+00  2.395183e-05) (   1.133511e+01   0.000000e+00  5.742866e-06) (   1.511348e+01   0.000000e+00  1.384679e-06) 
0.4	(   7.556740e-01   0.000000e+00  1.191960e-03) (   3.778370e+00   0.000000e+00  2.151075e-04) (   7.556740e+00   0.000000e+00  4.922969e-05) (   1.133511e+01   0.000000e+00  1.197423e-05) (   1.511348e+01   0.000000e+00  2.930147e-06) 
0.5	(   7.556740e-01   0.000000e+00  2.072024e-03) (   3.778370e+00   0.000000e+00  3.698860e-04) (   7.556740e+00   0.000000e+00  8.575260e-05) (   1.133511e+01   0.000000e+00  2.123430e-05) (   1.511348e+01   0.000000e+00  5.289586e-06) 
0.6	(   7.556740e-01   0.000000e+00  3.169704e-03) (   3.778370e+00   0.000000e+00  5.681583e-04) (   7.556740e+00   0.000000e+00  1.340837e-04) (   1.133511e+01   0.000000e+00  3.392637e-05) (   1.511348e+01   0.000000e+00  8.629265e-06) 
0.7	(   7.556740e-01   0.000000e+00  4.389951e-03) (   3.778370e+00   0.000000e+00  8.050367e-04) (   7.556740e+00   0.000000e+00  1.943969e-04) (   1.133511e+01   0.000000e+00  5.044572e-05) (   1.511348e+01   0.000000e+00  1.313831e-05) 
0.8	(   7.556740e-01   0.000000e+00  5.571011e-03) (   3.778370e+00   0.000000e+00  1.071663e-03) (   7.556740e+00   0.000000e+00  2.662822e-04) (   1.133511e+01   0.000000e+00  7.113308e-05) (   1.511348e+01   0.000000e+00  1.902021e-05) 
0.9	(   7.556740e-01   0.000000e+00  6.486853e-03) (   3.778370e+00   0.000000e+00  1.356597e-03) (   7.556740e+00   0.000000e+00  3.490545e-04) (   1.133511e+01   0.000000e+00  9.634144e-05) (   1.511348e+01   0.000000e+00  2.651054e-05) 
1	(   7.556740e-01   0.000000e+00  6.855956e-03) (   3.778370e+00   0.000000e+00  1.641284e-03) (   7.556740e+00   0.000000e+00  4.406585e-04) (   1.133511e+01   0.000000e+00  1.261652e-04) (   1.511348e+01   0.000000e+00  3.581455e-05) 
1.1	(   7.556740e-01   0.000000e+00  6.408464e-03) (   3.778370e+00   0.000000e+00  1.907083e-03) (   7.556740e+00   0.000000e+00  5.391731e-04) (   1.133511e+01   0.000000e+00  1.607678e-04) (   1.511348e+01   0.000000e+00  4.718351e-05) 
1.2	(   7.556740e-01   0.000000e+00  4.887208e-03) (   3.778370e+00   0.000000e+00  2.132433e-03) (   7.556740e+00   0.000000e+00  6.420656e-04) (   1.133511e+01   0.000000e+00  2.001891e-04) (   1.511348e+01   0.000000e+00  6.086795e-05) 
1.3	(   7.556740e-01   0.000000e+00  2.157089e-03) (   3.778370e+00   0.000000e+00  2.282642e-03) (   7.556740e+00   0.000000e+00  7.437321e-04) (   1.133511e+01   0.000000e+00  2.437408e-04) (   1.511348e+01   0.000000e+00  7.697024e-05) 
1.4	(   7.556740e-01   0.000000e+00 -1.689540e-03) (   3.778370e+00   0.000000e+00  2.325888e-03) (   7.556740e+00   0.000000e+00  8.388558e-04) (   1.133511e+01   0.000000e+00  2.907638e-04) (   1.511348e+01   0.000000e+00  9.561171e-05) 
1.5	(   7.556740e-01   0.000000e+00 -6.303353e-03) (   3.778370e+00   0.000000e+00  2.230703e-03) (   7.556740e+00   0.000000e+00  9.219373e-04) (   1.133511e+01   0.000000e+00  3.405043e-04) (   1.511348e+01   0.000000e+00  1.168957e-04) 
1.6	(   7.556740e-01   0.000000e+00 -1.109388e-02) (   3.778370e+00   0.000000e+00  1.982496e-03) (   7.556740e+00   0.000000e+00  9.903460e-04) (   1.133511e+01   0.000000e+00  3.927857e-04) (   1.511348e+01   0.000000e+00  1.410645e-04) 
1.7	(   7.556740e-01   0.000000e+00 -1.546587e-02) (   3.778370e+00   0.000000e+00  1.559455e-03) (   7.556740e+00   0.000000e+00  1.038593e-03) (   1.133511e+01   0.000000e+00  4.465394e-04) (   1.511348e+01   0.000000e+00  1.681485e-04) 
1.8	(   7.556740e-01   0.000000e+00 -1.890253e-02) (   3.778370e+00   0.000000e+00  9.400045e-04) (   7.556740e+00   0.000000e+00  1.059773e-03) (   1.133511e+01   0.000000e+00  5.000995e-04) (   1.511348e+01   0.000000e+00  1.980175e-04) 
1.9	(   7.556740e-01   0.000000e+00 -2.098927e-02) (   3.778370e+00   0.000000e+00  1.094515e-04) (   7.556740e+00   0.000000e+00  1.046470e-03) (   1.133511e+01   0.000000e+00  5.513725e-04) (   1.511348e+01   0.000000e+00  2.304023e-04) 
2	(   7.556740e-01   0.000000e+00 -2.129952e-02) (   3.778370e+00   0.000000e+00 -9.259157e-04) (   7.556740e+00   0.000000e+00  9.922900e-04) (   1.133511e+01   0.000000e+00  5.984032e-04) (   1.511348e+01   0.000000e+00  2.650117e-04) 
2.1	(   7.556740e-01   0.000000e+00 -1.945875e-02) (   3.778370e+00   0.000000e+00 -2.148953e-03) (   7.556740e+00   0.000000e+00  8.911104e-04) (   1.133511e+01   0.000000e+00  6.386175e-04) (   1.511348e+01   0.000000e+00  3.013353e-04) 
2.2	(   7.556740e-01   0.000000e+00 -1.544929e-02) (   3.778370e+00   0.000000e+00 -3.525206e-03) (   7.556740e+00   0.000000e+00  7.370237e-04) (   1.133511e+01   0.000000e+00  6.691170e-04) (   1.511348e+01   0.000000e+00  3.386619e-04) 
2.3	(   7.556740e-01   0.000000e+00 -9.571101e-03) (   3.778370e+00   0.000000e+00 -5.011559e-03) (   7.556740e+00   0.000000e+00  5.220458e-04) (   1.133511e+01   0.000000e+00  6.860763e-04) (   1.511348e+01   0.000000e+00  3.758983e-04) 
2.4	(   7.556740e-01   0.000000e+00 -2.252668e-03) (   3.778370e+00   0.000000e+00 -6.523465e-03) (   7.556740e+00   0.000000e+00  2.446153e-04) (   1.133511e+01   0.000000e+00  6.866035e-04) (   1.511348e+01   0.000000e+00  4.119975e-04) 
2.5	(   7.556740e-01   0.000000e+00  5.847459e-03) (   3.778370e+00   0.000000e+00 -7.954693e-03) (   7.556740e+00   0.000000e+00 -9.793050e-05) (   1.133511e+01   0.000000e+00  6.664141e-04) (   1.511348e+01   0.000000e+00  4.455024e-04) 
2.6	(   7.556740e-01   0.000000e+00  1.393835e-02) (   3.778370e+00   0.000000e+00 -9.191808e-03) (   7.556740e+00   0.000000e+00 -5.092107e-04) (   1.133511e+01   0.000000e+00  6.205388e-04) (   1.511348e+01   0.000000e+00  4.744922e-04) 
2.7	(   7.556740e-01   0.000000e+00  2.136183e-02) (   3.778370e+00   0.000000e+00 -1.006875e-02) (   7.556740e+00   0.000000e+00 -9.819165e-04) (   1.133511e+01   0.000000e+00  5.460049e-04) (   1.511348e+01   0.000000e+00  4.972567e-04) 
2.8	(   7.556740e-01   0.000000e+00  2.759605e-02) (   3.778370e+00   0.000000e+00 -1.039820e-02) (   7.556740e+00   0.000000e+00 -1.500015e-03) (   1.133511e+01   0.000000e+00  4.413739e-04) (   1.511348e+01   0.000000e+00  5.122260e-04) 
2.9	(   7.556740e-01   0.000000e+00  3.194199e-02) (   3.778370e+00   0.000000e+00 -1.003838e-02) (   7.556740e+00   0.000000e+00 -2.054355e-03) (   1.133511e+01   0.000000e+00  3.031256e-04) (   1.511348e+01   0.000000e+00  5.170505e-04) 
3	(   7.556740e-01   0.000000e+00  3.392499e-02) (   3.778370e+00   0.000000e+00 -8.833502e-03) (   7.556740e+00   0.000000e+00 -2.624467e-03) (   1.133511e+01   0.000000e+00  1.300940e-04) (   1.511348e+01   0.000000e+00  5.096125e-04) 
3.1	(   7.556740e-01   0.000000e+00  3.324221e-02) (   3.778370e+00   0.000000e+00 -6.691096e-03) (   7.556740e+00   0.000000e+00 -3.186228e-03) (   1.133511e+01   0.000000e+00 -7.775669e-05) (   1.511348e+01   0.000000e+00  4.874555e-04) 
3.2	(   7.556740e-01   0.000000e+00  2.983213e-02) (   3.778370e+00   0.000000e+00 -3.577879e-03) (   7.556740e+00   0.000000e+00 -3.704914e-03) (   1.133511e+01   0.000000e+00 -3.183007e-04) (   1.511348e+01   0.000000e+00  4.486927e-04) 
3.3	(   7.556740e-01   0.000000e+00  2.367836e-02) (   3.778370e+00   0.000000e+00  3.898202e-04) (   7.556740e+00   0.000000e+00 -4.153027e-03) (   1.133511e+01   0.000000e+00 -5.904612e-04) (   1.511348e+01   0.000000e+00  3.909427e-04) 
3.4	(   7.556740e-01   0.000000e+00  1.497819e-02) (   3.778370e+00   0.000000e+00  4.997171e-03) (   7.556740e+00   0.000000e+00 -4.496347e-03) (   1.133511e+01   0.000000e+00 -8.903939e-04) (   1.511348e+01   0.000000e+00  3.123107e-04) 
3.5	(   7.556740e-01   0.000000e+00  4.194270e-03) (   3.778370e+00   0.000000e+00  9.937917e-03) (   7.556740e+00   0.000000e+00 -4.693992e-03) (   1.133511e+01   0.000000e+00 -1.210749e-03) (   1.511348e+01   0.000000e+00  2.116571e-04) 
3.6	(   7.556740e-01   0.000000e+00 -7.928343e-03) (   3.778370e+00   0.000000e+00  1.478099e-02) (   7.556740e+00   0.000000e+00 -4.706668e-03) (   1.133511e+01   0.000000e+00 -1.542161e-03) (   1.511348e+01   0.000000e+00  8.835464e-05) 
3.7	(   7.556740e-01   0.000000e+00 -2.054698e-02) (   3.778370e+00   0.000000e+00  1.901720e-02) (   7.556740e+00   0.000000e+00 -4.501400e-03) (   1.133511e+01   0.000000e+00 -1.875394e-03) (   1.511348e+01   0.000000e+00 -5.806941e-05) 
3.8	(   7.556740e-01   0.000000e+00 -3.242770e-02) (   3.778370e+00   0.000000e+00  2.215220e-02) (   7.556740e+00   0.000000e+00 -4.046978e-03) (   1.133511e+01   0.000000e+00 -2.197818e-03) (   1.511348e+01   0.000000e+00 -2.268215e-04) 
3.9	(   7.556740e-01   0.000000e+00 -4.220710e-02) (   3.778370e+00   0.000000e+00  2.377304e-02) (   7.556740e+00   0.000000e+00 -3.313827e-03) (   1.133511e+01   0.000000e+00 -2.491544e-03) (   1.511348e+01   0.000000e+00 -4.157328e-04) 
4	(   7.556740e-01   0.000000e+00 -4.927077e-02) (   3.778370e+00   0.000000e+00  2.348847e-02) (   7.556740e+00   0.000000e+00 -2.298728e-03) (   1.133511e+01   0.000000e+00 -2.740839e-03) (   1.511348e+01   0.000000e+00 -6.223191e-04) 
4.1	(   7.556740e-01   0.000000e+00 -5.260103e-02) (   3.778370e+00   0.000000e+00  2.099771e-02) (   7.556740e+00   0.000000e+00 -1.014748e-03) (   1.133511e+01   0.000000e+00 -2.929470e-03) (   1.511348e+01   0.000000e+00 -8.429476e-04) 
4.2	(   7.556740e-01   0.000000e+00 -5.078467e-02) (   3.778370e+00   0.000000e+00  1.626877e-02) (   7.556740e+00   0.000000e+00  5.135147e-04) (   1.133511e+01   0.000000e+00 -3.039519e-03) (   1.511348e+01   0.000000e+00 -1.072325e-03) 
4.3	(   7.556740e-01   0.000000e+00 -4.362000e-02) (   3.778370e+00   0.000000e+00  9.462000e-03) (   7.556740e+00   0.000000e+00  2.236003e-03) (   1.133511e+01   0.000000e+00 -3.054496e-03) (   1.511348e+01   0.000000e+00 -1.304110e-03) 
4.4	(   7.556740e-01   0.000000e+00 -3.260397e-02) (   3.778370e+00   0.000000e+00  9.340735e-04) (   7.556740e+00   0.000000e+00  4.065319e-03) (   1.133511e+01   0.000000e+00 -2.960249e-03) (   1.511348e+01   0.000000e+00 -1.531838e-03) 
4.5	(   7.556740e-01   0.000000e+00 -1.880870e-02) (   3.778370e+00   0.000000e+00 -8.660116e-03) (   7.556740e+00   0.000000e+00  5.902838e-03) (   1.133511e+01   0.000000e+00 -2.743748e-03) (   1.511348e+01   0.000000e+00 -1.747121e-03) 
4.6	(   7.556740e-01   0.000000e+00 -3.260732e-03) (   3.778370e+00   0.000000e+00 -1.852837e-02) (   7.556740e+00   0.000000e+00  7.620750e-03) (   1.133511e+01   0.000000e+00 -2.398169e-03) (   1.511348e+01   0.000000e+00 -1.940667e-03) 
4.7	(   7.556740e-01   0.000000e+00  1.277158e-02) (   3.778370e+00   0.000000e+00 -2.773004e-02) (   7.556740e+00   0.000000e+00  9.063255e-03) (   1.133511e+01   0.000000e+00 -1.922996e-03) (   1.511348e+01   0.000000e+00 -2.103223e-03) 
4.8	(   7.556740e-01   0.000000e+00  2.780655e-02) (   3.778370e+00   0.000000e+00 -3.519823e-02) (   7.556740e+00   0.000000e+00  1.009493e-02) (   1.133511e+01   0.000000e+00 -1.321088e-03) (   1.511348e+01   0.000000e+00 -2.225045e-03) 
4.9	(   7.556740e-01   0.000000e+00  4.043038e-02) (   3.778370e+00   0.000000e+00 -4.011406e-02) (   7.556740e+00   0.000000e+00  1.056950e-02) (   1.133511e+01   0.000000e+00 -6.058486e-04) (   1.511348e+01   0.000000e+00 -2.297503e-03) 
5	(   7.556740e-01   0.000000e+00  4.996349e-02) (   3.778370e+00   0.000000e+00 -4.188064e-02) (   7.556740e+00   0.000000e+00  1.035905e-02) (   1.133511e+01   0.000000e+00  2.025819e-04) (   1.511348e+01   0.000000e+00 -2.312371e-03) 
5.1	(   7.556740e-01   0.000000e+00  5.607340e-02) (   3.778370e+00   0.000000e+00 -4.012209e-02) (   7.556740e+00   0.000000e+00  9.344942e-03) (   1.133511e+01   0.000000e+00  1.078400e-03) (   1.511348e+01   0.000000e+00 -2.261040e-03) 
5.2	(   7.556740e-01   0.000000e+00  5.776672e-02) (   3.778370e+00   0.000000e+00 -3.477904e-02) (   7.556740e+00   0.000000e+00  7.475152e-03) (   1.133511e+01   0.000000e+00  1.987356e-03) (   1.511348e+01   0.000000e+00 -2.136616e-03) 
5.3	(   7.556740e-01   0.000000e+00  5.438145e-02) (   3.778370e+00   0.000000e+00 -2.626579e-02) (   7.556740e+00   0.000000e+00  4.733733e-03) (   1.133511e+01   0.000000e+00  2.883938e-03) (   1.511348e+01   0.000000e+00 -1.936005e-03) 
5.4	(   7.556740e-01   0.000000e+00  4.631771e-02) (   3.778370e+00   0.000000e+00 -1.524421e-02) (   7.556740e+00   0.000000e+00  1.170816e-03) (   1.133511e+01   0.000000e+00  3.715739e-03) (   1.511348e+01   0.000000e+00 -1.658780e-03) 
5.5	(   7.556740e-01   0.000000e+00  3.496586e-02) (   3.778370e+00   0.000000e+00 -2.598376e-03) (   7.556740e+00   0.000000e+00 -3.075953e-03) (   1.133511e+01   0.000000e+00  4.426773e-03) (   1.511348e+01   0.000000e+00 -1.307242e-03) 
5.6	(   7.556740e-01   0.000000e+00  2.044235e-02) (   3.778370e+00   0.000000e+00  1.065199e-02) (   7.556740e+00   0.000000e+00 -7.801544e-03) (   1.133511e+01   0.000000e+00  4.955692e-03) (   1.511348e+01   0.000000e+00 -8.883066e-04) 
5.7	(   7.556740e-01   0.000000e+00  4.024304e-03) (   3.778370e+00   0.000000e+00  2.340893e-02) (   7.556740e+00   0.000000e+00 -1.270926e-02) (   1.133511e+01   0.000000e+00  5.248254e-03) (   1.511348e+01   0.000000e+00 -4.120295e-04) 
5.8	(   7.556740e-01   0.000000e+00 -1.293749e-02) (   3.778370e+00   0.000000e+00  3.468262e-02) (   7.556740e+00   0.000000e+00 -1.742954e-02) (   1.133511e+01   0.000000e+00  5.256230e-03) (   1.511348e+01   0.000000e+00  1.074800e-04) 
5.9	(   7.556740e-01   0.000000e+00 -2.926943e-02) (   3.778370e+00   0.000000e+00  4.351267e-02) (   7.556740e+00   0.000000e+00 -2.152144e-02) (   1.133511e+01   0.000000e+00  4.925793e-03) (   1.511348e+01   0.000000e+00  6.513045e-04) 
6	(   7.556740e-01   0.000000e+00 -4.297395e-02) (   3.778370e+00   0.000000e+00  4.949361e-02) (   7.556740e+00   0.000000e+00 -2.450889e-02) (   1.133511e+01   0.000000e+00  4.227827e-03) (   1.511348e+01   0.000000e+00  1.197945e-03) 
6.1	(   7.556740e-01   0.000000e+00 -5.364591e-02) (   3.778370e+00   0.000000e+00  5.175015e-02) (   7.556740e+00   0.000000e+00 -2.597659e-02) (   1.133511e+01   0.000000e+00  3.146603e-03) (   1.511348e+01   0.000000e+00  1.721459e-03) 
6.2	(   7.556740e-01   0.000000e+00 -6.058632e-02) (   3.778370e+00   0.000000e+00  4.959002e-02) (   7.556740e+00   0.000000e+00 -2.557517e-02) (   1.133511e+01   0.000000e+00  1.687634e-03) (   1.511348e+01   0.000000e+00  2.193176e-03) 
6.3	(   7.556740e-01   0.000000e+00 -6.234959e-02) (   3.778370e+00   0.000000e+00  4.339861e-02) (   7.556740e+00   0.000000e+00 -2.301685e-02) (   1.133511e+01   0.000000e+00 -1.187230e-04) (   1.511348e+01   0.000000e+00  2.582340e-03) 
6.4	(   7.556740e-01   0.000000e+00 -5.799653e-02) (   3.778370e+00   0.000000e+00  3.370502e-02) (   7.556740e+00   0.000000e+00 -1.826209e-02) (   1.133511e+01   0.000000e+00 -2.211420e-03) (   1.511348e+01   0.000000e+00  2.859934e-03) 
6.5	(   7.556740e-01   0.000000e+00 -4.789350e-02) (   3.778370e+00   0.000000e+00  2.087735e-02) (   7.556740e+00   0.000000e+00 -1.149102e-02) (   1.133511e+01   0.000000e+00 -4.499404e-03) (   1.511348e+01   0.000000e+00  2.999107e-03) 
6.6	(   7.556740e-01   0.000000e+00 -3.443433e-02) (   3.778370e+00   0.000000e+00  5.691335e-03) (   7.556740e+00   0.000000e+00 -3.120344e-03) (   1.133511e+01   0.000000e+00 -6.867946e-03) (   1.511348e+01   0.000000e+00  2.975999e-03) 
6.7	(   7.556740e-01   0.000000e+00 -1.852172e-02) (   3.778370e+00   0.000000e+00 -1.068890e-02) (   7.556740e+00   0.000000e+00  6.255081e-03) (   1.133511e+01   0.000000e+00 -9.175487e-03) (   1.511348e+01   0.000000e+00  2.765264e-03) 
6.8	(   7.556740e-01   0.000000e+00 -1.919011e-03) (   3.778370e+00   0.000000e+00 -2.696755e-02) (   7.556740e+00   0.000000e+00  1.586168e-02) (   1.133511e+01   0.000000e+00 -1.126341e-02) (   1.511348e+01   0.000000e+00  2.353390e-03) 
6.9	(   7.556740e-01   0.000000e+00  1.442094e-02) (   3.778370e+00   0.000000e+00 -4.155332e-02) (   7.556740e+00   0.000000e+00  2.484090e-02) (   1.133511e+01   0.000000e+00 -1.294381e-02) (   1.511348e+01   0.000000e+00  1.734950e-03) 
7	(   7.556740e-01   0.000000e+00  2.962522e-02) (   3.778370e+00   0.000000e+00 -5.368859e-02) (   7.556740e+00   0.000000e+00  3.240089e-02) (   1.133511e+01   0.000000e+00 -1.404550e-02) (   1.511348e+01   0.000000e+00  9.155635e-04) 
7.1	(   7.556740e-01   0.000000e+00  4.232291e-02) (   3.778370e+00   0.000000e+00 -6.193374e-02) (   7.556740e+00   0.000000e+00  3.781296e-02) (   1.133511e+01   0.000000e+00 -1.441874e-02) (   1.511348e+01   0.000000e+00 -8.824533e-05) 
7.2	(   7.556740e-01   0.000000e+00  5.175625e-02) (   3.778370e+00   0.000000e+00 -6.381949e-02) (   7.556740e+00   0.000000e+00  4.049660e-02) (   1.133511e+01   0.000000e+00 -1.392517e-02) (   1.511348e+01   0.000000e+00 -1.247162e-03) 
7.3	(   7.556740e-01   0.000000e+00  5.726160e-02) (   3.778370e+00   0.000000e+00 -5.857618e-02) (   7.556740e+00   0.000000e+00  4.005340e-02) (   1.133511e+01   0.000000e+00 -1.246178e-02) (   1.511348e+01   0.000000e+00 -2.518087e-03) 
7.4	(   7.556740e-01   0.000000e+00  5.805997e-02) (   3.778370e+00   0.000000e+00 -4.762812e-02) (   7.556740e+00   0.000000e+00  3.626675e-02) (   1.133511e+01   0.000000e+00 -1.000155e-02) (   1.511348e+01   0.000000e+00 -3.845191e-03) 
7.5	(   7.556740e-01   0.000000e+00  5.389252e-02) (   3.778370e+00   0.000000e+00 -3.403754e-02) (   7.556740e+00   0.000000e+00  2.920956e-02) (   1.133511e+01   0.000000e+00 -6.589395e-03) (   1.511348e+01   0.000000e+00 -5.162114e-03) 
7.6	(   7.556740e-01   0.000000e+00  4.562205e-02) (   3.778370e+00   0.000000e+00 -1.780143e-02) (   7.556740e+00   0.000000e+00  1.923744e-02) (   1.133511e+01   0.000000e+00 -2.350716e-03) (   1.511348e+01   0.000000e+00 -6.393158e-03) 
7.7	(   7.556740e-01   0.000000e+00  3.449453e-02) (   3.778370e+00   0.000000e+00 -4.415823e-04) (   7.556740e+00   0.000000e+00  6.957534e-03) (   1.133511e+01   0.000000e+00  2.508219e-03) (   1.511348e+01   0.000000e+00 -7.455767e-03) 
7.8	(   7.556740e-01   0.000000e+00  2.034106e-02) (   3.778370e+00   0.000000e+00  1.645975e-02) (   7.556740e+00   0.000000e+00 -6.703661e-03) (   1.133511e+01   0.000000e+00  7.699320e-03) (   1.511348e+01   0.000000e+00 -8.268703e-03) 
7.9	(   7.556740e-01   0.000000e+00  4.113994e-03) (   3.778370e+00   0.000000e+00  3.156737e-02) (   7.556740e+00   0.000000e+00 -2.064379e-02) (   1.133511e+01   0.000000e+00  1.286756e-02) (   1.511348e+01   0.000000e+00 -8.748928e-03) 
8	(   7.556740e-01   0.000000e+00 -1.281388e-02) (   3.778370e+00   0.000000e+00  4.386021e-02) (   7.556740e+00   0.000000e+00 -3.360516e-02) (   1.133511e+01   0.000000e+00  1.761261e-02) (   1.511348e+01   0.000000e+00 -8.828490e-03) 
8.1	(   7.556740e-01   0.000000e+00 -2.917291e-02) (   3.778370e+00   0.000000e+00  5.315491e-02) (   7.556740e+00   0.000000e+00 -4.426071e-02) (   1.133511e+01   0.000000e+00  2.154888e-02) (   1.511348e+01   0.000000e+00 -8.441529e-03) 
8.2	(   7.556740e-01   0.000000e+00 -4.300916e-02) (   3.778370e+00   0.000000e+00  5.851492e-02) (   7.556740e+00   0.000000e+00 -5.197630e-02) (   1.133511e+01   0.000000e+00  2.430943e-02) (   1.511348e+01   0.000000e+00 -7.550501e-03) 
8.3	(   7.556740e-01   0.000000e+00 -5.380865e-02) (   3.778370e+00   0.000000e+00  5.879838e-02) (   7.556740e+00   0.000000e+00 -5.527671e-02) (   1.133511e+01   0.000000e+00  2.556803e-02) (   1.511348e+01   0.000000e+00 -6.145986e-03) 
8.4	(   7.556740e-01   0.000000e+00 -6.064832e-02) (   3.778370e+00   0.000000e+00  5.383639e-02) (   7.556740e+00   0.000000e+00 -5.308723e-02) (   1.133511e+01   0.000000e+00  2.506998e-02) (   1.511348e+01   0.000000e+00 -4.249623e-03) 
8.5	(   7.556740e-01   0.000000e+00 -6.232434e-02) (   3.778370e+00   0.000000e+00  4.478191e-02) (   7.556740e+00   0.000000e+00 -4.586565e-02) (   1.133511e+01   0.000000e+00  2.262785e-02) (   1.511348e+01   0.000000e+00 -1.918100e-03) 
8.6	(   7.556740e-01   0.000000e+00 -5.801214e-02) (   3.778370e+00   0.000000e+00  3.287263e-02) (   7.556740e+00   0.000000e+00 -3.525346e-02) (   1.133511e+01   0.000000e+00  1.822359e-02) (   1.511348e+01   0.000000e+00  7.564742e-04) 
8.7	(   7.556740e-01   0.000000e+00 -4.789324e-02) (   3.778370e+00   0.000000e+00  1.823326e-02) (   7.556740e+00   0.000000e+00 -2.158657e-02) (   1.133511e+01   0.000000e+00  1.196208e-02) (   1.511348e+01   0.000000e+00  3.647526e-03) 
8.8	(   7.556740e-01   0.000000e+00 -3.446135e-02) (   3.778370e+00   0.000000e+00  1.836601e-03) (   7.556740e+00   0.000000e+00 -6.094876e-03) (   1.133511e+01   0.000000e+00  4.126507e-03) (   1.511348e+01   0.000000e+00  6.596815e-03) 
8.9	(   7.556740e-01   0.000000e+00 -1.853825e-02) (   3.778370e+00   0.000000e+00 -1.499290e-02) (   7.556740e+00   0.000000e+00  9.875751e-03) (   1.133511e+01   0.000000e+00 -4.841870e-03) (   1.511348e+01   0.000000e+00  9.422705e-03) 
9	(   7.556740e-01   0.000000e+00 -1.880220e-03) (   3.778370e+00   0.000000e+00 -3.089985e-02) (   7.556740e+00   0.000000e+00  2.502299e-02) (   1.133511e+01   0.000000e+00 -1.434047e-02) (   1.511348e+01   0.000000e+00  1.192056e-02) 
9.1	(   7.556740e-01   0.000000e+00  1.444747e-02) (   3.778370e+00   0.000000e+00 -4.446807e-02) (   7.556740e+00   0.000000e+00  3.820897e-02) (   1.133511e+01   0.000000e+00 -2.366010e-02) (   1.511348e+01   0.000000e+00  1.389791e-02) 
9.2	(   7.556740e-01   0.000000e+00  2.960236e-02) (   3.778370e+00   0.000000e+00 -5.544096e-02) (   7.556740e+00   0.000000e+00  4.865378e-02) (   1.133511e+01   0.000000e+00 -3.191118e-02) (   1.511348e+01   0.000000e+00  1.517965e-02) 
9.3	(   7.556740e-01   0.000000e+00  4.228886e-02) (   3.778370e+00   0.000000e+00 -6.217347e-02) (   7.556740e+00   0.000000e+00  5.600020e-02) (   1.133511e+01   0.000000e+00 -3.822224e-02) (   1.511348e+01   0.000000e+00  1.561119e-02) 
9.4	(   7.556740e-01   0.000000e+00  5.174350e-02) (   3.778370e+00   0.000000e+00 -6.289455e-02) (   7.556740e+00   0.000000e+00  5.872080e-02) (   1.133511e+01   0.000000e+00 -4.183539e-02) (   1.511348e+01   0.000000e+00  1.506296e-02) 
9.5	(   7.556740e-01   0.000000e+00  5.727507e-02) (   3.778370e+00   0.000000e+00 -5.720744e-02) (   7.556740e+00   0.000000e+00  5.607810e-02) (   1.133511e+01   0.000000e+00 -4.220837e-02) (   1.511348e+01   0.000000e+00  1.344507e-02) 
9.6	(   7.556740e-01   0.000000e+00  5.808013e-02) (   3.778370e+00   0.000000e+00 -4.644543e-02) (   7.556740e+00   0.000000e+00  4.839552e-02) (   1.133511e+01   0.000000e+00 -3.890583e-02) (   1.511348e+01   0.000000e+00  1.074939e-02) 
9.7	(   7.556740e-01   0.000000e+00  5.389386e-02) (   3.778370e+00   0.000000e+00 -3.300394e-02) (   7.556740e+00   0.000000e+00  3.747066e-02) (   1.133511e+01   0.000000e+00 -3.199118e-02) (   1.511348e+01   0.000000e+00  7.033624e-03) 
9.8	(   7.556740e-01   0.000000e+00  4.560066e-02) (   3.778370e+00   0.000000e+00 -1.687724e-02) (   7.556740e+00   0.000000e+00  2.311063e-02) (   1.133511e+01   0.000000e+00 -2.193313e-02) (   1.511348e+01   0.000000e+00  2.432364e-03) 
9.9	(   7.556740e-01   0.000000e+00  3.446707e-02) (   3.778370e+00   0.000000e+00  3.394496e-04) (   7.556740e+00   0.000000e+00  6.253906e-03) (   1.133511e+01   0.000000e+00 -9.564203e-03) (   1.511348e+01   0.000000e+00 -2.837808e-03) 
10	(   7.556740e-01   0.000000e+00  2.031500e-02) (   3.778370e+00   0.000000e+00  1.700668e-02) (   7.556740e+00   0.000000e+00 -1.172616e-02) (   1.133511e+01   0.000000e+00  4.024577e-03) (   1.511348e+01   0.000000e+00 -8.481796e-03) 
10.1	(   7.556740e-01   0.000000e+00  4.091359e-03) (   3.778370e+00   0.000000e+00  3.177850e-02) (   7.556740e+00   0.000000e+00 -2.925773e-02) (   1.133511e+01   0.000000e+00  1.765481e-02) (   1.511348e+01   0.000000e+00 -1.414456e-02) 
10.2	(   7.556740e-01   0.000000e+00 -1.281994e-02) (   3.778370e+00   0.000000e+00  4.368529e-02) (   7.556740e+00   0.000000e+00 -4.453609e-02) (   1.133511e+01   0.000000e+00  3.012266e-02) (   1.511348e+01   0.000000e+00 -1.941790e-02) 
10.3	(   7.556740e-01   0.000000e+00 -2.915449e-02) (   3.778370e+00   0.000000e+00  5.257626e-02) (   7.556740e+00   0.000000e+00 -5.724891e-02) (   1.133511e+01   0.000000e+00  4.039499e-02) (   1.511348e+01   0.000000e+00 -2.383415e-02) 
10.4	(   7.556740e-01   0.000000e+00 -4.299874e-02) (   3.778370e+00   0.000000e+00  5.764727e-02) (   7.556740e+00   0.000000e+00 -6.522631e-02) (   1.133511e+01   0.000000e+00  4.776329e-02) (   1.511348e+01   0.000000e+00 -2.696164e-02) 
10.5	(   7.556740e-01   0.000000e+00 -5.381515e-02) (   3.778370e+00   0.000000e+00  5.789024e-02) (   7.556740e+00   0.000000e+00 -6.617855e-02) (   1.133511e+01   0.000000e+00  5.161806e-02) (   1.511348e+01   0.000000e+00 -2.842735e-02) 
10.6	(   7.556740e-01   0.000000e+00 -6.064772e-02) (   3.778370e+00   0.000000e+00  5.315817e-02) (   7.556740e+00   0.000000e+00 -5.982535e-02) (   1.133511e+01   0.000000e+00  5.105846e-02) (   1.511348e+01   0.000000e+00 -2.794533e-02) 
10.7	(   7.556740e-01   0.000000e+00 -6.231244e-02) (   3.778370e+00   0.000000e+00  4.451597e-02) (   7.556740e+00   0.000000e+00 -4.801111e-02) (   1.133511e+01   0.000000e+00  4.597677e-02) (   1.511348e+01   0.000000e+00 -2.530950e-02) 
10.8	(   7.556740e-01   0.000000e+00 -5.799646e-02) (   3.778370e+00   0.000000e+00  3.298553e-02) (   7.556740e+00   0.000000e+00 -3.396589e-02) (   1.133511e+01   0.000000e+00  3.733080e-02) (   1.511348e+01   0.000000e+00 -2.055652e-02) 
10.9	(   7.556740e-01   0.000000e+00 -4.790144e-02) (   3.778370e+00   0.000000e+00  1.866551e-02) (   7.556740e+00   0.000000e+00 -1.751770e-02) (   1.133511e+01   0.000000e+00  2.521040e-02) (   1.511348e+01   0.000000e+00 -1.390959e-02) 
11	(   7.556740e-01   0.000000e+00 -3.449383e-02) (   3.778370e+00   0.000000e+00  2.424597e-03) (   7.556740e+00   0.000000e+00 -1.520266e-04) (   1.133511e+01   0.000000e+00  1.042592e-02) (   1.511348e+01   0.000000e+00 -5.776013e-03) 
11.1	(   7.556740e-01   0.000000e+00 -1.853645e-02) (   3.778370e+00   0.000000e+00 -1.447389e-02) (   7.556740e+00   0.000000e+00  1.668586e-02) (   1.133511e+01   0.000000e+00 -5.905416e-03) (   1.511348e+01   0.000000e+00  3.298697e-03) 
11.2	(   7.556740e-01   0.000000e+00 -1.835006e-03) (   3.778370e+00   0.000000e+00 -3.067062e-02) (   7.556740e+00   0.000000e+00  3.171947e-02) (   1.133511e+01   0.000000e+00 -2.241727e-02) (   1.511348e+01   0.000000e+00  1.264843e-02) 
11.3	(   7.556740e-01   0.000000e+00  1.448217e-02) (   3.778370e+00   0.000000e+00 -4.461750e-02) (   7.556740e+00   0.000000e+00  4.393418e-02) (   1.133511e+01   0.000000e+00 -3.756190e-02) (   1.511348e+01   0.000000e+00  2.150144e-02) 
11.4	(   7.556740e-01   0.000000e+00  2.960036e-02) (   3.778370e+00   0.000000e+00 -5.591518e-02) (   7.556740e+00   0.000000e+00  5.320636e-02) (   1.133511e+01   0.000000e+00 -5.018014e-02) (   1.511348e+01   0.000000e+00  2.916473e-02) 
11.5	(   7.556740e-01   0.000000e+00  4.227385e-02) (   3.778370e+00   0.000000e+00 -6.267589e-02) (   7.556740e+00   0.000000e+00  5.852512e-02) (   1.133511e+01   0.000000e+00 -5.962866e-02) (   1.511348e+01   0.000000e+00  3.498227e-02) 
11.6	(   7.556740e-01   0.000000e+00  5.173986e-02) (   3.778370e+00   0.000000e+00 -6.313070e-02) (   7.556740e+00   0.000000e+00  5.878881e-02) (   1.133511e+01   0.000000e+00 -6.342384e-02) (   1.511348e+01   0.000000e+00  3.841523e-02) 
11.7	(   7.556740e-01   0.000000e+00  5.728984e-02) (   3.778370e+00   0.000000e+00 -5.712679e-02) (   7.556740e+00   0.000000e+00  5.389394e-02) (   1.133511e+01   0.000000e+00 -6.038745e-02) (   1.511348e+01   0.000000e+00  3.906403e-02) 
11.8	(   7.556740e-01   0.000000e+00  5.809552e-02) (   3.778370e+00   0.000000e+00 -4.621970e-02) (   7.556740e+00   0.000000e+00  4.501292e-02) (   1.133511e+01   0.000000e+00 -5.117960e-02) (   1.511348e+01   0.000000e+00  3.665807e-02) 
11.9	(   7.556740e-01   0.000000e+00  5.388683e-02) (   3.778370e+00   0.000000e+00 -3.275215e-02) (   7.556740e+00   0.000000e+00  3.337257e-02) (   1.133511e+01   0.000000e+00 -3.856868e-02) (   1.511348e+01   0.000000e+00  3.116758e-02) 
12	(   7.556740e-01   0.000000e+00  4.557023e-02) (   3.778370e+00   0.000000e+00 -1.671105e-02) (   7.556740e+00   0.000000e+00  1.899085e-02) (   1.133511e+01   0.000000e+00 -2.318210e-02) (   1.511348e+01   0.000000e+00  2.279800e-02) 
12.1	(   7.556740e-01   0.000000e+00  3.443125e-02) (   3.778370e+00   0.000000e+00  3.788931e-04) (   7.556740e+00   0.000000e+00  2.815101e-03) (   1.133511e+01   0.000000e+00 -6.008773e-03) (   1.511348e+01   0.000000e+00  1.197870e-02) 
12.2	(   7.556740e-01   0.000000e+00  2.029823e-02) (   3.778370e+00   0.000000e+00  1.694427e-02) (   7.556740e+00   0.000000e+00 -1.394836e-02) (   1.133511e+01   0.000000e+00  1.140662e-02) (   1.511348e+01   0.000000e+00 -6.180870e-04) 
12.3	(   7.556740e-01   0.000000e+00  4.092960e-03) (   3.778370e+00   0.000000e+00  3.166775e-02) (   7.556740e+00   0.000000e+00 -3.002796e-02) (   1.133511e+01   0.000000e+00  2.762929e-02) (   1.511348e+01   0.000000e+00 -1.406142e-02) 
12.4	(   7.556740e-01   0.000000e+00 -1.281574e-02) (   3.778370e+00   0.000000e+00  4.357447e-02) (   7.556740e+00   0.000000e+00 -4.395033e-02) (   1.133511e+01   0.000000e+00  4.147819e-02) (   1.511348e+01   0.000000e+00 -2.728757e-02) 
12.5	(   7.556740e-01   0.000000e+00 -2.914499e-02) (   3.778370e+00   0.000000e+00  5.249170e-02) (   7.556740e+00   0.000000e+00 -5.541735e-02) (   1.133511e+01   0.000000e+00  5.251601e-02) (   1.511348e+01   0.000000e+00 -3.897278e-02) 
12.6	(   7.556740e-01   0.000000e+00 -4.299571e-02) (   3.778370e+00   0.000000e+00  5.762005e-02) (   7.556740e+00   0.000000e+00 -6.267854e-02) (   1.133511e+01   0.000000e+00  6.002790e-02) (   1.511348e+01   0.000000e+00 -4.810966e-02) 
12.7	(   7.556740e-01   0.000000e+00 -5.382269e-02) (   3.778370e+00   0.000000e+00  5.792741e-02) (   7.556740e+00   0.000000e+00 -6.368083e-02) (   1.133511e+01   0.000000e+00  6.228708e-02) (   1.511348e+01   0.000000e+00 -5.382849e-02) 
12.8	(   7.556740e-01   0.000000e+00 -6.064198e-02) (   3.778370e+00   0.000000e+00  5.323764e-02) (   7.556740e+00   0.000000e+00 -5.798487e-02) (   1.133511e+01   0.000000e+00  5.866917e-02) (   1.511348e+01   0.000000e+00 -5.452424e-02) 
12.9	(   7.556740e-01   0.000000e+00 -6.229120e-02) (   3.778370e+00   0.000000e+00  4.458525e-02) (   7.556740e+00   0.000000e+00 -4.709372e-02) (   1.133511e+01   0.000000e+00  4.983710e-02) (   1.511348e+01   0.000000e+00 -4.951391e-02) 
13	(   7.556740e-01   0.000000e+00 -5.797537e-02) (   3.778370e+00   0.000000e+00  3.299992e-02) (   7.556740e+00   0.000000e+00 -3.375812e-02) (   1.133511e+01   0.000000e+00  3.782342e-02) (   1.511348e+01   0.000000e+00 -4.029596e-02) 
13.1	(   7.556740e-01   0.000000e+00 -4.790008e-02) (   3.778370e+00   0.000000e+00  1.858453e-02) (   7.556740e+00   0.000000e+00 -1.783874e-02) (   1.133511e+01   0.000000e+00  2.264883e-02) (   1.511348e+01   0.000000e+00 -2.744187e-02) 
13.2	(   7.556740e-01   0.000000e+00 -3.451493e-02) (   3.778370e+00   0.000000e+00  2.274282e-03) (   7.556740e+00   0.000000e+00 -8.041846e-04) (   1.133511e+01   0.000000e+00  5.157054e-03) (   1.511348e+01   0.000000e+00 -1.196417e-02) 
13.3	(   7.556740e-01   0.000000e+00 -1.854847e-02) (   3.778370e+00   0.000000e+00 -1.458582e-02) (   7.556740e+00   0.000000e+00  1.591563e-02) (   1.133511e+01   0.000000e+00 -1.318912e-02) (   1.511348e+01   0.000000e+00  4.598287e-03) 
13.4	(   7.556740e-01   0.000000e+00 -1.824615e-03) (   3.778370e+00   0.000000e+00 -3.064534e-02) (   7.556740e+00   0.000000e+00  3.100620e-02) (   1.133511e+01   0.000000e+00 -3.078643e-02) (   1.511348e+01   0.000000e+00  2.077665e-02) 
13.5	(   7.556740e-01   0.000000e+00  1.449019e-02) (   3.778370e+00   0.000000e+00 -4.450125e-02) (   7.556740e+00   0.000000e+00  4.339924e-02) (   1.133511e+01   0.000000e+00 -4.589690e-02) (   1.511348e+01   0.000000e+00  3.521001e-02) 
13.6	(   7.556740e-01   0.000000e+00  2.958436e-02) (   3.778370e+00   0.000000e+00 -5.586110e-02) (   7.556740e+00   0.000000e+00  5.288763e-02) (   1.133511e+01   0.000000e+00 -5.832529e-02) (   1.511348e+01   0.000000e+00  4.686317e-02) 
13.7	(   7.556740e-01   0.000000e+00  4.224572e-02) (   3.778370e+00   0.000000e+00 -6.277927e-02) (   7.556740e+00   0.000000e+00  5.849626e-02) (   1.133511e+01   0.000000e+00 -6.570907e-02) (   1.511348e+01   0.000000e+00  5.553136e-02) 
13.8	(   7.556740e-01   0.000000e+00  5.171623e-02) (   3.778370e+00   0.000000e+00 -6.323578e-02) (   7.556740e+00   0.000000e+00  5.902744e-02) (   1.133511e+01   0.000000e+00 -6.599796e-02) (   1.511348e+01   0.000000e+00  5.965696e-02) 
13.9	(   7.556740e-01   0.000000e+00  5.728611e-02) (   3.778370e+00   0.000000e+00 -5.706748e-02) (   7.556740e+00   0.000000e+00  5.429688e-02) (   1.133511e+01   0.000000e+00 -5.917413e-02) (   1.511348e+01   0.000000e+00  5.823593e-02) 
14	(   7.556740e-01   0.000000e+00  5.810439e-02) (   3.778370e+00   0.000000e+00 -4.610168e-02) (   7.556740e+00   0.000000e+00  4.542127e-02) (   1.133511e+01   0.000000e+00 -4.728039e-02) (   1.511348e+01   0.000000e+00  5.138670e-02) 
14.1	(   7.556740e-01   0.000000e+00  5.389458e-02) (   3.778370e+00   0.000000e+00 -3.268109e-02) (   7.556740e+00   0.000000e+00  3.375095e-02) (   1.133511e+01   0.000000e+00 -3.339861e-02) (   1.511348e+01   0.000000e+00  4.080638e-02) 
14.2	(   7.556740e-01   0.000000e+00  4.556704e-02) (   3.778370e+00   0.000000e+00 -1.669336e-02) (   7.556740e+00   0.000000e+00  1.927043e-02) (   1.133511e+01   0.000000e+00 -1.732480e-02) (   1.511348e+01   0.000000e+00  2.693716e-02) 
14.3	(   7.556740e-01   0.000000e+00  3.442193e-02) (   3.778370e+00   0.000000e+00  3.985812e-04) (   7.556740e+00   0.000000e+00  2.967301e-03) (   1.133511e+01   0.000000e+00 -4.557953e-04) (   1.511348e+01   0.000000e+00  1.037790e-02) 
14.4	(   7.556740e-01   0.000000e+00  2.029995e-02) (   3.778370e+00   0.000000e+00  1.699525e-02) (   7.556740e+00   0.000000e+00 -1.390725e-02) (   1.133511e+01   0.000000e+00  1.591613e-02) (   1.511348e+01   0.000000e+00 -7.573205e-03) 
14.5	(   7.556740e-01   0.000000e+00  4.108276e-03) (   3.778370e+00   0.000000e+00  3.173836e-02) (   7.556740e+00   0.000000e+00 -3.004940e-02) (   1.133511e+01   0.000000e+00  3.063134e-02) (   1.511348e+01   0.000000e+00 -2.540691e-02) 
14.6	(   7.556740e-01   0.000000e+00 -1.279697e-02) (   3.778370e+00   0.000000e+00  4.363935e-02) (   7.556740e+00   0.000000e+00 -4.400044e-02) (   1.133511e+01   0.000000e+00  4.274439e-02) (   1.511348e+01   0.000000e+00 -4.140189e-02) 
14.7	(   7.556740e-01   0.000000e+00 -2.912336e-02) (   3.778370e+00   0.000000e+00  5.253445e-02) (   7.556740e+00   0.000000e+00 -5.551984e-02) (   1.133511e+01   0.000000e+00  5.203027e-02) (   1.511348e+01   0.000000e+00 -5.495396e-02) 
14.8	(   7.556740e-01   0.000000e+00 -4.297465e-02) (   3.778370e+00   0.000000e+00  5.762512e-02) (   7.556740e+00   0.000000e+00 -6.289475e-02) (   1.133511e+01   0.000000e+00  5.770562e-02) (   1.511348e+01   0.000000e+00 -6.471490e-02) 
14.9	(   7.556740e-01   0.000000e+00 -5.380410e-02) (   3.778370e+00   0.000000e+00  5.790140e-02) (   7.556740e+00   0.000000e+00 -6.403127e-02) (   1.133511e+01   0.000000e+00  5.858851e-02) (   1.511348e+01   0.000000e+00 -6.790083e-02) 
15	(   7.556740e-01   0.000000e+00 -6.061620e-02) (   3.778370e+00   0.000000e+00  5.320616e-02) (   7.556740e+00   0.000000e+00 -5.834794e-02) (   1.133511e+01   0.000000e+00  5.437017e-02) (   1.511348e+01   0.000000e+00 -6.356022e-02) 
15.1	(   7.556740e-01   0.000000e+00 -6.225501e-02) (   3.778370e+00   0.000000e+00  4.457244e-02) (   7.556740e+00   0.000000e+00 -4.724462e-02) (   1.133511e+01   0.000000e+00  4.593115e-02) (   1.511348e+01   0.000000e+00 -5.284542e-02) 
15.2	(   7.556740e-01   0.000000e+00 -5.793965e-02) (   3.778370e+00   0.000000e+00  3.300819e-02) (   7.556740e+00   0.000000e+00 -3.360203e-02) (   1.133511e+01   0.000000e+00  3.465117e-02) (   1.511348e+01   0.000000e+00 -3.889007e-02) 
15.3	(   7.556740e-01   0.000000e+00 -4.787838e-02) (   3.778370e+00   0.000000e+00  1.861069e-02) (   7.556740e+00   0.000000e+00 -1.739930e-02) (   1.133511e+01   0.000000e+00  2.043692e-02) (   1.511348e+01   0.000000e+00 -2.251139e-02) 
15.4	(   7.556740e-01   0.000000e+00 -3.450400e-02) (   3.778370e+00   0.000000e+00  2.300068e-03) (   7.556740e+00   0.000000e+00 -2.504936e-04) (   1.133511e+01   0.000000e+00  4.226228e-03) (   1.511348e+01   0.000000e+00 -4.576962e-03) 
15.5	(   7.556740e-01   0.000000e+00 -1.852059e-02) (   3.778370e+00   0.000000e+00 -1.458425e-02) (   7.556740e+00   0.000000e+00  1.636939e-02) (   1.133511e+01   0.000000e+00 -1.273805e-02) (   1.511348e+01   0.000000e+00  1.331437e-02) 
15.6	(   7.556740e-01   0.000000e+00 -1.771103e-03) (   3.778370e+00   0.000000e+00 -3.066459e-02) (   7.556740e+00   0.000000e+00  3.120115e-02) (   1.133511e+01   0.000000e+00 -2.913158e-02) (   1.511348e+01   0.000000e+00  2.971915e-02) 
15.7	(   7.556740e-01   0.000000e+00  1.454218e-02) (   3.778370e+00   0.000000e+00 -4.450844e-02) (   7.556740e+00   0.000000e+00  4.328258e-02) (   1.133511e+01   0.000000e+00 -4.341934e-02) (   1.511348e+01   0.000000e+00  4.346889e-02) 
15.8	(   7.556740e-01   0.000000e+00  2.961861e-02) (   3.778370e+00   0.000000e+00 -5.584143e-02) (   7.556740e+00   0.000000e+00  5.246998e-02) (   1.133511e+01   0.000000e+00 -5.526663e-02) (   1.511348e+01   0.000000e+00  5.442857e-02) 
15.9	(   7.556740e-01   0.000000e+00  4.226313e-02) (   3.778370e+00   0.000000e+00 -6.276361e-02) (   7.556740e+00   0.000000e+00  5.789972e-02) (   1.133511e+01   0.000000e+00 -6.304453e-02) (   1.511348e+01   0.000000e+00  6.149823e-02) 
16	(   7.556740e-01   0.000000e+00  5.173338e-02) (   3.778370e+00   0.000000e+00 -6.324055e-02) (   7.556740e+00   0.000000e+00  5.846964e-02) (   1.133511e+01   0.000000e+00 -6.456401e-02) (   1.511348e+01   0.000000e+00  6.306859e-02) 
16.1	(   7.556740e-01   0.000000e+00  5.730895e-02) (   3.778370e+00   0.000000e+00 -5.705451e-02) (   7.556740e+00   0.000000e+00  5.397646e-02) (   1.133511e+01   0.000000e+00 -5.923025e-02) (   1.511348e+01   0.000000e+00  5.870314e-02) 
16.2	(   7.556740e-01   0.000000e+00  5.812868e-02) (   3.778370e+00   0.000000e+00 -4.606115e-02) (   7.556740e+00   0.000000e+00  4.540404e-02) (   1.133511e+01   0.000000e+00 -4.836865e-02) (   1.511348e+01   0.000000e+00  4.929713e-02) 
16.3	(   7.556740e-01   0.000000e+00  5.391367e-02) (   3.778370e+00   0.000000e+00 -3.263458e-02) (   7.556740e+00   0.000000e+00  3.395122e-02) (   1.133511e+01   0.000000e+00 -3.493749e-02) (   1.511348e+01   0.000000e+00  3.697316e-02) 
16.4	(   7.556740e-01   0.000000e+00  4.556896e-02) (   3.778370e+00   0.000000e+00 -1.666818e-02) (   7.556740e+00   0.000000e+00  1.955065e-02) (   1.133511e+01   0.000000e+00 -1.889805e-02) (   1.511348e+01   0.000000e+00  2.162833e-02) 
16.5	(   7.556740e-01   0.000000e+00  3.440751e-02) (   3.778370e+00   0.000000e+00  3.982885e-04) (   7.556740e+00   0.000000e+00  3.148823e-03) (   1.133511e+01   0.000000e+00 -1.670066e-03) (   1.511348e+01   0.000000e+00  4.205183e-03) 
16.6	(   7.556740e-01   0.000000e+00  2.028721e-02) (   3.778370e+00   0.000000e+00  1.697976e-02) (   7.556740e+00   0.000000e+00 -1.395807e-02) (   1.133511e+01   0.000000e+00  1.525245e-02) (   1.511348e+01   0.000000e+00 -1.383238e-02) 
16.7	(   7.556740e-01   0.000000e+00  4.103912e-03) (   3.778370e+00   0.000000e+00  3.171548e-02) (   7.556740e+00   0.000000e+00 -3.034021e-02) (   1.133511e+01   0.000000e+00  3.053336e-02) (   1.511348e+01   0.000000e+00 -3.094546e-02) 
16.8	(   7.556740e-01   0.000000e+00 -1.280355e-02) (   3.778370e+00   0.000000e+00  4.360948e-02) (   7.556740e+00   0.000000e+00 -4.440616e-02) (   1.133511e+01   0.000000e+00  4.311276e-02) (   1.511348e+01   0.000000e+00 -4.549283e-02) 
16.9	(   7.556740e-01   0.000000e+00 -2.913486e-02) (   3.778370e+00   0.000000e+00  5.248482e-02) (   7.556740e+00   0.000000e+00 -5.589888e-02) (   1.133511e+01   0.000000e+00  5.278510e-02) (   1.511348e+01   0.000000e+00 -5.727777e-02) 
17	(   7.556740e-01   0.000000e+00 -4.299174e-02) (   3.778370e+00   0.000000e+00  5.754810e-02) (   7.556740e+00   0.000000e+00 -6.305437e-02) (   1.133511e+01   0.000000e+00  5.865894e-02) (   1.511348e+01   0.000000e+00 -6.424796e-02) 
17.1	(   7.556740e-01   0.000000e+00 -5.383510e-02) (   3.778370e+00   0.000000e+00  5.779906e-02) (   7.556740e+00   0.000000e+00 -6.394224e-02) (   1.133511e+01   0.000000e+00  5.949799e-02) (   1.511348e+01   0.000000e+00 -6.457345e-02) 
17.2	(   7.556740e-01   0.000000e+00 -6.065388e-02) (   3.778370e+00   0.000000e+00  5.309259e-02) (   7.556740e+00   0.000000e+00 -5.814537e-02) (   1.133511e+01   0.000000e+00  5.504370e-02) (   1.511348e+01   0.000000e+00 -5.823877e-02) 
17.3	(   7.556740e-01   0.000000e+00 -6.229137e-02) (   3.778370e+00   0.000000e+00  4.447575e-02) (   7.556740e+00   0.000000e+00 -4.708664e-02) (   1.133511e+01   0.000000e+00  4.627350e-02) (   1.511348e+01   0.000000e+00 -4.706029e-02) 
17.4	(   7.556740e-01   0.000000e+00 -5.797987e-02) (   3.778370e+00   0.000000e+00  3.292269e-02) (   7.556740e+00   0.000000e+00 -3.353368e-02) (   1.133511e+01   0.000000e+00  3.476964e-02) (   1.511348e+01   0.000000e+00 -3.381792e-02) 
17.5	(   7.556740e-01   0.000000e+00 -4.792743e-02) (   3.778370e+00   0.000000e+00  1.853478e-02) (   7.556740e+00   0.000000e+00 -1.741018e-02) (   1.133511e+01   0.000000e+00  2.036662e-02) (   1.511348e+01   0.000000e+00 -1.829862e-02) 
17.6	(   7.556740e-01   0.000000e+00 -3.456337e-02) (   3.778370e+00   0.000000e+00  2.227710e-03) (   7.556740e+00   0.000000e+00 -2.935303e-04) (   1.133511e+01   0.000000e+00  4.019833e-03) (   1.511348e+01   0.000000e+00 -1.824577e-03) 
17.7	(   7.556740e-01   0.000000e+00 -1.857477e-02) (   3.778370e+00   0.000000e+00 -1.465628e-02) (   7.556740e+00   0.000000e+00  1.634707e-02) (   1.133511e+01   0.000000e+00 -1.301767e-02) (   1.511348e+01   0.000000e+00  1.435913e-02) 
17.8	(   7.556740e-01   0.000000e+00 -1.811871e-03) (   3.778370e+00   0.000000e+00 -3.073141e-02) (   7.556740e+00   0.000000e+00  3.123305e-02) (   1.133511e+01   0.000000e+00 -2.941873e-02) (   1.511348e+01   0.000000e+00  2.909621e-02) 
17.9	(   7.556740e-01   0.000000e+00  1.450516e-02) (   3.778370e+00   0.000000e+00 -4.455811e-02) (   7.556740e+00   0.000000e+00  4.337373e-02) (   1.133511e+01   0.000000e+00 -4.366263e-02) (   1.511348e+01   0.000000e+00  4.144287e-02) 
18	(   7.556740e-01   0.000000e+00  2.956867e-02) (   3.778370e+00   0.000000e+00 -5.586986e-02) (   7.556740e+00   0.000000e+00  5.261848e-02) (   1.133511e+01   0.000000e+00 -5.544471e-02) (   1.511348e+01   0.000000e+00  5.101852e-02) 
18.1	(   7.556740e-01   0.000000e+00  4.220584e-02) (   3.778370e+00   0.000000e+00 -6.277671e-02) (   7.556740e+00   0.000000e+00  5.807044e-02) (   1.133511e+01   0.000000e+00 -6.306907e-02) (   1.511348e+01   0.000000e+00  5.723997e-02) 
18.2	(   7.556740e-01   0.000000e+00  5.167706e-02) (   3.778370e+00   0.000000e+00 -6.325024e-02) (   7.556740e+00   0.000000e+00  5.860911e-02) (   1.133511e+01   0.000000e+00 -6.439933e-02) (   1.511348e+01   0.000000e+00  5.880428e-02) 
18.3	(   7.556740e-01   0.000000e+00  5.726241e-02) (   3.778370e+00   0.000000e+00 -5.704279e-02) (   7.556740e+00   0.000000e+00  5.405242e-02) (   1.133511e+01   0.000000e+00 -5.892109e-02) (   1.511348e+01   0.000000e+00  5.523669e-02) 
18.4	(   7.556740e-01   0.000000e+00  5.808792e-02) (   3.778370e+00   0.000000e+00 -4.601759e-02) (   7.556740e+00   0.000000e+00  4.541637e-02) (   1.133511e+01   0.000000e+00 -4.801549e-02) (   1.511348e+01   0.000000e+00  4.715418e-02) 
18.5	(   7.556740e-01   0.000000e+00  5.387412e-02) (   3.778370e+00   0.000000e+00 -3.256826e-02) (   7.556740e+00   0.000000e+00  3.393448e-02) (   1.133511e+01   0.000000e+00 -3.463026e-02) (   1.511348e+01   0.000000e+00  3.620823e-02) 
18.6	(   7.556740e-01   0.000000e+00  4.553128e-02) (   3.778370e+00   0.000000e+00 -1.659856e-02) (   7.556740e+00   0.000000e+00  1.953633e-02) (   1.133511e+01   0.000000e+00 -1.864786e-02) (   1.511348e+01   0.000000e+00  2.210408e-02) 
18.7	(   7.556740e-01   0.000000e+00  3.437110e-02) (   3.778370e+00   0.000000e+00  4.694681e-04) (   7.556740e+00   0.000000e+00  3.164175e-03) (   1.133511e+01   0.000000e+00 -1.499766e-03) (   1.511348e+01   0.000000e+00  5.762007e-03) 
18.8	(   7.556740e-01   0.000000e+00  2.026715e-02) (   3.778370e+00   0.000000e+00  1.705759e-02) (   7.556740e+00   0.000000e+00 -1.390460e-02) (   1.133511e+01   0.000000e+00  1.533902e-02) (   1.511348e+01   0.000000e+00 -1.157296e-02) 
18.9	(   7.556740e-01   0.000000e+00  4.105457e-03) (   3.778370e+00   0.000000e+00  3.180131e-02) (   7.556740e+00   0.000000e+00 -3.026107e-02) (   1.133511e+01   0.000000e+00  3.053723e-02) (   1.511348e+01   0.000000e+00 -2.850361e-02) 
19	(   7.556740e-01   0.000000e+00 -1.278830e-02) (   3.778370e+00   0.000000e+00  4.369931e-02) (   7.556740e+00   0.000000e+00 -4.432969e-02) (   1.133511e+01   0.000000e+00  4.303447e-02) (   1.511348e+01   0.000000e+00 -4.337576e-02) 
19.1	(   7.556740e-01   0.000000e+00 -2.910518e-02) (   3.778370e+00   0.000000e+00  5.257908e-02) (   7.556740e+00   0.000000e+00 -5.584871e-02) (   1.133511e+01   0.000000e+00  5.260675e-02) (   1.511348e+01   0.000000e+00 -5.580678e-02) 
19.2	(   7.556740e-01   0.000000e+00 -4.294750e-02) (   3.778370e+00   0.000000e+00  5.763673e-02) (   7.556740e+00   0.000000e+00 -6.305424e-02) (   1.133511e+01   0.000000e+00  5.837538e-02) (   1.511348e+01   0.000000e+00 -6.402408e-02) 
19.3	(   7.556740e-01   0.000000e+00 -5.377312e-02) (   3.778370e+00   0.000000e+00  5.787561e-02) (   7.556740e+00   0.000000e+00 -6.397111e-02) (   1.133511e+01   0.000000e+00  5.912773e-02) (   1.511348e+01   0.000000e+00 -6.567806e-02) 
19.4	(   7.556740e-01   0.000000e+00 -6.057061e-02) (   3.778370e+00   0.000000e+00  5.315377e-02) (   7.556740e+00   0.000000e+00 -5.814114e-02) (   1.133511e+01   0.000000e+00  5.465053e-02) (   1.511348e+01   0.000000e+00 -6.022301e-02) 
19.5	(   7.556740e-01   0.000000e+00 -6.219110e-02) (   3.778370e+00   0.000000e+00  4.452248e-02) (   7.556740e+00   0.000000e+00 -4.702567e-02) (   1.133511e+01   0.000000e+00  4.595050e-02) (   1.511348e+01   0.000000e+00 -4.915086e-02) 
19.6	(   7.556740e-01   0.000000e+00 -5.788115e-02) (   3.778370e+00   0.000000e+00  3.296644e-02) (   7.556740e+00   0.000000e+00 -3.345054e-02) (   1.133511e+01   0.000000e+00  3.449931e-02) (   1.511348e+01   0.000000e+00 -3.556151e-02) 
19.7	(   7.556740e-01   0.000000e+00 -4.784696e-02) (   3.778370e+00   0.000000e+00  1.857779e-02) (   7.556740e+00   0.000000e+00 -1.735715e-02) (   1.133511e+01   0.000000e+00  2.019369e-02) (   1.511348e+01   0.000000e+00 -1.950203e-02) 
19.8	(   7.556740e-01   0.000000e+00 -3.449411e-02) (   3.778370e+00   0.000000e+00  2.264127e-03) (   7.556740e+00   0.000000e+00 -3.039671e-04) (   1.133511e+01   0.000000e+00  3.964259e-03) (   1.511348e+01   0.000000e+00 -2.262205e-03) 
19.9	(   7.556740e-01   0.000000e+00 -1.849864e-02) (   3.778370e+00   0.000000e+00 -1.464304e-02) (   7.556740e+00   0.000000e+00  1.627518e-02) (   1.133511e+01   0.000000e+00 -1.298422e-02) (   1.511348e+01   0.000000e+00  1.471527e-02) 
20	(   7.556740e-01   0.000000e+00 -1.724122e-03) (   3.778370e+00   0.000000e+00 -3.074581e-02) (   7.556740e+00   0.000000e+00  3.112733e-02) (   1.133511e+01   0.000000e+00 -2.937943e-02) (   1.511348e+01   0.000000e+00  3.012355e-02) 
20.1	(   7.556740e-01   0.000000e+00  1.458779e-02) (   3.778370e+00   0.000000e+00 -4.458643e-02) (   7.556740e+00   0.000000e+00  4.325717e-02) (   1.133511e+01   0.000000e+00 -4.371990e-02) (   1.511348e+01   0.000000e+00  4.290533e-02) 
20.2	(   7.556740e-01   0.000000e+00  2.963361e-02) (   3.778370e+00   0.000000e+00 -5.590486e-02) (   7.556740e+00   0.000000e+00  5.248537e-02) (   1.133511e+01   0.000000e+00 -5.569210e-02) (   1.511348e+01   0.000000e+00  5.284325e-02) 
20.3	(   7.556740e-01   0.000000e+00  4.225330e-02) (   3.778370e+00   0.000000e+00 -6.281751e-02) (   7.556740e+00   0.000000e+00  5.792446e-02) (   1.133511e+01   0.000000e+00 -6.349130e-02) (   1.511348e+01   0.000000e+00  5.905375e-02) 
20.4	(   7.556740e-01   0.000000e+00  5.171401e-02) (   3.778370e+00   0.000000e+00 -6.329693e-02) (   7.556740e+00   0.000000e+00  5.844498e-02) (   1.133511e+01   0.000000e+00 -6.481508e-02) (   1.511348e+01   0.000000e+00  6.021154e-02) 
20.5	(   7.556740e-01   0.000000e+00  5.729043e-02) (   3.778370e+00   0.000000e+00 -5.709150e-02) (   7.556740e+00   0.000000e+00  5.386146e-02) (   1.133511e+01   0.000000e+00 -5.907679e-02) (   1.511348e+01   0.000000e+00  5.598664e-02) 
20.6	(   7.556740e-01   0.000000e+00  5.810816e-02) (   3.778370e+00   0.000000e+00 -4.605810e-02) (   7.556740e+00   0.000000e+00  4.522371e-02) (   1.133511e+01   0.000000e+00 -4.781369e-02) (   1.511348e+01   0.000000e+00  4.721934e-02) 
20.7	(   7.556740e-01   0.000000e+00  5.388150e-02) (   3.778370e+00   0.000000e+00 -3.261221e-02) (   7.556740e+00   0.000000e+00  3.373550e-02) (   1.133511e+01   0.000000e+00 -3.414081e-02) (   1.511348e+01   0.000000e+00  3.575955e-02) 
20.8	(   7.556740e-01   0.000000e+00  4.551466e-02) (   3.778370e+00   0.000000e+00 -1.665906e-02) (   7.556740e+00   0.000000e+00  1.937004e-02) (   1.133511e+01   0.000000e+00 -1.801362e-02) (   1.511348e+01   0.000000e+00  2.132496e-02) 
20.9	(   7.556740e-01   0.000000e+00  3.433188e-02) (   3.778370e+00   0.000000e+00  3.861142e-04) (   7.556740e+00   0.000000e+00  3.057331e-03) (   1.133511e+01   0.000000e+00 -9.215559e-04) (   1.511348e+01   0.000000e+00  4.900627e-03) 
21	(   7.556740e-01   0.000000e+00  2.021862e-02) (   3.778370e+00   0.000000e+00  1.695516e-02) (   7.556740e+00   0.000000e+00 -1.396133e-02) (   1.133511e+01   0.000000e+00  1.572455e-02) (   1.511348e+01   0.000000e+00 -1.225896e-02) 
21.1	(   7.556740e-01   0.000000e+00  4.050446e-03) (   3.778370e+00   0.000000e+00  3.168699e-02) (   7.556740e+00   0.000000e+00 -3.030268e-02) (   1.133511e+01   0.000000e+00  3.069913e-02) (   1.511348e+01   0.000000e+00 -2.883836e-02) 
21.2	(   7.556740e-01   0.000000e+00 -1.285691e-02) (   3.778370e+00   0.000000e+00  4.357601e-02) (   7.556740e+00   0.000000e+00 -4.436908e-02) (   1.133511e+01   0.000000e+00  4.303333e-02) (   1.511348e+01   0.000000e+00 -4.332895e-02) 
21.3	(   7.556740e-01   0.000000e+00 -2.918852e-02) (   3.778370e+00   0.000000e+00  5.243692e-02) (   7.556740e+00   0.000000e+00 -5.585375e-02) (   1.133511e+01   0.000000e+00  5.254296e-02) (   1.511348e+01   0.000000e+00 -5.544518e-02) 
21.4	(   7.556740e-01   0.000000e+00 -4.304195e-02) (   3.778370e+00   0.000000e+00  5.748599e-02) (   7.556740e+00   0.000000e+00 -6.295656e-02) (   1.133511e+01   0.000000e+00  5.837599e-02) (   1.511348e+01   0.000000e+00 -6.356825e-02) 
21.5	(   7.556740e-01   0.000000e+00 -5.389256e-02) (   3.778370e+00   0.000000e+00  5.773101e-02) (   7.556740e+00   0.000000e+00 -6.377168e-02) (   1.133511e+01   0.000000e+00  5.930430e-02) (   1.511348e+01   0.000000e+00 -6.539652e-02) 
21.6	(   7.556740e-01   0.000000e+00 -6.070722e-02) (   3.778370e+00   0.000000e+00  5.303197e-02) (   7.556740e+00   0.000000e+00 -5.790724e-02) (   1.133511e+01   0.000000e+00  5.500478e-02) (   1.511348e+01   0.000000e+00 -6.024695e-02) 
21.7	(   7.556740e-01   0.000000e+00 -6.232893e-02) (   3.778370e+00   0.000000e+00  4.444207e-02) (   7.556740e+00   0.000000e+00 -4.681311e-02) (   1.133511e+01   0.000000e+00  4.633915e-02) (   1.511348e+01   0.000000e+00 -4.941969e-02) 
21.8	(   7.556740e-01   0.000000e+00 -5.800987e-02) (   3.778370e+00   0.000000e+00  3.292067e-02) (   7.556740e+00   0.000000e+00 -3.320678e-02) (   1.133511e+01   0.000000e+00  3.484452e-02) (   1.511348e+01   0.000000e+00 -3.593757e-02) 
21.9	(   7.556740e-01   0.000000e+00 -4.795606e-02) (   3.778370e+00   0.000000e+00  1.856872e-02) (   7.556740e+00   0.000000e+00 -1.706830e-02) (   1.133511e+01   0.000000e+00  2.034952e-02) (   1.511348e+01   0.000000e+00 -1.993156e-02) 
22	(   7.556740e-01   0.000000e+00 -3.458831e-02) (   3.778370e+00   0.000000e+00  2.291130e-03) (   7.556740e+00   0.000000e+00  7.783309e-06) (   1.133511e+01   0.000000e+00  3.843970e-03) (   1.511348e+01   0.000000e+00 -2.693038e-03) 
22.1	(   7.556740e-01   0.000000e+00 -1.856944e-02) (   3.778370e+00   0.000000e+00 -1.457820e-02) (   7.556740e+00   0.000000e+00  1.657356e-02) (   1.133511e+01   0.000000e+00 -1.335415e-02) (   1.511348e+01   0.000000e+00  1.428926e-02) 
22.2	(   7.556740e-01   0.000000e+00 -1.764198e-03) (   3.778370e+00   0.000000e+00 -3.064677e-02) (   7.556740e+00   0.000000e+00  3.138722e-02) (   1.133511e+01   0.000000e+00 -2.985799e-02) (   1.511348e+01   0.000000e+00  2.968863e-02) 
22.3	(   7.556740e-01   0.000000e+00  1.456457e-02) (   3.778370e+00   0.000000e+00 -4.445463e-02) (   7.556740e+00   0.000000e+00  4.347428e-02) (   1.133511e+01   0.000000e+00 -4.414495e-02) (   1.511348e+01   0.000000e+00  4.245636e-02) 
22.4	(   7.556740e-01   0.000000e+00  2.961530e-02) (   3.778370e+00   0.000000e+00 -5.572020e-02) (   7.556740e+00   0.000000e+00  5.268382e-02) (   1.133511e+01   0.000000e+00 -5.600666e-02) (   1.511348e+01   0.000000e+00  5.232476e-02) 
22.5	(   7.556740e-01   0.000000e+00  4.224562e-02) (   3.778370e+00   0.000000e+00 -6.259026e-02) (   7.556740e+00   0.000000e+00  5.808582e-02) (   1.133511e+01   0.000000e+00 -6.369107e-02) (   1.511348e+01   0.000000e+00  5.851785e-02) 
22.6	(   7.556740e-01   0.000000e+00  5.172951e-02) (   3.778370e+00   0.000000e+00 -6.305042e-02) (   7.556740e+00   0.000000e+00  5.855346e-02) (   1.133511e+01   0.000000e+00 -6.502745e-02) (   1.511348e+01   0.000000e+00  5.973819e-02) 
22.7	(   7.556740e-01   0.000000e+00  5.733640e-02) (   3.778370e+00   0.000000e+00 -5.684285e-02) (   7.556740e+00   0.000000e+00  5.390351e-02) (   1.133511e+01   0.000000e+00 -5.941884e-02) (   1.511348e+01   0.000000e+00  5.565840e-02) 
22.8	(   7.556740e-01   0.000000e+00  5.818399e-02) (   3.778370e+00   0.000000e+00 -4.583718e-02) (   7.556740e+00   0.000000e+00  4.519282e-02) (   1.133511e+01   0.000000e+00 -4.824502e-02) (   1.511348e+01   0.000000e+00  4.709744e-02) 
22.9	(   7.556740e-01   0.000000e+00  5.397758e-02) (   3.778370e+00   0.000000e+00 -3.238088e-02) (   7.556740e+00   0.000000e+00  3.363258e-02) (   1.133511e+01   0.000000e+00 -3.458794e-02) (   1.511348e+01   0.000000e+00  3.583050e-02) 
23	(   7.556740e-01   0.000000e+00  4.561605e-02) (   3.778370e+00   0.000000e+00 -1.643125e-02) (   7.556740e+00   0.000000e+00  1.919798e-02) (   1.133511e+01   0.000000e+00 -1.843267e-02) (   1.511348e+01   0.000000e+00  2.157083e-02) 
23.1	(   7.556740e-01   0.000000e+00  3.444920e-02) (   3.778370e+00   0.000000e+00  5.959019e-04) (   7.556740e+00   0.000000e+00  2.826997e-03) (   1.133511e+01   0.000000e+00 -1.259835e-03) (   1.511348e+01   0.000000e+00  5.275886e-03) 
23.2	(   7.556740e-01   0.000000e+00  2.035677e-02) (   3.778370e+00   0.000000e+00  1.713679e-02) (   7.556740e+00   0.000000e+00 -1.423723e-02) (   1.133511e+01   0.000000e+00  1.547390e-02) (   1.511348e+01   0.000000e+00 -1.181435e-02) 
23.3	(   7.556740e-01   0.000000e+00  4.212058e-03) (   3.778370e+00   0.000000e+00  3.182991e-02) (   7.556740e+00   0.000000e+00 -3.061484e-02) (   1.133511e+01   0.000000e+00  3.051850e-02) (   1.511348e+01   0.000000e+00 -2.837156e-02) 
23.4	(   7.556740e-01   0.000000e+00 -1.268034e-02) (   3.778370e+00   0.000000e+00  4.366824e-02) (   7.556740e+00   0.000000e+00 -4.472181e-02) (   1.133511e+01   0.000000e+00  4.290212e-02) (   1.511348e+01   0.000000e+00 -4.284453e-02) 
23.5	(   7.556740e-01   0.000000e+00 -2.900572e-02) (   3.778370e+00   0.000000e+00  5.247542e-02) (   7.556740e+00   0.000000e+00 -5.628491e-02) (   1.133511e+01   0.000000e+00  5.243628e-02) (   1.511348e+01   0.000000e+00 -5.484408e-02) 
23.6	(   7.556740e-01   0.000000e+00 -4.286230e-02) (   3.778370e+00   0.000000e+00  5.745826e-02) (   7.556740e+00   0.000000e+00 -6.342824e-02) (   1.133511e+01   0.000000e+00  5.830558e-02) (   1.511348e+01   0.000000e+00 -6.283241e-02) 
23.7	(   7.556740e-01   0.000000e+00 -5.370865e-02) (   3.778370e+00   0.000000e+00  5.763217e-02) (   7.556740e+00   0.000000e+00 -6.422747e-02) (   1.133511e+01   0.000000e+00  5.928536e-02) (   1.511348e+01   0.000000e+00 -6.454244e-02) 
23.8	(   7.556740e-01   0.000000e+00 -6.053958e-02) (   3.778370e+00   0.000000e+00  5.286490e-02) (   7.556740e+00   0.000000e+00 -5.830728e-02) (   1.133511e+01   0.000000e+00  5.506516e-02) (   1.511348e+01   0.000000e+00 -5.932677e-02) 
23.9	(   7.556740e-01   0.000000e+00 -6.219258e-02) (   3.778370e+00   0.000000e+00  4.424072e-02) (   7.556740e+00   0.000000e+00 -4.711795e-02) (   1.133511e+01   0.000000e+00  4.648640e-02) (   1.511348e+01   0.000000e+00 -4.851326e-02) 
24	(   7.556740e-01   0.000000e+00 -5.792337e-02) (   3.778370e+00   0.000000e+00  3.266990e-02) (   7.556740e+00   0.000000e+00 -3.346333e-02) (   1.133511e+01   0.000000e+00  3.510516e-02) (   1.511348e+01   0.000000e+00 -3.511234e-02) 
24.1	(   7.556740e-01   0.000000e+00 -4.792998e-02) (   3.778370e+00   0.000000e+00  1.828288e-02) (   7.556740e+00   0.000000e+00 -1.728037e-02) (   1.133511e+01   0.000000e+00  2.073223e-02) (   1.511348e+01   0.000000e+00 -1.912924e-02) 
24.2	(   7.556740e-01   0.000000e+00 -3.461183e-02) (   3.778370e+00   0.000000e+00  1.975214e-03) (   7.556740e+00   0.000000e+00 -1.546443e-04) (   1.133511e+01   0.000000e+00  4.343279e-03) (   1.511348e+01   0.000000e+00 -1.991850e-03) 
24.3	(   7.556740e-01   0.000000e+00 -1.863257e-02) (   3.778370e+00   0.000000e+00 -1.492617e-02) (   7.556740e+00   0.000000e+00  1.646769e-02) (   1.133511e+01   0.000000e+00 -1.277423e-02) (   1.511348e+01   0.000000e+00  1.480754e-02) 
24.4	(   7.556740e-01   0.000000e+00 -1.860173e-03) (   3.778370e+00   0.000000e+00 -3.101478e-02) (   7.556740e+00   0.000000e+00  3.134154e-02) (   1.133511e+01   0.000000e+00 -2.925034e-02) (   1.511348e+01   0.000000e+00  2.995157e-02) 
24.5	(   7.556740e-01   0.000000e+00  1.443834e-02) (   3.778370e+00   0.000000e+00 -4.482847e-02) (   7.556740e+00   0.000000e+00  4.349665e-02) (   1.133511e+01   0.000000e+00 -4.353835e-02) (   1.511348e+01   0.000000e+00  4.241411e-02) 
24.6	(   7.556740e-01   0.000000e+00  2.945366e-02) (   3.778370e+00   0.000000e+00 -5.611982e-02) (   7.556740e+00   0.000000e+00  5.278804e-02) (   1.133511e+01   0.000000e+00 -5.533762e-02) (   1.511348e+01   0.000000e+00  5.192129e-02) 
24.7	(   7.556740e-01   0.000000e+00  4.205535e-02) (   3.778370e+00   0.000000e+00 -6.296620e-02) (   7.556740e+00   0.000000e+00  5.828553e-02) (   1.133511e+01   0.000000e+00 -6.298716e-02) (   1.511348e+01   0.000000e+00  5.773674e-02) 
24.8	(   7.556740e-01   0.000000e+00  5.149972e-02) (   3.778370e+00   0.000000e+00 -6.336301e-02) (   7.556740e+00   0.000000e+00  5.885218e-02) (   1.133511e+01   0.000000e+00 -6.430738e-02) (   1.511348e+01   0.000000e+00  5.867760e-02) 
24.9	(   7.556740e-01   0.000000e+00  5.707897e-02) (   3.778370e+00   0.000000e+00 -5.707486e-02) (   7.556740e+00   0.000000e+00  5.428350e-02) (   1.133511e+01   0.000000e+00 -5.873098e-02) (   1.511348e+01   0.000000e+00  5.448089e-02) 
25	(   7.556740e-01   0.000000e+00  5.790370e-02) (   3.778370e+00   0.000000e+00 -4.596970e-02) (   7.556740e+00   0.000000e+00  4.559150e-02) (   1.133511e+01   0.000000e+00 -4.769954e-02) (   1.511348e+01   0.000000e+00  4.606134e-02) 
25.1	(   7.556740e-01   0.000000e+00  5.369516e-02) (   3.778370e+00   0.000000e+00 -3.244979e-02) (   7.556740e+00   0.000000e+00  3.408782e-02) (   1.133511e+01   0.000000e+00 -3.420055e-02) (   1.511348e+01   0.000000e+00  3.483663e-02) 
25.2	(   7.556740e-01   0.000000e+00  4.536077e-02) (   3.778370e+00   0.000000e+00 -1.643621e-02) (   7.556740e+00   0.000000e+00  1.968281e-02) (   1.133511e+01   0.000000e+00 -1.820575e-02) (   1.511348e+01   0.000000e+00  2.067115e-02) 
25.3	(   7.556740e-01   0.000000e+00  3.419455e-02) (   3.778370e+00   0.000000e+00  6.590738e-04) (   7.556740e+00   0.000000e+00  3.323148e-03) (   1.133511e+01   0.000000e+00 -1.214671e-03) (   1.511348e+01   0.000000e+00  4.462533e-03) 
25.4	(   7.556740e-01   0.000000e+00  2.012268e-02) (   3.778370e+00   0.000000e+00  1.727109e-02) (   7.556740e+00   0.000000e+00 -1.374157e-02) (   1.133511e+01   0.000000e+00  1.533857e-02) (   1.511348e+01   0.000000e+00 -1.258929e-02) 
25.5	(   7.556740e-01   0.000000e+00  4.009120e-03) (   3.778370e+00   0.000000e+00  3.203134e-02) (   7.556740e+00   0.000000e+00 -3.013543e-02) (   1.133511e+01   0.000000e+00  3.021072e-02) (   1.511348e+01   0.000000e+00 -2.916590e-02) 
25.6	(   7.556740e-01   0.000000e+00 -1.284138e-02) (   3.778370e+00   0.000000e+00  4.394251e-02) (   7.556740e+00   0.000000e+00 -4.425800e-02) (   1.133511e+01   0.000000e+00  4.244025e-02) (   1.511348e+01   0.000000e+00 -4.367567e-02) 
25.7	(   7.556740e-01   0.000000e+00 -2.910816e-02) (   3.778370e+00   0.000000e+00  5.285685e-02) (   7.556740e+00   0.000000e+00 -5.580326e-02) (   1.133511e+01   0.000000e+00  5.176321e-02) (   1.511348e+01   0.000000e+00 -5.575127e-02) 
25.8	(   7.556740e-01   0.000000e+00 -4.289002e-02) (   3.778370e+00   0.000000e+00  5.792601e-02) (   7.556740e+00   0.000000e+00 -6.298885e-02) (   1.133511e+01   0.000000e+00  5.744751e-02) (   1.511348e+01   0.000000e+00 -6.353162e-02) 
25.9	(   7.556740e-01   0.000000e+00 -5.365348e-02) (   3.778370e+00   0.000000e+00  5.815446e-02) (   7.556740e+00   0.000000e+00 -6.388288e-02) (   1.133511e+01   0.000000e+00  5.831012e-02) (   1.511348e+01   0.000000e+00 -6.472968e-02) 
26	(   7.556740e-01   0.000000e+00 -6.038483e-02) (   3.778370e+00   0.000000e+00  5.340556e-02) (   7.556740e+00   0.000000e+00 -5.808282e-02) (   1.133511e+01   0.000000e+00  5.404887e-02) (   1.511348e+01   0.000000e+00 -5.887822e-02) 
26.1	(   7.556740e-01   0.000000e+00 -6.194289e-02) (   3.778370e+00   0.000000e+00  4.472824e-02) (   7.556740e+00   0.000000e+00 -4.702391e-02) (   1.133511e+01   0.000000e+00  4.559310e-02) (   1.511348e+01   0.000000e+00 -4.762065e-02) 
26.2	(   7.556740e-01   0.000000e+00 -5.760197e-02) (   3.778370e+00   0.000000e+00  3.316180e-02) (   7.556740e+00   0.000000e+00 -3.348580e-02) (   1.133511e+01   0.000000e+00  3.422908e-02) (   1.511348e+01   0.000000e+00 -3.400407e-02) 
26.3	(   7.556740e-01   0.000000e+00 -4.758698e-02) (   3.778370e+00   0.000000e+00  1.874968e-02) (   7.556740e+00   0.000000e+00 -1.742326e-02) (   1.133511e+01   0.000000e+00  1.992925e-02) (   1.511348e+01   0.000000e+00 -1.792036e-02) 
26.4	(   7.556740e-01   0.000000e+00 -3.425155e-02) (   3.778370e+00   0.000000e+00  2.395177e-03) (   7.556740e+00   0.000000e+00 -4.237383e-04) (   1.133511e+01   0.000000e+00  3.657177e-03) (   1.511348e+01   0.000000e+00 -8.097688e-04) 
26.5	(   7.556740e-01   0.000000e+00 -1.824226e-02) (   3.778370e+00   0.000000e+00 -1.456768e-02) (   7.556740e+00   0.000000e+00  1.606809e-02) (   1.133511e+01   0.000000e+00 -1.330060e-02) (   1.511348e+01   0.000000e+00  1.593519e-02) 
26.6	(   7.556740e-01   0.000000e+00 -1.452739e-03) (   3.778370e+00   0.000000e+00 -3.073627e-02) (   7.556740e+00   0.000000e+00  3.082131e-02) (   1.133511e+01   0.000000e+00 -2.958784e-02) (   1.511348e+01   0.000000e+00  3.106269e-02) 
26.7	(   7.556740e-01   0.000000e+00  1.484066e-02) (   3.778370e+00   0.000000e+00 -4.463968e-02) (   7.556740e+00   0.000000e+00  4.287712e-02) (   1.133511e+01   0.000000e+00 -4.367493e-02) (   1.511348e+01   0.000000e+00  4.355846e-02) 
26.8	(   7.556740e-01   0.000000e+00  2.983871e-02) (   3.778370e+00   0.000000e+00 -5.601527e-02) (   7.556740e+00   0.000000e+00  5.202123e-02) (   1.133511e+01   0.000000e+00 -5.525120e-02) (   1.511348e+01   0.000000e+00  5.326835e-02) 
26.9	(   7.556740e-01   0.000000e+00  4.242098e-02) (   3.778370e+00   0.000000e+00 -6.298395e-02) (   7.556740e+00   0.000000e+00  5.743409e-02) (   1.133511e+01   0.000000e+00 -6.259700e-02) (   1.511348e+01   0.000000e+00  5.919570e-02) 
27	(   7.556740e-01   0.000000e+00  5.187060e-02) (   3.778370e+00   0.000000e+00 -6.351772e-02) (   7.556740e+00   0.000000e+00  5.799905e-02) (   1.133511e+01   0.000000e+00 -6.358914e-02) (   1.511348e+01   0.000000e+00  6.005876e-02) 
27.1	(   7.556740e-01   0.000000e+00  5.742104e-02) (   3.778370e+00   0.000000e+00 -5.734601e-02) (   7.556740e+00   0.000000e+00  5.350442e-02) (   1.133511e+01   0.000000e+00 -5.774297e-02) (   1.511348e+01   0.000000e+00  5.556712e-02) 
27.2	(   7.556740e-01   0.000000e+00  5.820214e-02) (   3.778370e+00   0.000000e+00 -4.629544e-02) (   7.556740e+00   0.000000e+00  4.498653e-02) (   1.133511e+01   0.000000e+00 -4.665306e-02) (   1.511348e+01   0.000000e+00  4.663299e-02) 
27.3	(   7.556740e-01   0.000000e+00  5.392843e-02) (   3.778370e+00   0.000000e+00 -3.286235e-02) (   7.556740e+00   0.000000e+00  3.357962e-02) (   1.133511e+01   0.000000e+00 -3.306006e-02) (   1.511348e+01   0.000000e+00  3.495294e-02) 
27.4	(   7.556740e-01   0.000000e+00  4.549275e-02) (   3.778370e+00   0.000000e+00 -1.692438e-02) (   7.556740e+00   0.000000e+00  1.930799e-02) (   1.133511e+01   0.000000e+00 -1.697116e-02) (   1.511348e+01   0.000000e+00  2.029003e-02) 
27.5	(   7.556740e-01   0.000000e+00  3.424591e-02) (   3.778370e+00   0.000000e+00  1.058212e-04) (   7.556740e+00   0.000000e+00  3.103072e-03) (   1.133511e+01   0.000000e+00  6.644177e-05) (   1.511348e+01   0.000000e+00  3.636846e-03) 
27.6	(   7.556740e-01   0.000000e+00  2.008188e-02) (   3.778370e+00   0.000000e+00  1.666780e-02) (   7.556740e+00   0.000000e+00 -1.378926e-02) (   1.133511e+01   0.000000e+00  1.661279e-02) (   1.511348e+01   0.000000e+00 -1.372543e-02) 
27.7	(   7.556740e-01   0.000000e+00  3.867100e-03) (   3.778370e+00   0.000000e+00  3.139734e-02) (   7.556740e+00   0.000000e+00 -2.999603e-02) (   1.133511e+01   0.000000e+00  3.141656e-02) (   1.511348e+01   0.000000e+00 -3.044843e-02) 
27.8	(   7.556740e-01   0.000000e+00 -1.308979e-02) (   3.778370e+00   0.000000e+00  4.329453e-02) (   7.556740e+00   0.000000e+00 -4.391191e-02) (   1.133511e+01   0.000000e+00  4.350985e-02) (   1.511348e+01   0.000000e+00 -4.503671e-02) 
27.9	(   7.556740e-01   0.000000e+00 -2.945833e-02) (   3.778370e+00   0.000000e+00  5.215707e-02) (   7.556740e+00   0.000000e+00 -5.517506e-02) (   1.133511e+01   0.000000e+00  5.274186e-02) (   1.511348e+01   0.000000e+00 -5.736501e-02) 
28	(   7.556740e-01   0.000000e+00 -4.333974e-02) (   3.778370e+00   0.000000e+00  5.725174e-02) (   7.556740e+00   0.000000e+00 -6.209562e-02) (   1.133511e+01   0.000000e+00  5.819502e-02) (   1.511348e+01   0.000000e+00 -6.537247e-02) 
28.1	(   7.556740e-01   0.000000e+00 -5.424833e-02) (   3.778370e+00   0.000000e+00  5.758491e-02) (   7.556740e+00   0.000000e+00 -6.279903e-02) (   1.133511e+01   0.000000e+00  5.872872e-02) (   1.511348e+01   0.000000e+00 -6.671214e-02) 
28.2	(   7.556740e-01   0.000000e+00 -6.108600e-02) (   3.778370e+00   0.000000e+00  5.299856e-02) (   7.556740e+00   0.000000e+00 -5.690246e-02) (   1.133511e+01   0.000000e+00  5.411680e-02) (   1.511348e+01   0.000000e+00 -6.078396e-02) 
28.3	(   7.556740e-01   0.000000e+00 -6.268182e-02) (   3.778370e+00   0.000000e+00  4.451959e-02) (   7.556740e+00   0.000000e+00 -4.595547e-02) (   1.133511e+01   0.000000e+00  4.536400e-02) (   1.511348e+01   0.000000e+00 -4.914769e-02) 
28.4	(   7.556740e-01   0.000000e+00 -5.830442e-02) (   3.778370e+00   0.000000e+00  3.311018e-02) (   7.556740e+00   0.000000e+00 -3.237273e-02) (   1.133511e+01   0.000000e+00  3.371851e-02) (   1.511348e+01   0.000000e+00 -3.505992e-02) 
28.5	(   7.556740e-01   0.000000e+00 -4.816552e-02) (   3.778370e+00   0.000000e+00  1.887633e-02) (   7.556740e+00   0.000000e+00 -1.631422e-02) (   1.133511e+01   0.000000e+00  1.914287e-02) (   1.511348e+01   0.000000e+00 -1.857272e-02) 
28.6	(   7.556740e-01   0.000000e+00 -3.472865e-02) (   3.778370e+00   0.000000e+00  2.707567e-03) (   7.556740e+00   0.000000e+00  6.176554e-04) (   1.133511e+01   0.000000e+00  2.615180e-03) (   1.511348e+01   0.000000e+00 -1.045969e-03) 
28.7	(   7.556740e-01   0.000000e+00 -1.862798e-02) (   3.778370e+00   0.000000e+00 -1.407223e-02) (   7.556740e+00   0.000000e+00  1.699127e-02) (   1.133511e+01   0.000000e+00 -1.455230e-02) (   1.511348e+01   0.000000e+00  1.607905e-02) 
28.8	(   7.556740e-01   0.000000e+00 -1.725555e-03) (   3.778370e+00   0.000000e+00 -3.006799e-02) (   7.556740e+00   0.000000e+00  3.158453e-02) (   1.133511e+01   0.000000e+00 -3.097899e-02) (   1.511348e+01   0.000000e+00  3.155425e-02) 
28.9	(   7.556740e-01   0.000000e+00  1.468443e-02) (   3.778370e+00   0.000000e+00 -4.380124e-02) (   7.556740e+00   0.000000e+00  4.344643e-02) (   1.133511e+01   0.000000e+00 -4.516819e-02) (   1.511348e+01   0.000000e+00  4.438531e-02) 
29	(   7.556740e-01   0.000000e+00  2.979483e-02) (   3.778370e+00   0.000000e+00 -5.491617e-02) (   7.556740e+00   0.000000e+00  5.240610e-02) (   1.133511e+01   0.000000e+00 -5.695848e-02) (   1.511348e+01   0.000000e+00  5.454969e-02) 
29.1	(   7.556740e-01   0.000000e+00  4.247935e-02) (   3.778370e+00   0.000000e+00 -6.170272e-02) (   7.556740e+00   0.000000e+00  5.755738e-02) (   1.133511e+01   0.000000e+00 -6.432849e-02) (   1.511348e+01   0.000000e+00  6.089670e-02) 
29.2	(   7.556740e-01   0.000000e+00  5.206269e-02) (   3.778370e+00   0.000000e+00 -6.218318e-02) (   7.556740e+00   0.000000e+00  5.782661e-02) (   1.133511e+01   0.000000e+00 -6.513742e-02) (   1.511348e+01   0.000000e+00  6.205158e-02) 
29.3	(   7.556740e-01   0.000000e+00  5.775683e-02) (   3.778370e+00   0.000000e+00 -5.609080e-02) (   7.556740e+00   0.000000e+00  5.305431e-02) (   1.133511e+01   0.000000e+00 -5.893448e-02) (   1.511348e+01   0.000000e+00  5.768530e-02) 
29.4	(   7.556740e-01   0.000000e+00  5.866326e-02) (   3.778370e+00   0.000000e+00 -4.530513e-02) (   7.556740e+00   0.000000e+00  4.437318e-02) (   1.133511e+01   0.000000e+00 -4.734214e-02) (   1.511348e+01   0.000000e+00  4.860779e-02) 
29.5	(   7.556740e-01   0.000000e+00  5.447950e-02) (   3.778370e+00   0.000000e+00 -3.196278e-02) (   7.556740e+00   0.000000e+00  3.276615e-02) (   1.133511e+01   0.000000e+00 -3.338769e-02) (   1.511348e+01   0.000000e+00  3.678409e-02) 
29.6	(   7.556740e-01   0.000000e+00  4.606982e-02) (   3.778370e+00   0.000000e+00 -1.614252e-02) (   7.556740e+00   0.000000e+00  1.832821e-02) (   1.133511e+01   0.000000e+00 -1.695383e-02) (   1.511348e+01   0.000000e+00  2.196735e-02) 
29.7	(   7.556740e-01   0.000000e+00  3.491418e-02) (   3.778370e+00   0.000000e+00  7.381754e-04) (   7.556740e+00   0.000000e+00  1.998718e-03) (   1.133511e+01   0.000000e+00  4.284797e-04) (   1.511348e+01   0.000000e+00  5.051431e-03) 
29.8	(   7.556740e-01   0.000000e+00  2.082651e-02) (   3.778370e+00   0.000000e+00  1.711623e-02) (   7.556740e+00   0.000000e+00 -1.496499e-02) (   1.133511e+01   0.000000e+00  1.731143e-02) (   1.511348e+01   0.000000e+00 -1.266723e-02) 
29.9	(   7.556740e-01   0.000000e+00  4.671825e-03) (   3.778370e+00   0.000000e+00  3.164073e-02) (   7.556740e+00   0.000000e+00 -3.116924e-02) (   1.133511e+01   0.000000e+00  3.243734e-02) (   1.511348e+01   0.000000e+00 -2.980551e-02) 
30	(   7.556740e-01   0.000000e+00 -1.226147e-02) (   3.778370e+00   0.000000e+00  4.331266e-02) (   7.556740e+00   0.000000e+00 -4.505123e-02) (   1.133511e+01   0.000000e+00  4.484315e-02) (   1.511348e+01   0.000000e+00 -4.483837e-02) 
30.1	(   7.556740e-01   0.000000e+00 -2.864836e-02) (   3.778370e+00   0.000000e+00  5.191341e-02) (   7.556740e+00   0.000000e+00 -5.634469e-02) (   1.133511e+01   0.000000e+00  5.450702e-02) (   1.511348e+01   0.000000e+00 -5.766775e-02) 
30.2	(   7.556740e-01   0.000000e+00 -4.258925e-02) (   3.778370e+00   0.000000e+00  5.672371e-02) (   7.556740e+00   0.000000e+00 -6.312515e-02) (   1.133511e+01   0.000000e+00  6.027092e-02) (   1.511348e+01   0.000000e+00 -6.622638e-02) 
30.3	(   7.556740e-01   0.000000e+00 -5.352921e-02) (   3.778370e+00   0.000000e+00  5.680581e-02) (   7.556740e+00   0.000000e+00 -6.354551e-02) (   1.133511e+01   0.000000e+00  6.091205e-02) (   1.511348e+01   0.000000e+00 -6.804136e-02) 
30.4	(   7.556740e-01   0.000000e+00 -6.049853e-02) (   3.778370e+00   0.000000e+00  5.203818e-02) (   7.556740e+00   0.000000e+00 -5.728174e-02) (   1.133511e+01   0.000000e+00  5.618893e-02) (   1.511348e+01   0.000000e+00 -6.244652e-02) 
30.5	(   7.556740e-01   0.000000e+00 -6.228961e-02) (   3.778370e+00   0.000000e+00  4.354506e-02) (   7.556740e+00   0.000000e+00 -4.596147e-02) (   1.133511e+01   0.000000e+00  4.698755e-02) (   1.511348e+01   0.000000e+00 -5.095308e-02) 
30.6	(   7.556740e-01   0.000000e+00 -5.815564e-02) (   3.778370e+00   0.000000e+00  3.202947e-02) (   7.556740e+00   0.000000e+00 -3.206863e-02) (   1.133511e+01   0.000000e+00  3.513757e-02) (   1.511348e+01   0.000000e+00 -3.683909e-02) 
30.7	(   7.556740e-01   0.000000e+00 -4.825983e-02) (   3.778370e+00   0.000000e+00  1.773044e-02) (   7.556740e+00   0.000000e+00 -1.571223e-02) (   1.133511e+01   0.000000e+00  2.027750e-02) (   1.511348e+01   0.000000e+00 -2.045932e-02) 
30.8	(   7.556740e-01   0.000000e+00 -3.500523e-02) (   3.778370e+00   0.000000e+00  1.558965e-03) (   7.556740e+00   0.000000e+00  1.491399e-03) (   1.133511e+01   0.000000e+00  3.412534e-03) (   1.511348e+01   0.000000e+00 -2.899837e-03) 
30.9	(   7.556740e-01   0.000000e+00 -1.906603e-02) (   3.778370e+00   0.000000e+00 -1.515397e-02) (   7.556740e+00   0.000000e+00  1.809760e-02) (   1.133511e+01   0.000000e+00 -1.414147e-02) (   1.511348e+01   0.000000e+00  1.439389e-02) 
31	(   7.556740e-01   0.000000e+00 -2.293933e-03) (   3.778370e+00   0.000000e+00 -3.101810e-02) (   7.556740e+00   0.000000e+00  3.288152e-02) (   1.133511e+01   0.000000e+00 -3.097315e-02) (   1.511348e+01   0.000000e+00  3.015329e-02) 
31.1	(   7.556740e-01   0.000000e+00  1.402007e-02) (   3.778370e+00   0.000000e+00 -4.457123e-02) (   7.556740e+00   0.000000e+00  4.489953e-02) (   1.133511e+01   0.000000e+00 -4.558533e-02) (   1.511348e+01   0.000000e+00  4.336107e-02) 
31.2	(   7.556740e-01   0.000000e+00  2.906390e-02) (   3.778370e+00   0.000000e+00 -5.549854e-02) (   7.556740e+00   0.000000e+00  5.410445e-02) (   1.133511e+01   0.000000e+00 -5.790817e-02) (   1.511348e+01   0.000000e+00  5.392809e-02) 
31.3	(   7.556740e-01   0.000000e+00  4.172019e-02) (   3.778370e+00   0.000000e+00 -6.195478e-02) (   7.556740e+00   0.000000e+00  5.934939e-02) (   1.133511e+01   0.000000e+00 -6.580400e-02) (   1.511348e+01   0.000000e+00  6.086664e-02) 
31.4	(   7.556740e-01   0.000000e+00  5.123346e-02) (   3.778370e+00   0.000000e+00 -6.203689e-02) (   7.556740e+00   0.000000e+00  5.953017e-02) (   1.133511e+01   0.000000e+00 -6.698853e-02) (   1.511348e+01   0.000000e+00  6.269541e-02) 
31.5	(   7.556740e-01   0.000000e+00  5.693112e-02) (   3.778370e+00   0.000000e+00 -5.557149e-02) (   7.556740e+00   0.000000e+00  5.451871e-02) (   1.133511e+01   0.000000e+00 -6.094360e-02) (   1.511348e+01   0.000000e+00  5.894554e-02) 
31.6	(   7.556740e-01   0.000000e+00  5.790443e-02) (   3.778370e+00   0.000000e+00 -4.457150e-02) (   7.556740e+00   0.000000e+00  4.540973e-02) (   1.133511e+01   0.000000e+00 -4.925556e-02) (   1.511348e+01   0.000000e+00  5.032089e-02) 
31.7	(   7.556740e-01   0.000000e+00  5.384289e-02) (   3.778370e+00   0.000000e+00 -3.096768e-02) (   7.556740e+00   0.000000e+00  3.353014e-02) (   1.133511e+01   0.000000e+00 -3.514400e-02) (   1.511348e+01   0.000000e+00  3.872044e-02) 
31.8	(   7.556740e-01   0.000000e+00  4.562327e-02) (   3.778370e+00   0.000000e+00 -1.492129e-02) (   7.556740e+00   0.000000e+00  1.876802e-02) (   1.133511e+01   0.000000e+00 -1.864308e-02) (   1.511348e+01   0.000000e+00  2.422033e-02) 
31.9	(   7.556740e-01   0.000000e+00  3.460553e-02) (   3.778370e+00   0.000000e+00  2.131594e-03) (   7.556740e+00   0.000000e+00  2.090255e-03) (   1.133511e+01   0.000000e+00 -1.089296e-03) (   1.511348e+01   0.000000e+00  7.504982e-03) 
32	(   7.556740e-01   0.000000e+00  2.069605e-02) (   3.778370e+00   0.000000e+00  1.861909e-02) (   7.556740e+00   0.000000e+00 -1.522949e-02) (   1.133511e+01   0.000000e+00  1.606688e-02) (   1.511348e+01   0.000000e+00 -1.019084e-02) 
32.1	(   7.556740e-01   0.000000e+00  4.753653e-03) (   3.778370e+00   0.000000e+00  3.318854e-02) (   7.556740e+00   0.000000e+00 -3.176518e-02) (   1.133511e+01   0.000000e+00  3.155380e-02) (   1.511348e+01   0.000000e+00 -2.746932e-02) 
32.2	(   7.556740e-01   0.000000e+00 -1.192501e-02) (   3.778370e+00   0.000000e+00  4.487192e-02) (   7.556740e+00   0.000000e+00 -4.597572e-02) (   1.133511e+01   0.000000e+00  4.437496e-02) (   1.511348e+01   0.000000e+00 -4.274912e-02) 
32.3	(   7.556740e-01   0.000000e+00 -2.803340e-02) (   3.778370e+00   0.000000e+00  5.356937e-02) (   7.556740e+00   0.000000e+00 -5.770882e-02) (   1.133511e+01   0.000000e+00  5.452356e-02) (   1.511348e+01   0.000000e+00 -5.567149e-02) 
32.4	(   7.556740e-01   0.000000e+00 -4.169810e-02) (   3.778370e+00   0.000000e+00  5.831514e-02) (   7.556740e+00   0.000000e+00 -6.485313e-02) (   1.133511e+01   0.000000e+00  6.088752e-02) (   1.511348e+01   0.000000e+00 -6.466792e-02) 
32.5	(   7.556740e-01   0.000000e+00 -5.226683e-02) (   3.778370e+00   0.000000e+00  5.816835e-02) (   7.556740e+00   0.000000e+00 -6.545360e-02) (   1.133511e+01   0.000000e+00  6.212230e-02) (   1.511348e+01   0.000000e+00 -6.715620e-02) 
32.6	(   7.556740e-01   0.000000e+00 -5.892266e-02) (   3.778370e+00   0.000000e+00  5.306034e-02) (   7.556740e+00   0.000000e+00 -5.914725e-02) (   1.133511e+01   0.000000e+00  5.786728e-02) (   1.511348e+01   0.000000e+00 -6.234848e-02) 
32.7	(   7.556740e-01   0.000000e+00 -6.055378e-02) (   3.778370e+00   0.000000e+00  4.412824e-02) (   7.556740e+00   0.000000e+00 -4.746059e-02) (   1.133511e+01   0.000000e+00  4.889691e-02) (   1.511348e+01   0.000000e+00 -5.158400e-02) 
32.8	(   7.556740e-01   0.000000e+00 -5.644819e-02) (   3.778370e+00   0.000000e+00  3.227452e-02) (   7.556740e+00   0.000000e+00 -3.339030e-02) (   1.133511e+01   0.000000e+00  3.715330e-02) (   1.511348e+01   0.000000e+00 -3.802142e-02) 
32.9	(   7.556740e-01   0.000000e+00 -4.681090e-02) (   3.778370e+00   0.000000e+00  1.761298e-02) (   7.556740e+00   0.000000e+00 -1.681845e-02) (   1.133511e+01   0.000000e+00  2.242978e-02) (   1.511348e+01   0.000000e+00 -2.221512e-02) 
33	(   7.556740e-01   0.000000e+00 -3.374452e-02) (   3.778370e+00   0.000000e+00  1.069959e-03) (   7.556740e+00   0.000000e+00  6.768430e-04) (   1.133511e+01   0.000000e+00  5.589137e-03) (   1.511348e+01   0.000000e+00 -5.101031e-03) 
33.1	(   7.556740e-01   0.000000e+00 -1.796819e-02) (   3.778370e+00   0.000000e+00 -1.600725e-02) (   7.556740e+00   0.000000e+00  1.763342e-02) (   1.133511e+01   0.000000e+00 -1.206376e-02) (   1.511348e+01   0.000000e+00  1.190604e-02) 
33.2	(   7.556740e-01   0.000000e+00 -1.414189e-03) (   3.778370e+00   0.000000e+00 -3.219179e-02) (   7.556740e+00   0.000000e+00  3.280851e-02) (   1.133511e+01   0.000000e+00 -2.911716e-02) (   1.511348e+01   0.000000e+00  2.754757e-02) 
33.3	(   7.556740e-01   0.000000e+00  1.466264e-02) (   3.778370e+00   0.000000e+00 -4.606809e-02) (   7.556740e+00   0.000000e+00  4.524807e-02) (   1.133511e+01   0.000000e+00 -4.402700e-02) (   1.511348e+01   0.000000e+00  4.082098e-02) 
33.4	(   7.556740e-01   0.000000e+00  2.946307e-02) (   3.778370e+00   0.000000e+00 -5.744095e-02) (   7.556740e+00   0.000000e+00  5.496724e-02) (   1.133511e+01   0.000000e+00 -5.659667e-02) (   1.511348e+01   0.000000e+00  5.132364e-02) 
33.5	(   7.556740e-01   0.000000e+00  4.188331e-02) (   3.778370e+00   0.000000e+00 -6.412882e-02) (   7.556740e+00   0.000000e+00  6.071440e-02) (   1.133511e+01   0.000000e+00 -6.500906e-02) (   1.511348e+01   0.000000e+00  5.856327e-02) 
33.6	(   7.556740e-01   0.000000e+00  5.115101e-02) (   3.778370e+00   0.000000e+00 -6.417745e-02) (   7.556740e+00   0.000000e+00  6.127412e-02) (   1.133511e+01   0.000000e+00 -6.685811e-02) (   1.511348e+01   0.000000e+00  6.103817e-02) 
33.7	(   7.556740e-01   0.000000e+00  5.658425e-02) (   3.778370e+00   0.000000e+00 -5.744138e-02) (   7.556740e+00   0.000000e+00  5.646628e-02) (   1.133511e+01   0.000000e+00 -6.147866e-02) (   1.511348e+01   0.000000e+00  5.815931e-02) 
33.8	(   7.556740e-01   0.000000e+00  5.733228e-02) (   3.778370e+00   0.000000e+00 -4.589426e-02) (   7.556740e+00   0.000000e+00  4.720536e-02) (   1.133511e+01   0.000000e+00 -5.032177e-02) (   1.511348e+01   0.000000e+00  5.043191e-02) 
33.9	(   7.556740e-01   0.000000e+00  5.310013e-02) (   3.778370e+00   0.000000e+00 -3.197683e-02) (   7.556740e+00   0.000000e+00  3.536005e-02) (   1.133511e+01   0.000000e+00 -3.657029e-02) (   1.511348e+01   0.000000e+00  3.959133e-02) 
34	(   7.556740e-01   0.000000e+00  4.480923e-02) (   3.778370e+00   0.000000e+00 -1.556623e-02) (   7.556740e+00   0.000000e+00  2.053979e-02) (   1.133511e+01   0.000000e+00 -2.048783e-02) (   1.511348e+01   0.000000e+00  2.579409e-02) 
34.1	(   7.556740e-01   0.000000e+00  3.363870e-02) (   3.778370e+00   0.000000e+00  1.881981e-03) (   7.556740e+00   0.000000e+00  3.706952e-03) (   1.133511e+01   0.000000e+00 -3.226085e-03) (   1.511348e+01   0.000000e+00  9.686855e-03) 
34.2	(   7.556740e-01   0.000000e+00  1.961132e-02) (   3.778370e+00   0.000000e+00  1.877228e-02) (   7.556740e+00   0.000000e+00 -1.387341e-02) (   1.133511e+01   0.000000e+00  1.376605e-02) (   1.511348e+01   0.000000e+00 -7.541754e-03) 
34.3	(   7.556740e-01   0.000000e+00  3.596431e-03) (   3.778370e+00   0.000000e+00  3.374135e-02) (   7.556740e+00   0.000000e+00 -3.074487e-02) (   1.133511e+01   0.000000e+00  2.923662e-02) (   1.511348e+01   0.000000e+00 -2.450557e-02) 
34.4	(   7.556740e-01   0.000000e+00 -1.307696e-02) (   3.778370e+00   0.000000e+00  4.583755e-02) (   7.556740e+00   0.000000e+00 -4.531790e-02) (   1.133511e+01   0.000000e+00  4.220169e-02) (   1.511348e+01   0.000000e+00 -3.967457e-02) 
34.5	(   7.556740e-01   0.000000e+00 -2.909854e-02) (   3.778370e+00   0.000000e+00  5.503877e-02) (   7.556740e+00   0.000000e+00 -5.746232e-02) (   1.133511e+01   0.000000e+00  5.242811e-02) (   1.511348e+01   0.000000e+00 -5.221298e-02) 
34.6	(   7.556740e-01   0.000000e+00 -4.257897e-02) (   3.778370e+00   0.000000e+00  6.022187e-02) (   7.556740e+00   0.000000e+00 -6.518437e-02) (   1.133511e+01   0.000000e+00  5.919945e-02) (   1.511348e+01   0.000000e+00 -6.122801e-02) 
34.7	(   7.556740e-01   0.000000e+00 -5.295646e-02) (   3.778370e+00   0.000000e+00  6.034204e-02) (   7.556740e+00   0.000000e+00 -6.637966e-02) (   1.133511e+01   0.000000e+00  6.109965e-02) (   1.511348e+01   0.000000e+00 -6.425701e-02) 
34.8	(   7.556740e-01   0.000000e+00 -5.927363e-02) (   3.778370e+00   0.000000e+00  5.529707e-02) (   7.556740e+00   0.000000e+00 -6.053764e-02) (   1.133511e+01   0.000000e+00  5.763001e-02) (   1.511348e+01   0.000000e+00 -6.041055e-02) 
34.9	(   7.556740e-01   0.000000e+00 -6.048510e-02) (   3.778370e+00   0.000000e+00  4.606958e-02) (   7.556740e+00   0.000000e+00 -4.908289e-02) (   1.133511e+01   0.000000e+00  4.939642e-02) (   1.511348e+01   0.000000e+00 -5.072627e-02) 
35	(   7.556740e-01   0.000000e+00 -5.591506e-02) (   3.778370e+00   0.000000e+00  3.416566e-02) (   7.556740e+00   0.000000e+00 -3.514915e-02) (   1.133511e+01   0.000000e+00  3.822832e-02) (   1.511348e+01   0.000000e+00 -3.816362e-02) 
