           0.1	   3.999975e+00  -2.505439e-05   3.999997e+00  -3.306137e-06   4.000000e+00  -3.612056e-07   4.000000e+00  -3.984488e-08   4.000000e+00  -4.402679e-09
0.2	   3.999825e+00  -1.745652e-04   3.999977e+00  -2.265021e-05   3.999997e+00  -2.501766e-06   4.000000e+00  -2.794659e-07   4.000000e+00  -3.127238e-08
0.3	   3.999489e+00  -5.109021e-04   3.999934e+00  -6.559781e-05   3.999993e+00  -7.362984e-06   3.999999e+00  -8.369243e-07   4.000000e+00  -9.525878e-08
0.4	   3.998930e+00  -1.069561e-03   3.999863e+00  -1.368948e-04   3.999984e+00  -1.570012e-05   3.999998e+00  -1.824561e-06   4.000000e+00  -2.121243e-07
0.5	   3.998122e+00  -1.877643e-03   3.999758e+00  -2.416588e-04   3.999972e+00  -2.846133e-05   3.999997e+00  -3.395388e-06   4.000000e+00  -4.045502e-07
0.6	   3.997054e+00  -2.945811e-03   3.999615e+00  -3.848703e-04   3.999953e+00  -4.676184e-05   3.999994e+00  -5.745824e-06   3.999999e+00  -7.033362e-07
0.7	   3.995747e+00  -4.253059e-03   3.999430e+00  -5.699634e-04   3.999928e+00  -7.175812e-05   3.999991e+00  -9.108075e-06   3.999999e+00  -1.147666e-06
0.8	   3.994264e+00  -5.736468e-03   3.999202e+00  -7.980662e-04   3.999895e+00  -1.045836e-04   3.999986e+00  -1.374943e-05   3.999998e+00  -1.786330e-06
0.9	   3.992716e+00  -7.284017e-03   3.998932e+00  -1.067563e-03   3.999854e+00  -1.463128e-04   3.999980e+00  -1.997515e-05   3.999997e+00  -2.679626e-06
1	   3.991262e+00  -8.737782e-03   3.998625e+00  -1.374578e-03   3.999802e+00  -1.979925e-04   3.999972e+00  -2.813649e-05   3.999996e+00  -3.901779e-06
1.1	   3.990093e+00  -9.906685e-03   3.998286e+00  -1.714315e-03   3.999739e+00  -2.607763e-04   3.999961e+00  -3.865206e-05   3.999994e+00  -5.545367e-06
1.2	   3.989461e+00  -1.053902e-02   3.997924e+00  -2.076155e-03   3.999665e+00  -3.353578e-04   3.999948e+00  -5.195167e-05   3.999992e+00  -7.717447e-06
1.3	   3.989569e+00  -1.043106e-02   3.997553e+00  -2.446919e-03   3.999578e+00  -4.222480e-04   3.999931e+00  -6.850881e-05   3.999989e+00  -1.054534e-05
1.4	   3.990680e+00  -9.319967e-03   3.997187e+00  -2.813243e-03   3.999478e+00  -5.219608e-04   3.999911e+00  -8.886265e-05   3.999986e+00  -1.418157e-05
1.5	   3.992949e+00  -7.051370e-03   3.996842e+00  -3.158086e-03   3.999365e+00  -6.345651e-04   3.999886e+00  -1.135700e-04   3.999981e+00  -1.880156e-05
1.6	   3.996465e+00  -3.534734e-03   3.996547e+00  -3.452960e-03   3.999241e+00  -7.587202e-04   3.999857e+00  -1.430915e-04   3.999975e+00  -2.459308e-05
1.7	   4.001132e+00   1.132416e-03   3.996331e+00  -3.668582e-03   3.999107e+00  -8.927759e-04   3.999822e+00  -1.779013e-04   3.999968e+00  -3.177080e-05
1.8	   4.006649e+00   6.649363e-03   3.996222e+00  -3.777628e-03   3.998965e+00  -1.034674e-03   3.999782e+00  -2.184606e-04   3.999959e+00  -4.057518e-05
1.9	   4.012594e+00   1.259356e-02   3.996248e+00  -3.751526e-03   3.998819e+00  -1.181458e-03   3.999735e+00  -2.651482e-04   3.999949e+00  -5.126697e-05
2	   4.018473e+00   1.847339e-02   3.996441e+00  -3.558878e-03   3.998670e+00  -1.329857e-03   3.999682e+00  -3.182909e-04   3.999936e+00  -6.412934e-05
2.1	   4.023851e+00   2.385122e-02   3.996825e+00  -3.175343e-03   3.998524e+00  -1.475628e-03   3.999622e+00  -3.780745e-04   3.999921e+00  -7.945967e-05
2.2	   4.028278e+00   2.827830e-02   3.997426e+00  -2.574250e-03   3.998387e+00  -1.613008e-03   3.999556e+00  -4.444480e-04   3.999902e+00  -9.755718e-05
2.3	   4.031350e+00   3.134968e-02   3.998266e+00  -1.734244e-03   3.998265e+00  -1.735239e-03   3.999483e+00  -5.171380e-04   3.999881e+00  -1.187213e-04
2.4	   4.032720e+00   3.272000e-02   3.999358e+00  -6.417116e-04   3.998166e+00  -1.834420e-03   3.999404e+00  -5.956045e-04   3.999857e+00  -1.432414e-04
2.5	   4.032129e+00   3.212948e-02   4.000706e+00   7.061122e-04   3.998098e+00  -1.901964e-03   3.999321e+00  -6.790007e-04   3.999829e+00  -1.713870e-04
2.6	   4.029308e+00   2.930756e-02   4.002302e+00   2.301636e-03   3.998071e+00  -1.929470e-03   3.999234e+00  -7.660844e-04   3.999797e+00  -2.033847e-04
2.7	   4.024320e+00   2.431973e-02   4.004125e+00   4.125143e-03   3.998094e+00  -1.906187e-03   3.999145e+00  -8.551660e-04   3.999761e+00  -2.394028e-04
2.8	   4.017428e+00   1.742840e-02   4.006141e+00   6.140843e-03   3.998180e+00  -1.819538e-03   3.999056e+00  -9.440817e-04   3.999720e+00  -2.795330e-04
2.9	   4.008984e+00   8.983853e-03   4.008279e+00   8.278804e-03   3.998340e+00  -1.660284e-03   3.998970e+00  -1.030350e-03   3.999676e+00  -3.237920e-04
3	   3.999413e+00  -5.869538e-04   4.010450e+00   1.045006e-02   3.998579e+00  -1.420567e-03   3.998889e+00  -1.111104e-03   3.999628e+00  -3.720871e-04
3.1	   3.989299e+00  -1.070076e-02   4.012545e+00   1.254535e-02   3.998908e+00  -1.092109e-03   3.998817e+00  -1.182776e-03   3.999576e+00  -4.241686e-04
3.2	   3.979276e+00  -2.072364e-02   4.014442e+00   1.444156e-02   3.999332e+00  -6.676535e-04   3.998759e+00  -1.241129e-03   3.999520e+00  -4.796153e-04
3.3	   3.969954e+00  -3.004577e-02   4.015994e+00   1.599430e-02   3.999857e+00  -1.430288e-04   3.998718e+00  -1.281684e-03   3.999462e+00  -5.378254e-04
3.4	   3.961769e+00  -3.823124e-02   4.017042e+00   1.704221e-02   4.000482e+00   4.818620e-04   3.998700e+00  -1.300245e-03   3.999402e+00  -5.979970e-04
3.5	   3.955146e+00  -4.485378e-02   4.017439e+00   1.743897e-02   4.001203e+00   1.202636e-03   3.998708e+00  -1.291807e-03   3.999341e+00  -6.591034e-04
3.6	   3.950535e+00  -4.946495e-02   4.017036e+00   1.703608e-02   4.002010e+00   2.010287e-03   3.998750e+00  -1.250256e-03   3.999280e+00  -7.198721e-04
3.7	   3.948301e+00  -5.169902e-02   4.015671e+00   1.567107e-02   4.002891e+00   2.890704e-03   3.998829e+00  -1.170527e-03   3.999221e+00  -7.787682e-04
3.8	   3.948662e+00  -5.133784e-02   4.013262e+00   1.326155e-02   4.003824e+00   3.824196e-03   3.998952e+00  -1.047654e-03   3.999166e+00  -8.339883e-04
3.9	   3.952000e+00  -4.799955e-02   4.009778e+00   9.778271e-03   4.004786e+00   4.785900e-03   3.999123e+00  -8.771146e-04   3.999117e+00  -8.834243e-04
4	   3.958238e+00  -4.176183e-02   4.005263e+00   5.262523e-03   4.005748e+00   5.748399e-03   3.999345e+00  -6.551921e-04   3.999075e+00  -9.246652e-04
4.1	   3.967008e+00  -3.299208e-02   3.999834e+00  -1.661562e-04   4.006673e+00   6.672866e-03   3.999621e+00  -3.792477e-04   3.999045e+00  -9.551300e-04
4.2	   3.978151e+00  -2.184852e-02   3.993702e+00  -6.298113e-03   4.007515e+00   7.515010e-03   3.999952e+00  -4.794733e-05   3.999028e+00  -9.722548e-04
4.3	   3.991427e+00  -8.573438e-03   3.987178e+00  -1.282241e-02   4.008229e+00   8.229414e-03   4.000339e+00   3.386805e-04   3.999027e+00  -9.733400e-04
4.4	   4.006266e+00   6.266283e-03   3.980634e+00  -1.936588e-02   4.008767e+00   8.767124e-03   4.000779e+00   7.786782e-04   3.999045e+00  -9.545401e-04
4.5	   4.021719e+00   2.171941e-02   3.974502e+00  -2.549811e-02   4.009080e+00   9.080409e-03   4.001268e+00   1.267624e-03   3.999087e+00  -9.127301e-04
4.6	   4.036850e+00   3.685022e-02   3.969169e+00  -3.083057e-02   4.009127e+00   9.127037e-03   4.001799e+00   1.798592e-03   3.999155e+00  -8.447824e-04
4.7	   4.051131e+00   5.113126e-02   3.965059e+00  -3.494060e-02   4.008854e+00   8.854051e-03   4.002363e+00   2.362593e-03   3.999252e+00  -7.477174e-04
4.8	   4.063642e+00   6.364182e-02   3.962571e+00  -3.742934e-02   4.008230e+00   8.229749e-03   4.002948e+00   2.947997e-03   3.999381e+00  -6.188968e-04
4.9	   4.073244e+00   7.324401e-02   3.961971e+00  -3.802927e-02   4.007229e+00   7.228530e-03   4.003540e+00   3.540252e-03   3.999544e+00  -4.561641e-04
5	   4.078970e+00   7.896953e-02   3.963599e+00  -3.640063e-02   4.005838e+00   5.837577e-03   4.004125e+00   4.124982e-03   3.999742e+00  -2.580109e-04
5.1	   4.080166e+00   8.016553e-02   3.967543e+00  -3.245750e-02   4.004060e+00   4.060247e-03   4.004680e+00   4.679845e-03   3.999976e+00  -2.367542e-05
5.2	   4.076335e+00   7.633460e-02   3.973801e+00  -2.619930e-02   4.001923e+00   1.922585e-03   4.005183e+00   5.183016e-03   4.000247e+00   2.467501e-04
5.3	   4.067412e+00   6.741236e-02   3.982252e+00  -1.774820e-02   3.999470e+00  -5.295273e-04   4.005611e+00   5.610610e-03   4.000552e+00   5.521088e-04
5.4	   4.053982e+00   5.398199e-02   3.992566e+00  -7.434025e-03   3.996769e+00  -3.230589e-03   4.005938e+00   5.937748e-03   4.000890e+00   8.900246e-04
5.5	   4.037334e+00   3.733381e-02   4.004253e+00   4.252626e-03   3.993909e+00  -6.091244e-03   4.006142e+00   6.142052e-03   4.001257e+00   1.256818e-03
5.6	   4.019000e+00   1.900043e-02   4.016675e+00   1.667484e-02   3.990999e+00  -9.000526e-03   4.006205e+00   6.204832e-03   4.001647e+00   1.647408e-03
5.7	   3.999576e+00  -4.236933e-04   4.029102e+00   2.910156e-02   3.988171e+00  -1.182916e-02   4.006101e+00   6.101201e-03   4.002055e+00   2.055248e-03
5.8	   3.980205e+00  -1.979454e-02   4.040959e+00   4.095927e-02   3.985572e+00  -1.442831e-02   4.005813e+00   5.813445e-03   4.002472e+00   2.472370e-03
5.9	   3.962024e+00  -3.797630e-02   4.051408e+00   5.140796e-02   3.983369e+00  -1.663087e-02   4.005330e+00   5.330161e-03   4.002890e+00   2.890014e-03
6	   3.945324e+00  -5.467649e-02   4.059478e+00   5.947771e-02   3.981721e+00  -1.827901e-02   4.004644e+00   4.644167e-03   4.003298e+00   3.297958e-03
6.1	   3.930896e+00  -6.910437e-02   4.064426e+00   6.442554e-02   3.980752e+00  -1.924792e-02   4.003755e+00   3.755236e-03   4.003683e+00   3.682541e-03
6.2	   3.919831e+00  -8.016937e-02   4.065845e+00   6.584520e-02   3.980571e+00  -1.942873e-02   4.002671e+00   2.671239e-03   4.004030e+00   4.030270e-03
6.3	   3.913039e+00  -8.696085e-02   4.063440e+00   6.343991e-02   3.981337e+00  -1.866268e-02   4.001409e+00   1.408940e-03   4.004327e+00   4.326762e-03
6.4	   3.910979e+00  -8.902072e-02   4.057131e+00   5.713134e-02   3.983147e+00  -1.685263e-02   3.999994e+00  -5.654359e-06   4.004558e+00   4.557587e-03
6.5	   3.913966e+00  -8.603385e-02   4.047348e+00   4.734780e-02   3.986039e+00  -1.396087e-02   3.998463e+00  -1.537031e-03   4.004710e+00   4.709557e-03
6.6	   3.921833e+00  -7.816660e-02   4.034871e+00   3.487148e-02   3.990004e+00  -9.996240e-03   3.996860e+00  -3.140358e-03   4.004772e+00   4.771589e-03
6.7	   3.934034e+00  -6.596639e-02   4.020437e+00   2.043679e-02   3.994980e+00  -5.020471e-03   3.995238e+00  -4.761661e-03   4.004731e+00   4.730877e-03
6.8	   3.949924e+00  -5.007570e-02   4.004580e+00   4.579909e-03   4.000844e+00   8.436164e-04   3.993661e+00  -6.338763e-03   4.004575e+00   4.575291e-03
6.9	   3.968383e+00  -3.161676e-02   3.988152e+00  -1.184813e-02   4.007402e+00   7.401750e-03   3.992197e+00  -7.802982e-03   4.004299e+00   4.298570e-03
7	   3.988466e+00  -1.153437e-02   3.972040e+00  -2.795955e-02   4.014390e+00   1.439045e-02   3.990919e+00  -9.080880e-03   4.003896e+00   3.896484e-03
7.1	   4.009255e+00   9.254594e-03   3.957019e+00  -4.298050e-02   4.021483e+00   2.148287e-02   3.989904e+00  -1.009552e-02   4.003368e+00   3.368325e-03
7.2	   4.029348e+00   2.934779e-02   3.943605e+00  -5.639489e-02   4.028332e+00   2.833152e-02   3.989223e+00  -1.077738e-02   4.002718e+00   2.717506e-03
7.3	   4.048205e+00   4.820484e-02   3.932652e+00  -6.734846e-02   4.034559e+00   3.455920e-02   3.988929e+00  -1.107081e-02   4.001952e+00   1.952192e-03
7.4	   4.065221e+00   6.522137e-02   3.924933e+00  -7.506651e-02   4.039715e+00   3.971467e-02   3.989084e+00  -1.091600e-02   4.001086e+00   1.085597e-03
7.5	   4.079439e+00   7.943936e-02   3.920992e+00  -7.900809e-02   4.043285e+00   4.328525e-02   3.989758e+00  -1.024203e-02   4.000136e+00   1.360696e-04
7.6	   4.089887e+00   8.988669e-02   3.921092e+00  -7.890762e-02   4.044853e+00   4.485294e-02   3.990979e+00  -9.020891e-03   3.999127e+00  -8.729051e-04
7.7	   4.095470e+00   9.547047e-02   3.925619e+00  -7.438076e-02   4.044106e+00   4.410570e-02   3.992761e+00  -7.239436e-03   3.998087e+00  -1.912871e-03
7.8	   4.095087e+00   9.508668e-02   3.934284e+00  -6.571585e-02   4.040642e+00   4.064166e-02   3.995092e+00  -4.907650e-03   3.997049e+00  -2.950848e-03
7.9	   4.087831e+00   8.783145e-02   3.946655e+00  -5.334501e-02   4.034745e+00   3.474517e-02   3.997938e+00  -2.062075e-03   3.996050e+00  -3.949791e-03
8	   4.074977e+00   7.497675e-02   3.962109e+00  -3.789094e-02   4.026694e+00   2.669435e-02   4.001233e+00   1.233087e-03   3.995130e+00  -4.869732e-03
8.1	   4.058397e+00   5.839712e-02   3.979749e+00  -2.025113e-02   4.016622e+00   1.662159e-02   4.004884e+00   4.883735e-03   3.994332e+00  -5.668254e-03
8.2	   4.039612e+00   3.961177e-02   3.999219e+00  -7.813881e-04   4.005005e+00   5.005378e-03   4.008766e+00   8.766247e-03   3.993698e+00  -6.301548e-03
8.3	   4.019952e+00   1.995172e-02   4.019482e+00   1.948204e-02   3.992449e+00  -7.550700e-03   4.012730e+00   1.273005e-02   3.993269e+00  -6.730611e-03
8.4	   3.999504e+00  -4.964516e-04   4.039548e+00   3.954792e-02   3.979642e+00  -2.035840e-02   4.016601e+00   1.660133e-02   3.993076e+00  -6.924460e-03
8.5	   3.979382e+00  -2.061805e-02   4.058643e+00   5.864266e-02   3.967339e+00  -3.266068e-02   4.020197e+00   2.019688e-02   3.993151e+00  -6.849079e-03
8.6	   3.960826e+00  -3.917384e-02   4.075173e+00   7.517318e-02   3.955948e+00  -4.405229e-02   4.023320e+00   2.331954e-02   3.993537e+00  -6.463036e-03
8.7	   3.944119e+00  -5.588105e-02   4.087538e+00   8.753801e-02   3.946107e+00  -5.389293e-02   4.025733e+00   2.573342e-02   3.994249e+00  -5.751003e-03
8.8	   3.929962e+00  -7.003806e-02   4.094580e+00   9.458040e-02   3.938616e+00  -6.138444e-02   4.027256e+00   2.725564e-02   3.995295e+00  -4.704690e-03
8.9	   3.919267e+00  -8.073284e-02   4.095787e+00   9.578738e-02   3.934164e+00  -6.583554e-02   4.027752e+00   2.775154e-02   3.996672e+00  -3.327941e-03
9	   3.912778e+00  -8.722192e-02   4.090727e+00   9.072662e-02   3.933189e+00  -6.681128e-02   4.027080e+00   2.707964e-02   3.998362e+00  -1.638308e-03
9.1	   3.910894e+00  -8.910561e-02   4.079784e+00   7.978409e-02   3.936120e+00  -6.387975e-02   4.025107e+00   2.510729e-02   4.000332e+00   3.316603e-04
9.2	   3.913871e+00  -8.612850e-02   4.064087e+00   6.408748e-02   3.942923e+00  -5.707708e-02   4.021823e+00   2.182268e-02   4.002534e+00   2.534180e-03
9.3	   3.921489e+00  -7.851051e-02   4.045027e+00   4.502652e-02   3.953193e+00  -4.680737e-02   4.017269e+00   1.726905e-02   4.004906e+00   4.906387e-03
9.4	   3.933257e+00  -6.674262e-02   4.024483e+00   2.448347e-02   3.966038e+00  -3.396168e-02   4.011562e+00   1.156157e-02   4.007371e+00   7.370875e-03
9.5	   3.948661e+00  -5.133885e-02   4.003279e+00   3.279391e-03   3.980954e+00  -1.904600e-02   4.004887e+00   4.886912e-03   4.009837e+00   9.836979e-03
9.6	   3.966742e+00  -3.325754e-02   3.982408e+00  -1.759207e-02   3.997689e+00  -2.311183e-03   3.997498e+00  -2.502484e-03   4.012204e+00   1.220371e-02
9.7	   3.986551e+00  -1.344940e-02   3.963004e+00  -3.699594e-02   4.015349e+00   1.534868e-02   3.989703e+00  -1.029661e-02   4.014362e+00   1.436249e-02
9.8	   4.007261e+00   7.261141e-03   3.945573e+00  -5.442662e-02   4.032999e+00   3.299921e-02   3.981861e+00  -1.813923e-02   4.016201e+00   1.620052e-02
9.9	   4.027430e+00   2.742964e-02   3.930891e+00  -6.910912e-02   4.050314e+00   5.031381e-02   3.974366e+00  -2.563374e-02   4.017613e+00   1.761333e-02
10	   4.046431e+00   4.643063e-02   3.919865e+00  -8.013531e-02   4.066112e+00   6.611203e-02   3.967639e+00  -3.236053e-02   4.018492e+00   1.849168e-02
10.1	   4.063753e+00   6.375312e-02   3.913135e+00  -8.686541e-02   4.078725e+00   7.872458e-02   3.961996e+00  -3.800395e-02   4.018763e+00   1.876330e-02
10.2	   4.078387e+00   7.838673e-02   3.911008e+00  -8.899171e-02   4.086771e+00   8.677148e-02   3.957802e+00  -4.219800e-02   4.018341e+00   1.834136e-02
10.3	   4.089257e+00   8.925669e-02   3.913662e+00  -8.633845e-02   4.089423e+00   8.942253e-02   3.955378e+00  -4.462239e-02   4.017160e+00   1.715988e-02
10.4	   4.095255e+00   9.525515e-02   3.921008e+00  -7.899232e-02   4.086299e+00   8.629885e-02   3.954948e+00  -4.505236e-02   4.015207e+00   1.520671e-02
10.5	   4.095378e+00   9.537808e-02   3.932426e+00  -6.757357e-02   4.077398e+00   7.739810e-02   3.956819e+00  -4.318114e-02   4.012497e+00   1.249668e-02
10.6	   4.088731e+00   8.873101e-02   3.947211e+00  -5.278854e-02   4.063770e+00   6.377033e-02   3.961064e+00  -3.893579e-02   4.009081e+00   9.080639e-03
10.7	   4.076401e+00   7.640145e-02   3.964505e+00  -3.549543e-02   4.046760e+00   4.675956e-02   3.967478e+00  -3.252228e-02   4.005047e+00   5.046802e-03
10.8	   4.060162e+00   6.016227e-02   3.983388e+00  -1.661232e-02   4.028393e+00   2.839346e-02   3.976021e+00  -2.397892e-02   4.000520e+00   5.200237e-04
10.9	   4.041523e+00   4.152274e-02   4.003421e+00   3.421063e-03   4.009079e+00   9.079419e-03   3.986467e+00  -1.353302e-02   3.995659e+00  -4.340747e-03
11	   4.021929e+00   2.192893e-02   4.023582e+00   2.358157e-02   3.989380e+00  -1.061962e-02   3.998431e+00  -1.569003e-03   3.990652e+00  -9.348272e-03
11.1	   4.001508e+00   1.508352e-03   4.043068e+00   4.306761e-02   3.970306e+00  -2.969360e-02   4.011380e+00   1.137963e-02   3.985707e+00  -1.429314e-02
11.2	   3.981299e+00  -1.870067e-02   4.061112e+00   6.111165e-02   3.952346e+00  -4.765388e-02   4.024663e+00   2.466273e-02   3.981050e+00  -1.895047e-02
11.3	   3.962584e+00  -3.741579e-02   4.076380e+00   7.637985e-02   3.935956e+00  -6.404430e-02   4.037710e+00   3.770962e-02   3.976917e+00  -2.308314e-02
11.4	   3.945691e+00  -5.430919e-02   4.087618e+00   8.761769e-02   3.922415e+00  -7.758529e-02   4.049850e+00   4.985015e-02   3.973553e+00  -2.644733e-02
11.5	   3.931256e+00  -6.874408e-02   4.093876e+00   9.387612e-02   3.912886e+00  -8.711449e-02   4.060092e+00   6.009213e-02   3.971121e+00  -2.887925e-02
11.6	   3.920190e+00  -7.981014e-02   4.094723e+00   9.472344e-02   3.908176e+00  -9.182445e-02   4.067468e+00   6.746750e-02   3.969785e+00  -3.021512e-02
11.7	   3.913254e+00  -8.674625e-02   4.089665e+00   8.966456e-02   3.908673e+00  -9.132710e-02   4.071228e+00   7.122760e-02   3.969672e+00  -3.032783e-02
11.8	   3.910902e+00  -8.909813e-02   4.078976e+00   7.897617e-02   3.914793e+00  -8.520726e-02   4.070977e+00   7.097701e-02   3.970954e+00  -2.904602e-02
11.9	   3.913362e+00  -8.663828e-02   4.063606e+00   6.360648e-02   3.925938e+00  -7.406165e-02   4.066222e+00   6.622229e-02   3.973678e+00  -2.632215e-02
12	   3.920537e+00  -7.946263e-02   4.044879e+00   4.487932e-02   3.941234e+00  -5.876605e-02   4.057215e+00   5.721532e-02   3.977837e+00  -2.216326e-02
12.1	   3.931915e+00  -6.808526e-02   4.024687e+00   2.468659e-02   3.959603e+00  -4.039695e-02   4.044589e+00   4.458889e-02   3.983360e+00  -1.664046e-02
12.2	   3.946992e+00  -5.300832e-02   4.003897e+00   3.897261e-03   3.979324e+00  -2.067551e-02   4.029543e+00   2.954278e-02   3.990106e+00  -9.894147e-03
12.3	   3.964875e+00  -3.512485e-02   3.983520e+00  -1.647993e-02   4.000630e+00   6.295291e-04   4.012745e+00   1.274550e-02   3.997861e+00  -2.139155e-03
12.4	   3.984520e+00  -1.547999e-02   3.964632e+00  -3.536799e-02   4.022414e+00   2.241424e-02   3.995028e+00  -4.972235e-03   4.006335e+00   6.334990e-03
12.5	   4.005205e+00   5.205144e-03   3.947691e+00  -5.230911e-02   4.043900e+00   4.390039e-02   3.977363e+00  -2.263722e-02   4.015171e+00   1.517140e-02
12.6	   4.025473e+00   2.547337e-02   3.933308e+00  -6.669230e-02   4.064616e+00   6.461624e-02   3.960766e+00  -3.923408e-02   4.023957e+00   2.395734e-02
12.7	   4.044590e+00   4.459035e-02   3.922274e+00  -7.772648e-02   4.082471e+00   8.247093e-02   3.945773e+00  -5.422685e-02   4.032315e+00   3.231537e-02
12.8	   4.062127e+00   6.212732e-02   3.915190e+00  -8.481020e-02   4.095449e+00   9.544927e-02   3.933266e+00  -6.673446e-02   4.039874e+00   3.987442e-02
12.9	   4.077081e+00   7.708085e-02   3.912411e+00  -8.758876e-02   4.102163e+00   1.021626e-01   3.924119e+00  -7.588132e-02   4.046058e+00   4.605850e-02
13	   4.088368e+00   8.836756e-02   3.914096e+00  -8.590382e-02   4.102144e+00   1.021437e-01   3.918965e+00  -8.103494e-02   4.050310e+00   5.030973e-02
13.1	   4.094883e+00   9.488258e-02   3.920380e+00  -7.961970e-02   4.094977e+00   9.497743e-02   3.918132e+00  -8.186772e-02   4.052195e+00   5.219488e-02
13.2	   4.095627e+00   9.562659e-02   3.930814e+00  -6.918566e-02   4.081672e+00   8.167186e-02   3.922029e+00  -7.797148e-02   4.051434e+00   5.143405e-02
13.3	   4.089630e+00   8.963040e-02   3.944855e+00  -5.514459e-02   4.063909e+00   6.390913e-02   3.930444e+00  -6.955579e-02   4.047683e+00   4.768341e-02
13.4	   4.077798e+00   7.779846e-02   3.961797e+00  -3.820263e-02   4.043522e+00   4.352196e-02   3.942858e+00  -5.714200e-02   4.041112e+00   4.111176e-02
13.5	   4.061889e+00   6.188945e-02   3.980631e+00  -1.936876e-02   4.022960e+00   2.296026e-02   3.958563e+00  -4.143684e-02   4.032504e+00   3.250368e-02
13.6	   4.043430e+00   4.343011e-02   4.000935e+00   9.351504e-04   4.002048e+00   2.047717e-03   3.976509e+00  -2.349067e-02   4.021958e+00   2.195843e-02
13.7	   4.023923e+00   2.392319e-02   4.021556e+00   2.155609e-02   3.981610e+00  -1.839012e-02   3.996278e+00  -3.722202e-03   4.009861e+00   9.861341e-03
13.8	   4.003554e+00   3.553833e-03   4.041483e+00   4.148327e-02   3.962595e+00  -3.740529e-02   4.016855e+00   1.685515e-02   3.996816e+00  -3.183595e-03
13.9	   3.983267e+00  -1.673267e-02   4.059887e+00   5.988669e-02   3.945062e+00  -5.493808e-02   4.037186e+00   3.718585e-02   3.983495e+00  -1.650483e-02
14	   3.964376e+00  -3.562426e-02   4.075418e+00   7.541751e-02   3.929895e+00  -7.010533e-02   4.056542e+00   5.654203e-02   3.970626e+00  -2.937388e-02
14.1	   3.947288e+00  -5.271238e-02   4.086923e+00   8.692306e-02   3.918266e+00  -8.173443e-02   4.073418e+00   7.341808e-02   3.958673e+00  -4.132684e-02
14.2	   3.932570e+00  -6.742955e-02   4.093550e+00   9.354975e-02   3.911024e+00  -8.897646e-02   4.086286e+00   8.628640e-02   3.948108e+00  -5.189215e-02
14.3	   3.921127e+00  -7.887315e-02   4.094856e+00   9.485558e-02   3.908641e+00  -9.135904e-02   4.094005e+00   9.400456e-02   3.939704e+00  -6.029606e-02
14.4	   3.913737e+00  -8.626342e-02   4.090331e+00   9.033134e-02   3.911347e+00  -8.865252e-02   4.095985e+00   9.598468e-02   3.934177e+00  -6.582314e-02
14.5	   3.910918e+00  -8.908212e-02   4.080097e+00   8.009650e-02   3.919043e+00  -8.095663e-02   4.091853e+00   9.185259e-02   3.932061e+00  -6.793903e-02
14.6	   3.912882e+00  -8.711769e-02   4.065070e+00   6.506965e-02   3.930985e+00  -6.901485e-02   4.081806e+00   8.180609e-02   3.933669e+00  -6.633105e-02
14.7	   3.919625e+00  -8.037490e-02   4.046597e+00   4.659737e-02   3.946293e+00  -5.370671e-02   4.066916e+00   6.691595e-02   3.939246e+00  -6.075375e-02
14.8	   3.930603e+00  -6.939724e-02   4.026556e+00   2.655617e-02   3.963876e+00  -3.612376e-02   4.048505e+00   4.850543e-02   3.948442e+00  -5.155761e-02
14.9	   3.945335e+00  -5.466550e-02   4.005890e+00   5.889762e-03   3.982475e+00  -1.752496e-02   4.028294e+00   2.829390e-02   3.960706e+00  -3.929359e-02
15	   3.962999e+00  -3.700111e-02   3.985521e+00  -1.447895e-02   4.002341e+00   2.341473e-03   4.007205e+00   7.204881e-03   3.974928e+00  -2.507236e-02
15.1	   3.982478e+00  -1.752219e-02   3.966501e+00  -3.349864e-02   4.022476e+00   2.247605e-02   3.986055e+00  -1.394487e-02   3.991287e+00  -8.712734e-03
15.2	   4.003125e+00   3.125018e-03   3.949350e+00  -5.065021e-02   4.042242e+00   4.224171e-02   3.965960e+00  -3.404047e-02   4.009011e+00   9.011139e-03
15.3	   4.023490e+00   2.349038e-02   3.934637e+00  -6.536266e-02   4.061322e+00   6.132162e-02   3.947527e+00  -5.247252e-02   4.027137e+00   2.713707e-02
15.4	   4.042720e+00   4.271980e-02   3.923183e+00  -7.681736e-02   4.078059e+00   7.805908e-02   3.931533e+00  -6.846674e-02   4.045205e+00   4.520494e-02
15.5	   4.060450e+00   6.044952e-02   3.915640e+00  -8.435958e-02   4.090708e+00   9.070804e-02   3.919041e+00  -8.095868e-02   4.062459e+00   6.245948e-02
15.6	   4.075709e+00   7.570851e-02   3.912411e+00  -8.758939e-02   4.097916e+00   9.791568e-02   3.910851e+00  -8.914946e-02   4.077127e+00   7.712661e-02
15.7	   4.087417e+00   8.741702e-02   3.913656e+00  -8.634363e-02   4.099021e+00   9.902064e-02   3.907454e+00  -9.254557e-02   4.087494e+00   8.749438e-02
15.8	   4.094463e+00   9.446290e-02   3.919568e+00  -8.043160e-02   4.093477e+00   9.347687e-02   3.909095e+00  -9.090477e-02   4.092331e+00   9.233122e-02
15.9	   4.095828e+00   9.582814e-02   3.929684e+00  -7.031584e-02   4.081799e+00   8.179925e-02   3.916025e+00  -8.397514e-02   4.091098e+00   9.109839e-02
16	   4.090497e+00   9.049743e-02   3.943451e+00  -5.654932e-02   4.065368e+00   6.536790e-02   3.927645e+00  -7.235539e-02   4.083330e+00   8.332954e-02
16.1	   4.079170e+00   7.917017e-02   3.960174e+00  -3.982572e-02   4.045876e+00   4.587639e-02   3.943201e+00  -5.679881e-02   4.069963e+00   6.996312e-02
16.2	   4.063597e+00   6.359687e-02   3.978818e+00  -2.118244e-02   4.025698e+00   2.569795e-02   3.961740e+00  -3.825955e-02   4.052476e+00   5.247639e-02
16.3	   4.045333e+00   4.533312e-02   3.998976e+00  -1.023595e-03   4.005035e+00   5.035494e-03   3.982088e+00  -1.791220e-02   4.032938e+00   3.293793e-02
16.4	   4.025907e+00   2.590703e-02   4.019573e+00   1.957338e-02   3.984594e+00  -1.540641e-02   4.003772e+00   3.772067e-03   4.012629e+00   1.262864e-02
16.5	   4.005596e+00   5.595874e-03   4.039558e+00   3.955838e-02   3.965404e+00  -3.459556e-02   4.025572e+00   2.557205e-02   3.991829e+00  -8.171290e-03
16.6	   3.985240e+00  -1.475976e-02   4.058164e+00   5.816440e-02   3.947632e+00  -5.236783e-02   4.046595e+00   4.659511e-02   3.971655e+00  -2.834513e-02
16.7	   3.966176e+00  -3.382432e-02   4.074042e+00   7.404199e-02   3.932013e+00  -6.798669e-02   4.065744e+00   6.574370e-02   3.952738e+00  -4.726240e-02
16.8	   3.948897e+00  -5.110273e-02   4.085996e+00   8.599571e-02   3.919756e+00  -8.024415e-02   4.081349e+00   8.134926e-02   3.935442e+00  -6.455797e-02
16.9	   3.933909e+00  -6.609101e-02   4.093131e+00   9.313098e-02   3.911786e+00  -8.821350e-02   4.092073e+00   9.207283e-02   3.921146e+00  -7.885383e-02
17	   3.922113e+00  -7.788713e-02   4.094955e+00   9.495487e-02   3.908653e+00  -9.134695e-02   4.097078e+00   9.707788e-02   3.911088e+00  -8.891234e-02
17.1	   3.914298e+00  -8.570241e-02   4.090998e+00   9.099808e-02   3.910587e+00  -8.941322e-02   4.096194e+00   9.619366e-02   3.906092e+00  -9.390847e-02
17.2	   3.911019e+00  -8.898126e-02   4.081262e+00   8.126233e-02   3.917646e+00  -8.235368e-02   4.089209e+00   8.920897e-02   3.906517e+00  -9.348265e-02
17.3	   3.912478e+00  -8.752176e-02   4.066635e+00   6.663470e-02   3.929106e+00  -7.089382e-02   4.077036e+00   7.703625e-02   3.912735e+00  -8.726470e-02
17.4	   3.918771e+00  -8.122901e-02   4.048442e+00   4.844221e-02   3.944105e+00  -5.589535e-02   4.060912e+00   6.091171e-02   3.924061e+00  -7.593856e-02
17.5	   3.929346e+00  -7.065390e-02   4.028515e+00   2.851525e-02   3.961610e+00  -3.839032e-02   4.042186e+00   4.218620e-02   3.939561e+00  -6.043889e-02
17.6	   3.943737e+00  -5.626290e-02   4.007908e+00   7.907713e-03   3.980172e+00  -1.982754e-02   4.022519e+00   2.251904e-02   3.958118e+00  -4.188248e-02
17.7	   3.961187e+00  -3.881293e-02   3.987495e+00  -1.250512e-02   4.000095e+00   9.512361e-05   4.002368e+00   2.368351e-03   3.977975e+00  -2.202451e-02
17.8	   3.980491e+00  -1.950868e-02   3.968320e+00  -3.167997e-02   4.020440e+00   2.043996e-02   3.982587e+00  -1.741275e-02   3.999309e+00  -6.907033e-04
17.9	   4.001076e+00   1.076496e-03   3.950980e+00  -4.902042e-02   4.040466e+00   4.046564e-02   3.964127e+00  -3.587306e-02   4.021140e+00   2.114008e-02
18	   4.021522e+00   2.152153e-02   3.935992e+00  -6.400764e-02   4.059954e+00   5.995444e-02   3.947429e+00  -5.257117e-02   4.042658e+00   4.265807e-02
18.1	   4.040860e+00   4.086000e-02   3.924184e+00  -7.581637e-02   4.077262e+00   7.726185e-02   3.933201e+00  -6.679887e-02   4.063536e+00   6.353595e-02
18.2	   4.058787e+00   5.878734e-02   3.916236e+00  -8.376430e-02   4.090527e+00   9.052739e-02   3.922288e+00  -7.771220e-02   4.081805e+00   8.180549e-02
18.3	   4.074353e+00   7.435277e-02   3.912575e+00  -8.742464e-02   4.098265e+00   9.826514e-02   3.915306e+00  -8.469400e-02   4.095454e+00   9.545420e-02
18.4	   4.086470e+00   8.646995e-02   3.913367e+00  -8.663273e-02   4.099711e+00   9.971061e-02   3.912643e+00  -8.735711e-02   4.103016e+00   1.030163e-01
18.5	   4.094023e+00   9.402295e-02   3.918844e+00  -8.115629e-02   4.094335e+00   9.433545e-02   3.914487e+00  -8.551269e-02   4.103942e+00   1.039417e-01
18.6	   4.095985e+00   9.598457e-02   3.928570e+00  -7.143040e-02   4.082688e+00   8.268836e-02   3.920952e+00  -7.904769e-02   4.097628e+00   9.762795e-02
18.7	   4.091313e+00   9.131270e-02   3.942011e+00  -5.798927e-02   4.066304e+00   6.630379e-02   3.931526e+00  -6.847358e-02   4.084875e+00   8.487515e-02
18.8	   4.080494e+00   8.049400e-02   3.958495e+00  -4.150511e-02   4.046963e+00   4.696345e-02   3.945599e+00  -5.440140e-02   4.067283e+00   6.728332e-02
18.9	   4.065268e+00   6.526824e-02   3.976974e+00  -2.302568e-02   4.026990e+00   2.699025e-02   3.962389e+00  -3.761106e-02   4.046676e+00   4.667616e-02
19	   4.047224e+00   4.722438e-02   3.997020e+00  -2.979511e-03   4.006650e+00   6.649995e-03   3.980940e+00  -1.905972e-02   4.025475e+00   2.547490e-02
19.1	   4.027888e+00   2.788762e-02   4.017611e+00   1.761066e-02   3.986485e+00  -1.351521e-02   4.000908e+00   9.081639e-04   4.003870e+00   3.869751e-03
19.2	   4.007655e+00   7.655432e-03   4.037649e+00   3.764864e-02   3.967446e+00  -3.255376e-02   4.021292e+00   2.129240e-02   3.982522e+00  -1.747752e-02
19.3	   3.987255e+00  -1.274470e-02   4.056412e+00   5.641215e-02   3.949732e+00  -5.026809e-02   4.041227e+00   4.122663e-02   3.962458e+00  -3.754174e-02
19.4	   3.968027e+00  -3.197299e-02   4.072594e+00   7.259406e-02   3.933919e+00  -6.608102e-02   4.059951e+00   5.995098e-02   3.943737e+00  -5.626303e-02
19.5	   3.950579e+00  -4.942103e-02   4.084978e+00   8.497793e-02   3.921215e+00  -7.878489e-02   4.075974e+00   7.597417e-02   3.927344e+00  -7.265596e-02
19.6	   3.935333e+00  -6.466704e-02   4.092632e+00   9.263179e-02   3.912616e+00  -8.738429e-02   4.087895e+00   8.789463e-02   3.914653e+00  -8.534673e-02
19.7	   3.923178e+00  -7.682181e-02   4.094984e+00   9.498419e-02   3.908769e+00  -9.123056e-02   4.094652e+00   9.465240e-02   3.906679e+00  -9.332071e-02
19.8	   3.914926e+00  -8.507428e-02   4.091616e+00   9.161571e-02   3.909946e+00  -9.005399e-02   4.095749e+00   9.574852e-02   3.903999e+00  -9.600057e-02
19.9	   3.911171e+00  -8.882926e-02   4.082391e+00   8.239063e-02   3.916387e+00  -8.361280e-02   4.090726e+00   9.072605e-02   3.906925e+00  -9.307507e-02
20	   3.912119e+00  -8.788082e-02   4.068165e+00   6.816491e-02   3.927437e+00  -7.256330e-02   4.079988e+00   7.998777e-02   3.915397e+00  -8.460345e-02
20.1	   3.917942e+00  -8.205787e-02   4.050246e+00   5.024615e-02   3.942243e+00  -5.775743e-02   4.064653e+00   6.465270e-02   3.928534e+00  -7.146573e-02
20.2	   3.928094e+00  -7.190556e-02   4.030418e+00   3.041829e-02   3.959774e+00  -4.022593e-02   4.046096e+00   4.609615e-02   3.945288e+00  -5.471152e-02
20.3	   3.942126e+00  -5.787371e-02   4.009862e+00   9.862409e-03   3.978393e+00  -2.160697e-02   4.026109e+00   2.610886e-02   3.964371e+00  -3.562902e-02
20.4	   3.959321e+00  -4.067856e-02   3.989408e+00  -1.059171e-02   3.998349e+00  -1.650688e-03   4.005463e+00   5.463111e-03   3.984386e+00  -1.561393e-02
20.5	   3.978469e+00  -2.153130e-02   3.970085e+00  -2.991549e-02   4.018736e+00   1.873555e-02   3.985032e+00  -1.496789e-02   4.005489e+00   5.489320e-03
20.6	   3.998989e+00  -1.011380e-03   3.952572e+00  -4.742829e-02   4.038733e+00   3.873313e-02   3.965866e+00  -3.413413e-02   4.026501e+00   2.650097e-02
20.7	   4.019511e+00   1.951140e-02   3.937327e+00  -6.267283e-02   4.058208e+00   5.820756e-02   3.948501e+00  -5.149887e-02   4.046908e+00   4.690765e-02
20.8	   4.038961e+00   3.896101e-02   3.925172e+00  -7.482832e-02   4.075670e+00   7.567048e-02   3.933631e+00  -6.636878e-02   4.065992e+00   6.599186e-02
20.9	   4.057066e+00   5.706585e-02   3.916818e+00  -8.318164e-02   4.089309e+00   8.930924e-02   3.922159e+00  -7.784132e-02   4.081900e+00   8.189988e-02
21	   4.072917e+00   7.291691e-02   3.912721e+00  -8.727936e-02   4.097605e+00   9.760537e-02   3.914726e+00  -8.527361e-02   4.093035e+00   9.303523e-02
21.1	   4.085427e+00   8.542698e-02   3.913062e+00  -8.693825e-02   4.099681e+00   9.968122e-02   3.911731e+00  -8.826908e-02   4.098373e+00   9.837290e-02
21.2	   4.093477e+00   9.347684e-02   3.918100e+00  -8.190047e-02   4.095003e+00   9.500295e-02   3.913347e+00  -8.665322e-02   4.097636e+00   9.763650e-02
21.3	   4.096018e+00   9.601761e-02   3.927430e+00  -7.256991e-02   4.083905e+00   8.390541e-02   3.919702e+00  -8.029806e-02   4.090596e+00   9.059642e-02
21.4	   4.092025e+00   9.202523e-02   3.940535e+00  -5.946497e-02   4.067894e+00   6.789412e-02   3.930235e+00  -6.976477e-02   4.078219e+00   7.821935e-02
21.5	   4.081739e+00   8.173929e-02   3.956765e+00  -4.323455e-02   4.048771e+00   4.877064e-02   3.944303e+00  -5.569735e-02   4.061890e+00   6.188961e-02
21.6	   4.066876e+00   6.687576e-02   3.975083e+00  -2.491739e-02   4.028820e+00   2.881993e-02   3.961121e+00  -3.887881e-02   4.043088e+00   4.308822e-02
21.7	   4.049057e+00   4.905738e-02   3.995017e+00  -4.983084e-03   4.008547e+00   8.547164e-03   3.979671e+00  -2.032898e-02   4.023949e+00   2.394884e-02
21.8	   4.029804e+00   2.980412e-02   4.015602e+00   1.560167e-02   3.988357e+00  -1.164281e-02   3.999636e+00  -3.642331e-04   4.004226e+00   4.225738e-03
21.9	   4.009649e+00   9.648754e-03   4.035697e+00   3.569720e-02   3.969199e+00  -3.080090e-02   4.020044e+00   2.004386e-02   3.984651e+00  -1.534851e-02
22	   3.989210e+00  -1.078961e-02   4.054608e+00   5.460781e-02   3.951378e+00  -4.862154e-02   4.040013e+00   4.001277e-02   3.966141e+00  -3.385855e-02
22.1	   3.969818e+00  -3.018248e-02   4.071081e+00   7.108143e-02   3.935348e+00  -6.465180e-02   4.058847e+00   5.884703e-02   3.948850e+00  -5.114971e-02
22.2	   3.952202e+00  -4.779811e-02   4.083889e+00   8.388887e-02   3.922305e+00  -7.769455e-02   4.075090e+00   7.509043e-02   3.933440e+00  -6.656033e-02
22.3	   3.936705e+00  -6.329496e-02   4.092058e+00   9.205824e-02   3.913293e+00  -8.670706e-02   4.087317e+00   8.731693e-02   3.921088e+00  -7.891233e-02
22.4	   3.924202e+00  -7.579806e-02   4.094945e+00   9.494464e-02   3.909011e+00  -9.098919e-02   4.094429e+00   9.442937e-02   3.912765e+00  -8.723495e-02
22.5	   3.915531e+00  -8.446898e-02   4.092173e+00   9.217292e-02   3.909745e+00  -9.025543e-02   4.095878e+00   9.587767e-02   3.909117e+00  -9.088324e-02
22.6	   3.911319e+00  -8.868063e-02   4.083476e+00   8.347560e-02   3.915773e+00  -8.422690e-02   4.091228e+00   9.122834e-02   3.910427e+00  -8.957268e-02
22.7	   3.911786e+00  -8.821405e-02   4.069675e+00   6.967470e-02   3.926454e+00  -7.354638e-02   4.080811e+00   8.081140e-02   3.916944e+00  -8.305578e-02
22.8	   3.917157e+00  -8.284271e-02   4.052054e+00   5.205404e-02   3.940947e+00  -5.905274e-02   4.065752e+00   6.575196e-02   3.928047e+00  -7.195288e-02
22.9	   3.926898e+00  -7.310193e-02   4.032344e+00   3.234439e-02   3.958242e+00  -4.175759e-02   4.047430e+00   4.742962e-02   3.942932e+00  -5.706833e-02
23	   3.940562e+00  -5.943756e-02   4.011865e+00   1.186524e-02   3.976718e+00  -2.328205e-02   4.027603e+00   2.760286e-02   3.960593e+00  -3.940724e-02
23.1	   3.957483e+00  -4.251679e-02   3.991391e+00  -8.609105e-03   3.996531e+00  -3.468691e-03   4.007112e+00   7.111762e-03   3.979481e+00  -2.051946e-02
23.2	   3.976455e+00  -2.354517e-02   3.971940e+00  -2.806044e-02   4.016893e+00   1.689255e-02   3.986781e+00  -1.321932e-02   3.999865e+00  -1.353810e-04
23.3	   3.996893e+00  -3.107456e-03   3.954277e+00  -4.572271e-02   4.036925e+00   3.692474e-02   3.967627e+00  -3.237308e-02   4.020742e+00   2.074195e-02
23.4	   4.017489e+00   1.748930e-02   3.938802e+00  -6.119781e-02   4.056533e+00   5.653252e-02   3.950223e+00  -4.977675e-02   4.041306e+00   4.130590e-02
23.5	   4.037063e+00   3.706270e-02   3.926333e+00  -7.366728e-02   4.074305e+00   7.430491e-02   3.935174e+00  -6.482584e-02   4.061243e+00   6.124319e-02
23.6	   4.055344e+00   5.534361e-02   3.917600e+00  -8.239983e-02   4.088384e+00   8.838405e-02   3.923368e+00  -7.663157e-02   4.078741e+00   7.874115e-02
23.7	   4.071480e+00   7.148019e-02   3.913076e+00  -8.692394e-02   4.097194e+00   9.719410e-02   3.915489e+00  -8.451070e-02   4.091893e+00   9.189337e-02
23.8	   4.084395e+00   8.439493e-02   3.912960e+00  -8.704034e-02   4.099788e+00   9.978775e-02   3.911966e+00  -8.803424e-02   4.099301e+00   9.930060e-02
23.9	   4.092957e+00   9.295689e-02   3.917545e+00  -8.245461e-02   4.095684e+00   9.568406e-02   3.912965e+00  -8.703457e-02   4.100348e+00   1.003480e-01
24	   4.096087e+00   9.608666e-02   3.926475e+00  -7.352501e-02   4.085075e+00   8.507491e-02   3.918709e+00  -8.129074e-02   4.094583e+00   9.458277e-02
24.1	   4.092790e+00   9.278955e-02   3.939236e+00  -6.076438e-02   4.069436e+00   6.943563e-02   3.928709e+00  -7.129071e-02   4.082666e+00   8.266572e-02
24.2	   4.083061e+00   8.306139e-02   3.955190e+00  -4.480960e-02   4.050544e+00   5.054445e-02   3.942378e+00  -5.762226e-02   4.066094e+00   6.609435e-02
24.3	   4.068581e+00   6.858117e-02   3.973339e+00  -2.666050e-02   4.030612e+00   3.061240e-02   3.958967e+00  -4.103269e-02   4.046587e+00   4.658721e-02
24.4	   4.051000e+00   5.100042e-02   3.993148e+00  -6.852205e-03   4.010392e+00   1.039176e-02   3.977447e+00  -2.255291e-02   4.026457e+00   2.645732e-02
24.5	   4.031829e+00   3.182852e-02   4.013704e+00   1.370356e-02   3.990157e+00  -9.842688e-03   3.997462e+00  -2.537539e-03   4.005923e+00   5.922911e-03
24.6	   4.011759e+00   1.175902e-02   4.033844e+00   3.384396e-02   3.970848e+00  -2.915161e-02   4.018083e+00   1.808322e-02   3.985595e+00  -1.440500e-02
24.7	   3.991301e+00  -8.699169e-03   4.052883e+00   5.288262e-02   3.952888e+00  -4.711190e-02   4.038335e+00   3.833506e-02   3.966474e+00  -3.352648e-02
24.8	   3.971754e+00  -2.824584e-02   4.069628e+00   6.962771e-02   3.936616e+00  -6.338411e-02   4.057516e+00   5.751615e-02   3.948754e+00  -5.124594e-02
24.9	   3.953979e+00  -4.602069e-02   4.082827e+00   8.282746e-02   3.923233e+00  -7.676680e-02   4.074121e+00   7.412129e-02   3.933090e+00  -6.690976e-02
25	   3.938240e+00  -6.175972e-02   4.091479e+00   9.147855e-02   3.913807e+00  -8.619330e-02   4.086672e+00   8.667172e-02   3.920670e+00  -7.933024e-02
25.1	   3.925397e+00  -7.460326e-02   4.094885e+00   9.488500e-02   3.909059e+00  -9.094111e-02   4.094073e+00   9.407267e-02   3.912429e+00  -8.757142e-02
25.2	   3.916310e+00  -8.369032e-02   4.092685e+00   9.268456e-02   3.909308e+00  -9.069232e-02   4.095800e+00   9.580030e-02   3.908958e+00  -9.104238e-02
25.3	   3.911636e+00  -8.836359e-02   4.084501e+00   8.450066e-02   3.914877e+00  -8.512276e-02   4.091526e+00   9.152648e-02   3.910490e+00  -8.950961e-02
25.4	   3.911614e+00  -8.838568e-02   4.071107e+00   7.110703e-02   3.925168e+00  -7.483243e-02   4.081563e+00   8.156281e-02   3.917170e+00  -8.283027e-02
25.5	   3.916509e+00  -8.349140e-02   4.053773e+00   5.377276e-02   3.939349e+00  -6.065056e-02   4.067003e+00   6.700304e-02   3.928310e+00  -7.169029e-02
25.6	   3.925812e+00  -7.418840e-02   4.034171e+00   3.417109e-02   3.956423e+00  -4.357685e-02   4.049143e+00   4.914331e-02   3.943083e+00  -5.691743e-02
25.7	   3.939087e+00  -6.091251e-02   4.013759e+00   1.375878e-02   3.974824e+00  -2.517635e-02   4.029616e+00   2.961649e-02   3.960499e+00  -3.950118e-02
25.8	   3.955707e+00  -4.429336e-02   3.993249e+00  -6.751104e-03   3.994530e+00  -5.469607e-03   4.009330e+00   9.330393e-03   3.979034e+00  -2.096622e-02
25.9	   3.974490e+00  -2.551020e-02   3.973657e+00  -2.634286e-02   4.014888e+00   1.488821e-02   3.989033e+00  -1.096672e-02   3.998980e+00  -1.020451e-03
26	   3.994807e+00  -5.193374e-03   3.955825e+00  -4.417488e-02   4.034966e+00   3.496555e-02   3.969732e+00  -3.026764e-02   4.019432e+00   1.943163e-02
26.1	   4.015430e+00   1.542967e-02   3.940095e+00  -5.990527e-02   4.054683e+00   5.468321e-02   3.952124e+00  -4.787623e-02   4.039584e+00   3.958395e-02
26.2	   4.035102e+00   3.510199e-02   3.927279e+00  -7.272107e-02   4.072757e+00   7.275673e-02   3.936759e+00  -6.324097e-02   4.059223e+00   5.922272e-02
26.3	   4.053527e+00   5.352695e-02   3.918140e+00  -8.185995e-02   4.087297e+00   8.729725e-02   3.924558e+00  -7.544193e-02   4.076689e+00   7.668883e-02
26.4	   4.069909e+00   6.990904e-02   3.913182e+00  -8.681795e-02   4.096676e+00   9.667571e-02   3.916255e+00  -8.374484e-02   4.090095e+00   9.009548e-02
26.5	   4.083177e+00   8.317726e-02   3.912624e+00  -8.737609e-02   4.099860e+00   9.985952e-02   3.912316e+00  -8.768445e-02   4.097979e+00   9.797898e-02
26.6	   4.092207e+00   9.220652e-02   3.916765e+00  -8.323499e-02   4.096407e+00   9.640675e-02   3.912913e+00  -8.708695e-02   4.099603e+00   9.960306e-02
26.7	   4.095895e+00   9.589512e-02   3.925307e+00  -7.469285e-02   4.086352e+00   8.635168e-02   3.918298e+00  -8.170248e-02   4.094485e+00   9.448529e-02
26.8	   4.093271e+00   9.327067e-02   3.937750e+00  -6.224954e-02   4.071139e+00   7.113853e-02   3.927979e+00  -7.202054e-02   4.083108e+00   8.310754e-02
26.9	   4.084114e+00   8.411358e-02   3.953460e+00  -4.653974e-02   4.052535e+00   5.253459e-02   3.941359e+00  -5.864116e-02   4.066936e+00   6.693582e-02
27	   4.070037e+00   7.003652e-02   3.971464e+00  -2.853648e-02   4.032654e+00   3.265365e-02   3.957692e+00  -4.230837e-02   4.047685e+00   4.768489e-02
27.1	   4.052715e+00   5.271460e-02   3.991149e+00  -8.850665e-03   4.012546e+00   1.254603e-02   3.975940e+00  -2.406043e-02   4.027643e+00   2.764302e-02
27.2	   4.033643e+00   3.364339e-02   4.011692e+00   1.169157e-02   3.992315e+00  -7.684947e-03   3.995733e+00  -4.267070e-03   4.007188e+00   7.188162e-03
27.3	   4.013674e+00   1.367420e-02   4.031910e+00   3.191031e-02   3.972893e+00  -2.710669e-02   4.016212e+00   1.621199e-02   3.986871e+00  -1.312928e-02
27.4	   3.993212e+00  -6.788415e-03   4.051106e+00   5.110592e-02   3.954845e+00  -4.515470e-02   4.036390e+00   3.639039e-02   3.967691e+00  -3.230882e-02
27.5	   3.973517e+00  -2.648268e-02   4.068154e+00   6.815448e-02   3.938382e+00  -6.161755e-02   4.055620e+00   5.562010e-02   3.949899e+00  -5.010073e-02
27.6	   3.955586e+00  -4.441446e-02   4.081794e+00   8.179374e-02   3.924679e+00  -7.532081e-02   4.072458e+00   7.245826e-02   3.934058e+00  -6.594151e-02
27.7	   3.939614e+00  -6.038635e-02   4.090979e+00   9.097867e-02   3.914837e+00  -8.516303e-02   4.085380e+00   8.538007e-02   3.921363e+00  -7.863698e-02
27.8	   3.926446e+00  -7.355424e-02   4.094951e+00   9.495057e-02   3.909612e+00  -9.038850e-02   4.093223e+00   9.322335e-02   3.912783e+00  -8.721687e-02
27.9	   3.916964e+00  -8.303584e-02   4.093348e+00   9.334798e-02   3.909348e+00  -9.065240e-02   4.095385e+00   9.538543e-02   3.908938e+00  -9.106194e-02
28	   3.911853e+00  -8.814712e-02   4.085720e+00   8.572003e-02   3.914395e+00  -8.560497e-02   4.091590e+00   9.158972e-02   3.910071e+00  -8.992860e-02
28.1	   3.911383e+00  -8.861729e-02   4.072780e+00   7.277970e-02   3.924221e+00  -7.577931e-02   4.082032e+00   8.203250e-02   3.916390e+00  -8.361041e-02
28.2	   3.915839e+00  -8.416127e-02   4.055770e+00   5.577020e-02   3.938017e+00  -6.198316e-02   4.067811e+00   6.781085e-02   3.927245e+00  -7.275486e-02
28.3	   3.924751e+00  -7.524905e-02   4.036305e+00   3.630469e-02   3.954793e+00  -4.520715e-02   4.050208e+00   5.020780e-02   3.941836e+00  -5.816354e-02
28.4	   3.937681e+00  -6.231907e-02   4.015990e+00   1.598970e-02   3.973036e+00  -2.696445e-02   4.030818e+00   3.081760e-02   3.959216e+00  -4.078404e-02
28.5	   3.954030e+00  -4.596962e-02   3.995476e+00  -4.523973e-03   3.992555e+00  -7.444818e-03   4.010627e+00   1.062724e-02   3.977792e+00  -2.220776e-02
28.6	   3.972661e+00  -2.733920e-02   3.975768e+00  -2.423169e-02   4.012829e+00   1.282881e-02   3.990344e+00  -9.655993e-03   3.997851e+00  -2.149433e-03
28.7	   3.992886e+00  -7.113808e-03   3.957775e+00  -4.222483e-02   4.032878e+00   3.287832e-02   3.970970e+00  -2.902958e-02   4.018518e+00   1.851836e-02
28.8	   4.013566e+00   1.356647e-02   3.941809e+00  -5.819125e-02   4.052595e+00   5.259486e-02   3.953275e+00  -4.672513e-02   4.038935e+00   3.893523e-02
28.9	   4.033378e+00   3.337840e-02   3.928660e+00  -7.134037e-02   4.070839e+00   7.083860e-02   3.937774e+00  -6.222563e-02   4.058909e+00   5.890853e-02
29	   4.051974e+00   5.197377e-02   3.919107e+00  -8.089349e-02   4.085718e+00   8.571837e-02   3.925383e+00  -7.461748e-02   4.076772e+00   7.677224e-02
29.1	   4.068625e+00   6.862464e-02   3.913680e+00  -8.632034e-02   4.095565e+00   9.556534e-02   3.916841e+00  -8.315911e-02   4.090578e+00   9.057824e-02
29.2	   4.082271e+00   8.227102e-02   3.912632e+00  -8.736775e-02   4.099269e+00   9.926878e-02   3.912625e+00  -8.737483e-02   4.098816e+00   9.881578e-02
29.3	   4.091788e+00   9.178840e-02   3.916257e+00  -8.374341e-02   4.096393e+00   9.639323e-02   3.912917e+00  -8.708300e-02   4.100721e+00   1.007214e-01
29.4	   4.096054e+00   9.605407e-02   3.924333e+00  -7.566656e-02   4.086874e+00   8.687387e-02   3.917991e+00  -8.200906e-02   4.095868e+00   9.586824e-02
29.5	   4.094101e+00   9.410072e-02   3.936368e+00  -6.363155e-02   4.072103e+00   7.210305e-02   3.927394e+00  -7.260591e-02   4.084696e+00   8.469565e-02
29.6	   4.085509e+00   8.550901e-02   3.951739e+00  -4.826141e-02   4.053816e+00   5.381643e-02   3.940542e+00  -5.945848e-02   4.068678e+00   6.867768e-02
29.7	   4.071818e+00   7.181773e-02   3.969514e+00  -3.048647e-02   4.034052e+00   3.405192e-02   3.956707e+00  -4.329312e-02   4.049524e+00   4.952422e-02
29.8	   4.054730e+00   5.472993e-02   3.989000e+00  -1.100008e-02   4.014074e+00   1.407371e-02   3.974868e+00  -2.513250e-02   4.029441e+00   2.944083e-02
29.9	   4.035715e+00   3.571530e-02   4.009450e+00   9.450444e-03   3.993880e+00  -6.119698e-03   3.994625e+00  -5.374653e-03   4.009004e+00   9.003880e-03
30	   4.015822e+00   1.582233e-02   4.029671e+00   2.967093e-02   3.974409e+00  -2.559095e-02   4.015159e+00   1.515946e-02   3.988593e+00  -1.140715e-02
30.1	   3.995323e+00  -4.676672e-03   4.048928e+00   4.892834e-02   3.956314e+00  -4.368551e-02   4.035462e+00   3.546174e-02   3.969189e+00  -3.081105e-02
30.2	   3.975433e+00  -2.456748e-02   4.066182e+00   6.618208e-02   3.939737e+00  -6.026276e-02   4.054888e+00   5.488773e-02   3.951113e+00  -4.888685e-02
30.3	   3.957277e+00  -4.272348e-02   4.080171e+00   8.017093e-02   3.925827e+00  -7.417306e-02   4.072002e+00   7.200206e-02   3.934817e+00  -6.518334e-02
30.4	   3.941043e+00  -5.895671e-02   4.089823e+00   8.982252e-02   3.915714e+00  -8.428579e-02   4.085257e+00   8.525728e-02   3.921510e+00  -7.849037e-02
30.5	   3.927534e+00  -7.246622e-02   4.094329e+00   9.432902e-02   3.910180e+00  -8.981966e-02   4.093479e+00   9.347891e-02   3.912236e+00  -8.776436e-02
30.6	   3.917622e+00  -8.237778e-02   4.093308e+00   9.330755e-02   3.909586e+00  -9.041362e-02   4.096029e+00   9.602916e-02   3.907683e+00  -9.231727e-02
30.7	   3.912018e+00  -8.798242e-02   4.086250e+00   8.624950e-02   3.914278e+00  -8.572213e-02   4.092656e+00   9.265564e-02   3.908152e+00  -9.184796e-02
30.8	   3.911033e+00  -8.896683e-02   4.073795e+00   7.379539e-02   3.923771e+00  -7.622895e-02   4.083454e+00   8.345409e-02   3.913948e+00  -8.605236e-02
30.9	   3.914971e+00  -8.502914e-02   4.057159e+00   5.715899e-02   3.937275e+00  -6.272452e-02   4.069475e+00   6.947486e-02   3.924484e+00  -7.551590e-02
31	   3.923421e+00  -7.657881e-02   4.037907e+00   3.790686e-02   3.953823e+00  -4.617724e-02   4.051981e+00   5.198138e-02   3.938961e+00  -6.103905e-02
31.1	   3.935938e+00  -6.406185e-02   4.017741e+00   1.774142e-02   3.971943e+00  -2.805727e-02   4.032525e+00   3.252546e-02   3.956395e+00  -4.360451e-02
31.2	   3.951961e+00  -4.803877e-02   3.997291e+00  -2.709220e-03   3.991333e+00  -8.666835e-03   4.012228e+00   1.222829e-02   3.975216e+00  -2.478434e-02
31.3	   3.970409e+00  -2.959106e-02   3.977549e+00  -2.245076e-02   4.011572e+00   1.157196e-02   3.991746e+00  -8.254323e-03   3.995430e+00  -4.570119e-03
31.4	   3.990494e+00  -9.505895e-03   3.959464e+00  -4.053647e-02   4.031661e+00   3.166062e-02   3.972093e+00  -2.790724e-02   4.016338e+00   1.633771e-02
31.5	   4.011185e+00   1.118539e-02   3.943369e+00  -5.663060e-02   4.051458e+00   5.145756e-02   3.954096e+00  -4.590380e-02   4.036965e+00   3.696460e-02
31.6	   4.031115e+00   3.111465e-02   3.930013e+00  -6.998695e-02   4.069928e+00   6.992802e-02   3.938223e+00  -6.177680e-02   4.057167e+00   5.716653e-02
31.7	   4.049859e+00   4.985890e-02   3.920179e+00  -7.982132e-02   4.085166e+00   8.516577e-02   3.925390e+00  -7.461041e-02   4.075415e+00   7.541454e-02
31.8	   4.066783e+00   6.678336e-02   3.914421e+00  -8.557923e-02   4.095448e+00   9.544804e-02   3.916374e+00  -8.362630e-02   4.089777e+00   8.977667e-02
31.9	   4.080830e+00   8.083036e-02   3.913019e+00  -8.698064e-02   4.099602e+00   9.960189e-02   3.911686e+00  -8.831400e-02   4.098730e+00   9.872954e-02
32	   4.090875e+00   9.087536e-02   3.916247e+00  -8.375347e-02   4.097208e+00   9.720783e-02   3.911533e+00  -8.846674e-02   4.101433e+00   1.014327e-01
32.1	   4.095789e+00   9.578853e-02   3.923961e+00  -7.603949e-02   4.088090e+00   8.808964e-02   3.916203e+00  -8.379701e-02   4.097529e+00   9.752856e-02
32.2	   4.094594e+00   9.459438e-02   3.935675e+00  -6.432499e-02   4.073592e+00   7.359181e-02   3.925282e+00  -7.471818e-02   4.087181e+00   8.718088e-02
32.3	   4.086690e+00   8.668993e-02   3.950778e+00  -4.922188e-02   4.055439e+00   5.543943e-02   3.938199e+00  -6.180074e-02   4.071753e+00   7.175314e-02
32.4	   4.073503e+00   7.350273e-02   3.968369e+00  -3.163070e-02   4.035594e+00   3.559449e-02   3.954244e+00  -4.575559e-02   4.052909e+00   5.290853e-02
32.5	   4.056762e+00   5.676163e-02   3.987704e+00  -1.229577e-02   4.015581e+00   1.558115e-02   3.972425e+00  -2.757487e-02   4.032729e+00   3.272869e-02
32.6	   4.037917e+00   3.791692e-02   4.008090e+00   8.089979e-03   3.995245e+00  -4.755468e-03   3.992247e+00  -7.753122e-03   4.012306e+00   1.230632e-02
32.7	   4.018181e+00   1.818068e-02   4.028334e+00   2.833400e-02   3.975534e+00  -2.446565e-02   4.012973e+00   1.297258e-02   3.991771e+00  -8.229239e-03
32.8	   3.997748e+00  -2.251566e-03   4.047671e+00   4.767074e-02   3.957169e+00  -4.283086e-02   4.033539e+00   3.353878e-02   3.972114e+00  -2.788642e-02
32.9	   3.977795e+00  -2.220488e-02   4.065106e+00   6.510582e-02   3.940247e+00  -5.975301e-02   4.053306e+00   5.330560e-02   3.953864e+00  -4.613583e-02
33	   3.959496e+00  -4.050362e-02   4.079375e+00   7.937512e-02   3.925912e+00  -7.408780e-02   4.070912e+00   7.091234e-02   3.937259e+00  -6.274135e-02
33.1	   3.943065e+00  -5.693472e-02   4.089386e+00   8.938565e-02   3.915336e+00  -8.466392e-02   4.084776e+00   8.477584e-02   3.923458e+00  -7.654181e-02
33.2	   3.929249e+00  -7.075131e-02   4.094292e+00   9.429205e-02   3.909332e+00  -9.066834e-02   4.093682e+00   9.368177e-02   3.913543e+00  -8.645678e-02
33.3	   3.918947e+00  -8.105261e-02   4.093690e+00   9.368965e-02   3.908298e+00  -9.170191e-02   4.096923e+00   9.692306e-02   3.908251e+00  -9.174877e-02
33.4	   3.912887e+00  -8.711315e-02   4.087036e+00   8.703591e-02   3.912583e+00  -8.741682e-02   4.094306e+00   9.430619e-02   3.907913e+00  -9.208710e-02
33.5	   3.911432e+00  -8.856774e-02   4.074904e+00   7.490390e-02   3.921795e+00  -7.820532e-02   4.085755e+00   8.575452e-02   3.912873e+00  -8.712710e-02
33.6	   3.914857e+00  -8.514342e-02   4.058478e+00   5.847782e-02   3.935131e+00  -6.486895e-02   4.072266e+00   7.226634e-02   3.922634e+00  -7.736636e-02
33.7	   3.922840e+00  -7.715999e-02   4.039285e+00   3.928457e-02   3.951611e+00  -4.838943e-02   4.055079e+00   5.507912e-02   3.936439e+00  -6.356113e-02
33.8	   3.934916e+00  -6.508415e-02   4.019110e+00   1.911023e-02   3.969817e+00  -3.018277e-02   4.035660e+00   3.565990e-02   3.953347e+00  -4.665272e-02
33.9	   3.950543e+00  -4.945672e-02   3.998562e+00  -1.437537e-03   3.989223e+00  -1.077733e-02   4.015391e+00   1.539086e-02   3.971897e+00  -2.810332e-02
34	   3.968698e+00  -3.130153e-02   3.978653e+00  -2.134713e-02   4.009589e+00   9.589416e-03   3.994798e+00  -5.201559e-03   3.991789e+00  -8.211329e-03
34.1	   3.988540e+00  -1.146034e-02   3.960335e+00  -3.966477e-02   4.029905e+00   2.990509e-02   3.974909e+00  -2.509131e-02   4.012547e+00   1.254733e-02
34.2	   4.009125e+00   9.124645e-03   3.943957e+00  -5.604256e-02   4.049974e+00   4.997418e-02   3.956636e+00  -4.336404e-02   4.033090e+00   3.308966e-02
34.3	   4.029047e+00   2.904689e-02   3.930254e+00  -6.974631e-02   4.068906e+00   6.890576e-02   3.940361e+00  -5.963852e-02   4.053223e+00   5.322253e-02
34.4	   4.047791e+00   4.779073e-02   3.920032e+00  -7.996764e-02   4.084766e+00   8.476644e-02   3.926992e+00  -7.300822e-02   4.071665e+00   7.166500e-02
34.5	   4.064791e+00   6.479104e-02   3.913877e+00  -8.612271e-02   4.095769e+00   9.576942e-02   3.917348e+00  -8.265249e-02   4.086476e+00   8.647569e-02
34.6	   4.079022e+00   7.902195e-02   3.912093e+00  -8.790658e-02   4.100662e+00   1.006625e-01   3.911960e+00  -8.804044e-02   4.096094e+00   9.609364e-02
34.7	   4.089378e+00   8.937836e-02   3.914923e+00  -8.507733e-02   4.099005e+00   9.900465e-02   3.911070e+00  -8.893016e-02   4.099580e+00   9.957991e-02
34.8	   4.094738e+00   9.473834e-02   3.922314e+00  -7.768617e-02   4.090519e+00   9.051865e-02   3.914971e+00  -8.502874e-02   4.096640e+00   9.663962e-02
34.9	   4.094125e+00   9.412472e-02   3.933800e+00  -6.620041e-02   4.076471e+00   7.647124e-02   3.923366e+00  -7.663388e-02   4.087238e+00   8.723793e-02
35	   4.086808e+00   8.680810e-02   3.948774e+00  -5.122590e-02   4.058563e+00   5.856335e-02   3.935695e+00  -6.430501e-02   4.072665e+00   7.266511e-02
