           0.1	   3.999974e+00  -2.644743e-05   3.999997e+00  -3.470214e-06   4.000000e+00  -3.851083e-07   4.000000e+00  -4.326709e-08   4.000000e+00  -4.870703e-09
0.2	   3.999830e+00  -1.703908e-04   3.999978e+00  -2.183962e-05   3.999998e+00  -2.448010e-06   4.000000e+00  -2.786119e-07   4.000000e+00  -3.177088e-08
0.3	   3.999499e+00  -5.005816e-04   3.999937e+00  -6.348497e-05   3.999993e+00  -7.221106e-06   3.999999e+00  -8.355316e-07   4.000000e+00  -9.683235e-08
0.4	   3.998931e+00  -1.068747e-03   3.999865e+00  -1.354441e-04   3.999984e+00  -1.571080e-05   3.999998e+00  -1.855494e-06   4.000000e+00  -2.193186e-07
0.5	   3.998099e+00  -1.900766e-03   3.999757e+00  -2.427218e-04   3.999971e+00  -2.885802e-05   3.999997e+00  -3.492995e-06   4.000000e+00  -4.225255e-07
0.6	   3.997003e+00  -2.996623e-03   3.999611e+00  -3.889364e-04   3.999952e+00  -4.763773e-05   3.999994e+00  -5.931930e-06   3.999999e+00  -7.364850e-07
0.7	   3.995673e+00  -4.326711e-03   3.999423e+00  -5.765156e-04   3.999927e+00  -7.310264e-05   3.999991e+00  -9.396060e-06   3.999999e+00  -1.200185e-06
0.8	   3.994176e+00  -5.824450e-03   3.999194e+00  -8.063350e-04   3.999894e+00  -1.063586e-04   3.999986e+00  -1.415231e-05   3.999998e+00  -1.863215e-06
0.9	   3.992618e+00  -7.381941e-03   3.998922e+00  -1.077698e-03   3.999851e+00  -1.485684e-04   3.999979e+00  -2.051744e-05   3.999997e+00  -2.788009e-06
1	   3.991156e+00  -8.844369e-03   3.998612e+00  -1.387754e-03   3.999799e+00  -2.008838e-04   3.999971e+00  -2.885691e-05   3.999996e+00  -4.051490e-06
1.1	   3.989990e+00  -1.001030e-02   3.998269e+00  -1.731158e-03   3.999736e+00  -2.643913e-04   3.999960e+00  -3.958506e-05   3.999994e+00  -5.747098e-06
1.2	   3.989346e+00  -1.065366e-02   3.997900e+00  -2.100218e-03   3.999660e+00  -3.401020e-04   3.999947e+00  -5.316964e-05   3.999992e+00  -7.987568e-06
1.3	   3.989470e+00  -1.053003e-02   3.997519e+00  -2.481468e-03   3.999571e+00  -4.285243e-04   3.999930e+00  -7.008838e-05   3.999989e+00  -1.090254e-05
1.4	   3.990597e+00  -9.402698e-03   3.997141e+00  -2.858899e-03   3.999470e+00  -5.299438e-04   3.999909e+00  -9.086106e-05   3.999985e+00  -1.464461e-05
1.5	   3.992881e+00  -7.119000e-03   3.996787e+00  -3.213246e-03   3.999356e+00  -6.442659e-04   3.999884e+00  -1.160300e-04   3.999981e+00  -1.938988e-05
1.6	   3.996388e+00  -3.611908e-03   3.996482e+00  -3.518359e-03   3.999229e+00  -7.705225e-04   3.999854e+00  -1.460996e-04   3.999975e+00  -2.533362e-05
1.7	   4.001012e+00   1.012105e-03   3.996251e+00  -3.749063e-03   3.999092e+00  -9.075747e-04   3.999818e+00  -1.816047e-04   3.999967e+00  -3.270035e-05
1.8	   4.006447e+00   6.446789e-03   3.996117e+00  -3.883426e-03   3.998946e+00  -1.054196e-03   3.999777e+00  -2.231123e-04   3.999958e+00  -4.174620e-05
1.9	   4.012380e+00   1.238016e-02   3.996120e+00  -3.880343e-03   3.998794e+00  -1.206417e-03   3.999729e+00  -2.709073e-04   3.999947e+00  -5.272566e-05
2	   4.018340e+00   1.834043e-02   3.996293e+00  -3.707051e-03   3.998640e+00  -1.360472e-03   3.999675e+00  -3.252924e-04   3.999934e+00  -6.592520e-05
2.1	   4.023798e+00   2.379833e-02   3.996661e+00  -3.338823e-03   3.998488e+00  -1.512186e-03   3.999614e+00  -3.864972e-04   3.999918e+00  -8.165304e-05
2.2	   4.028300e+00   2.830049e-02   3.997248e+00  -2.751955e-03   3.998344e+00  -1.656137e-03   3.999545e+00  -4.545496e-04   3.999900e+00  -1.002235e-04
2.3	   4.031495e+00   3.149549e-02   3.998077e+00  -1.923194e-03   3.998215e+00  -1.785298e-03   3.999471e+00  -5.291980e-04   3.999878e+00  -1.219453e-04
2.4	   4.033031e+00   3.303080e-02   3.999159e+00  -8.405343e-04   3.998108e+00  -1.892123e-03   3.999390e+00  -6.099666e-04   3.999853e+00  -1.471232e-04
2.5	   4.032551e+00   3.255056e-02   4.000497e+00   4.965378e-04   3.998031e+00  -1.968501e-03   3.999304e+00  -6.960802e-04   3.999824e+00  -1.760432e-04
2.6	   4.029876e+00   2.987585e-02   4.002093e+00   2.092644e-03   3.997996e+00  -2.003577e-03   3.999214e+00  -7.861886e-04   3.999791e+00  -2.089320e-04
2.7	   4.024978e+00   2.497820e-02   4.003922e+00   3.921666e-03   3.998012e+00  -1.987695e-03   3.999121e+00  -8.787049e-04   3.999754e+00  -2.459830e-04
2.8	   4.018047e+00   1.804698e-02   4.005935e+00   5.934995e-03   3.998089e+00  -1.910602e-03   3.999028e+00  -9.716485e-04   3.999713e+00  -2.873248e-04
2.9	   4.009515e+00   9.514652e-03   4.008079e+00   8.078841e-03   3.998238e+00  -1.761717e-03   3.998938e+00  -1.062410e-03   3.999667e+00  -3.329781e-04
3	   3.999900e+00  -1.002264e-04   4.010272e+00   1.027211e-02   3.998469e+00  -1.530886e-03   3.998852e+00  -1.147855e-03   3.999617e+00  -3.828468e-04
3.1	   3.989649e+00  -1.035082e-02   4.012397e+00   1.239689e-02   3.998789e+00  -1.211290e-03   3.998775e+00  -1.224549e-03   3.999563e+00  -4.367241e-04
3.2	   3.979523e+00  -2.047663e-02   4.014343e+00   1.434341e-02   3.999205e+00  -7.946241e-04   3.998712e+00  -1.288279e-03   3.999506e+00  -4.941998e-04
3.3	   3.970047e+00  -2.995288e-02   4.015955e+00   1.595530e-02   3.999722e+00  -2.781802e-04   3.998665e+00  -1.334799e-03   3.999445e+00  -5.547132e-04
3.4	   3.961674e+00  -3.832593e-02   4.017063e+00   1.706315e-02   4.000337e+00   3.369594e-04   3.998641e+00  -1.359484e-03   3.999382e+00  -6.175013e-04
3.5	   3.954965e+00  -4.503504e-02   4.017521e+00   1.752141e-02   4.001049e+00   1.048936e-03   3.998643e+00  -1.357199e-03   3.999318e+00  -6.815284e-04
3.6	   3.950295e+00  -4.970473e-02   4.017169e+00   1.716933e-02   4.001849e+00   1.848878e-03   3.998678e+00  -1.322466e-03   3.999254e+00  -7.455372e-04
3.7	   3.948045e+00  -5.195464e-02   4.015871e+00   1.587074e-02   4.002724e+00   2.724057e-03   3.998750e+00  -1.250009e-03   3.999192e+00  -8.079871e-04
3.8	   3.948485e+00  -5.151495e-02   4.013539e+00   1.353868e-02   4.003656e+00   3.656011e-03   3.998865e+00  -1.134830e-03   3.999133e+00  -8.670590e-04
3.9	   3.951628e+00  -4.837196e-02   4.010115e+00   1.011509e-02   4.004618e+00   4.618272e-03   3.999027e+00  -9.727440e-04   3.999079e+00  -9.206734e-04
4	   3.957635e+00  -4.236450e-02   4.005652e+00   5.652234e-03   4.005582e+00   5.582317e-03   3.999240e+00  -7.597038e-04   3.999034e+00  -9.664623e-04
4.1	   3.966356e+00  -3.364394e-02   4.000255e+00   2.553960e-04   4.006510e+00   6.510072e-03   3.999507e+00  -4.929606e-04   3.998998e+00  -1.001882e-03
4.2	   3.977556e+00  -2.244446e-02   3.994125e+00  -5.875226e-03   4.007360e+00   7.359630e-03   3.999829e+00  -1.709369e-04   3.998976e+00  -1.024131e-03
4.3	   3.990811e+00  -9.189045e-03   3.987556e+00  -1.244444e-02   4.008085e+00   8.085257e-03   4.000206e+00   2.063808e-04   3.998970e+00  -1.030250e-03
4.4	   4.005526e+00   5.525618e-03   3.980908e+00  -1.909173e-02   4.008639e+00   8.639051e-03   4.000637e+00   6.371115e-04   3.998983e+00  -1.017083e-03
4.5	   4.021025e+00   2.102506e-02   3.974599e+00  -2.540113e-02   4.008973e+00   8.973124e-03   4.001117e+00   1.117370e-03   3.999019e+00  -9.813101e-04
4.6	   4.036351e+00   3.635107e-02   3.969054e+00  -3.094577e-02   4.009039e+00   9.038876e-03   4.001641e+00   1.640612e-03   3.999080e+00  -9.198813e-04
4.7	   4.050817e+00   5.081745e-02   3.964760e+00  -3.524043e-02   4.008793e+00   8.792763e-03   4.002198e+00   2.198299e-03   3.999170e+00  -8.298543e-04
4.8	   4.063344e+00   6.334394e-02   3.962083e+00  -3.791672e-02   4.008196e+00   8.196313e-03   4.002779e+00   2.778714e-03   3.999291e+00  -7.086486e-04
4.9	   4.072882e+00   7.288177e-02   3.961359e+00  -3.864096e-02   4.007222e+00   7.222149e-03   4.003368e+00   3.367979e-03   3.999446e+00  -5.540836e-04
5	   4.078514e+00   7.851392e-02   3.962855e+00  -3.714470e-02   4.005857e+00   5.856672e-03   4.003949e+00   3.949372e-03   3.999635e+00  -3.645476e-04
5.1	   4.079496e+00   7.949593e-02   3.966706e+00  -3.329446e-02   4.004101e+00   4.101134e-03   4.004503e+00   4.502701e-03   3.999861e+00  -1.391593e-04
5.2	   4.075670e+00   7.567044e-02   3.972944e+00  -2.705586e-02   4.001981e+00   1.980693e-03   4.005007e+00   5.006683e-03   4.000122e+00   1.221414e-04
5.3	   4.067012e+00   6.701249e-02   3.981408e+00  -1.859201e-02   3.999537e+00  -4.632923e-04   4.005438e+00   5.438243e-03   4.000418e+00   4.183303e-04
5.4	   4.053944e+00   5.394425e-02   3.991791e+00  -8.209384e-03   3.996835e+00  -3.165274e-03   4.005774e+00   5.773983e-03   4.000747e+00   7.472289e-04
5.5	   4.037522e+00   3.752231e-02   4.003630e+00   3.629590e-03   3.993963e+00  -6.036797e-03   4.005990e+00   5.990285e-03   4.001105e+00   1.105368e-03
5.6	   4.019062e+00   1.906185e-02   4.016311e+00   1.631086e-02   3.991035e+00  -8.965404e-03   4.006064e+00   6.064465e-03   4.001488e+00   1.487894e-03
5.7	   3.999597e+00  -4.034632e-04   4.029089e+00   2.908943e-02   3.988184e+00  -1.181637e-02   4.005975e+00   5.975491e-03   4.001888e+00   1.888490e-03
5.8	   3.979958e+00  -2.004206e-02   4.041127e+00   4.112696e-02   3.985551e+00  -1.444908e-02   4.005705e+00   5.704583e-03   4.002299e+00   2.299345e-03
5.9	   3.961314e+00  -3.868600e-02   4.051552e+00   5.155188e-02   3.983293e+00  -1.670714e-02   4.005239e+00   5.238732e-03   4.002712e+00   2.711551e-03
6	   3.944730e+00  -5.526978e-02   4.059572e+00   5.957208e-02   3.981564e+00  -1.843578e-02   4.004570e+00   4.569867e-03   4.003114e+00   3.114383e-03
6.1	   3.931320e+00  -6.868013e-02   4.064544e+00   6.454449e-02   3.980522e+00  -1.947843e-02   4.003697e+00   3.697288e-03   4.003495e+00   3.495495e-03
6.2	   3.921622e+00  -7.837806e-02   4.065997e+00   6.599742e-02   3.980302e+00  -1.969774e-02   4.002628e+00   2.627801e-03   4.003842e+00   3.841729e-03
6.3	   3.915753e+00  -8.424683e-02   4.063667e+00   6.366711e-02   3.981030e+00  -1.897009e-02   4.001377e+00   1.376808e-03   4.004139e+00   4.139468e-03
6.4	   3.913987e+00  -8.601326e-02   4.057611e+00   5.761098e-02   3.982795e+00  -1.720470e-02   3.999970e+00  -3.040049e-05   4.004375e+00   4.374951e-03
6.5	   3.916593e+00  -8.340741e-02   4.048158e+00   4.815830e-02   3.985648e+00  -1.435179e-02   3.998441e+00  -1.558586e-03   4.004534e+00   4.534402e-03
6.6	   3.923442e+00  -7.655753e-02   4.035771e+00   3.577084e-02   3.989589e+00  -1.041140e-02   3.996837e+00  -3.163416e-03   4.004604e+00   4.604370e-03
6.7	   3.934557e+00  -6.544343e-02   4.021138e+00   2.113795e-02   3.994560e+00  -5.440253e-03   3.995209e+00  -4.790845e-03   4.004573e+00   4.573368e-03
6.8	   3.949531e+00  -5.046897e-02   4.005037e+00   5.036728e-03   4.000443e+00   4.426738e-04   3.993621e+00  -6.378819e-03   4.004430e+00   4.430001e-03
6.9	   3.967553e+00  -3.244706e-02   3.988333e+00  -1.166689e-02   4.007047e+00   7.047281e-03   3.992142e+00  -7.857543e-03   4.004167e+00   4.166632e-03
7	   3.987532e+00  -1.246849e-02   3.971914e+00  -2.808631e-02   4.014125e+00   1.412515e-02   3.990848e+00  -9.152371e-03   4.003778e+00   3.778353e-03
7.1	   4.008295e+00   8.295322e-03   3.956650e+00  -4.334988e-02   4.021350e+00   2.134951e-02   3.989808e+00  -1.019233e-02   4.003264e+00   3.263877e-03
7.2	   4.028872e+00   2.887182e-02   3.943347e+00  -5.665322e-02   4.028331e+00   2.833089e-02   3.989096e+00  -1.090434e-02   4.002626e+00   2.626120e-03
7.3	   4.048177e+00   4.817691e-02   3.932715e+00  -6.728538e-02   4.034645e+00   3.464513e-02   3.988781e+00  -1.121931e-02   4.001873e+00   1.872689e-03
7.4	   4.064867e+00   6.486656e-02   3.925315e+00  -7.468475e-02   4.039846e+00   3.984570e-02   3.988922e+00  -1.107793e-02   4.001016e+00   1.016152e-03
7.5	   4.078464e+00   7.846411e-02   3.921597e+00  -7.840285e-02   4.043483e+00   4.348334e-02   3.989576e+00  -1.042432e-02   4.000074e+00   7.439095e-05
7.6	   4.087940e+00   8.793976e-02   3.921778e+00  -7.822234e-02   4.045154e+00   4.515430e-02   3.990774e+00  -9.225665e-03   3.999070e+00  -9.295052e-04
7.7	   4.092366e+00   9.236582e-02   3.926043e+00  -7.395721e-02   4.044546e+00   4.454628e-02   3.992533e+00  -7.467111e-03   3.998033e+00  -1.967324e-03
7.8	   4.091458e+00   9.145847e-02   3.934279e+00  -6.572127e-02   4.041426e+00   4.142555e-02   3.994844e+00  -5.156481e-03   3.996994e+00  -3.006223e-03
7.9	   4.085198e+00   8.519776e-02   3.946204e+00  -5.379617e-02   4.035757e+00   3.575748e-02   3.997673e+00  -2.327045e-03   3.995991e+00  -4.009286e-03
8	   4.073880e+00   7.388024e-02   3.961395e+00  -3.860501e-02   4.027683e+00   2.768254e-02   4.000960e+00   9.602047e-04   3.995064e+00  -4.936184e-03
8.1	   4.058321e+00   5.832072e-02   3.979229e+00  -2.077057e-02   4.017507e+00   1.750662e-02   4.004615e+00   4.614517e-03   3.994256e+00  -5.744496e-03
8.2	   4.039821e+00   3.982099e-02   3.998900e+00  -1.100016e-03   4.005708e+00   5.708411e-03   4.008516e+00   8.515827e-03   3.993608e+00  -6.392189e-03
8.3	   4.019746e+00   1.974650e-02   4.019424e+00   1.942397e-02   3.992915e+00  -7.084937e-03   4.012524e+00   1.252397e-02   3.993162e+00  -6.837708e-03
8.4	   3.999263e+00  -7.365643e-04   4.039666e+00   3.966598e-02   3.979833e+00  -2.016654e-02   4.016462e+00   1.646177e-02   3.992957e+00  -7.042517e-03
8.5	   3.979223e+00  -2.077743e-02   4.058349e+00   5.834870e-02   3.967200e+00  -3.280038e-02   4.020135e+00   2.013470e-02   3.993026e+00  -6.974029e-03
8.6	   3.960516e+00  -3.948443e-02   4.074195e+00   7.419519e-02   3.955755e+00  -4.424508e-02   4.023336e+00   2.333647e-02   3.993399e+00  -6.600569e-03
8.7	   3.943899e+00  -5.610091e-02   4.085935e+00   8.593507e-02   3.946175e+00  -5.382548e-02   4.025862e+00   2.586186e-02   3.994097e+00  -5.903280e-03
8.8	   3.930415e+00  -6.958505e-02   4.092553e+00   9.255322e-02   3.939068e+00  -6.093208e-02   4.027513e+00   2.751323e-02   3.995127e+00  -4.872951e-03
8.9	   3.920755e+00  -7.924483e-02   4.093465e+00   9.346453e-02   3.934901e+00  -6.509907e-02   4.028114e+00   2.811362e-02   3.996488e+00  -3.512251e-03
9	   3.915102e+00  -8.489784e-02   4.088505e+00   8.850499e-02   3.934013e+00  -6.598670e-02   4.027519e+00   2.751899e-02   3.998163e+00  -1.837198e-03
9.1	   3.913675e+00  -8.632536e-02   4.078168e+00   7.816772e-02   3.936627e+00  -6.337273e-02   4.025621e+00   2.562110e-02   4.000122e+00   1.215859e-04
9.2	   3.916683e+00  -8.331656e-02   4.063368e+00   6.336793e-02   3.942774e+00  -5.722638e-02   4.022387e+00   2.238725e-02   4.002318e+00   2.318275e-03
9.3	   3.923673e+00  -7.632694e-02   4.045147e+00   4.514706e-02   3.952313e+00  -4.768712e-02   4.017850e+00   1.785005e-02   4.004692e+00   4.691610e-03
9.4	   3.934480e+00  -6.552004e-02   4.024764e+00   2.476443e-02   3.964920e+00  -3.508047e-02   4.012120e+00   1.211971e-02   4.007166e+00   7.165755e-03
9.5	   3.948819e+00  -5.118145e-02   4.003481e+00   3.480553e-03   3.980110e+00  -1.989045e-02   4.005387e+00   5.386547e-03   4.009655e+00   9.654755e-03
9.6	   3.966130e+00  -3.386994e-02   3.982500e+00  -1.749995e-02   3.997167e+00  -2.832807e-03   3.997896e+00  -2.103857e-03   4.012056e+00   1.205613e-02
9.7	   3.985583e+00  -1.441675e-02   3.962926e+00  -3.707357e-02   4.015220e+00   1.521961e-02   3.989960e+00  -1.004048e-02   4.014259e+00   1.425936e-02
9.8	   4.006119e+00   6.118931e-03   3.945697e+00  -5.430340e-02   4.033240e+00   3.324038e-02   3.981955e+00  -1.804479e-02   4.016151e+00   1.615115e-02
9.9	   4.026609e+00   2.660876e-02   3.931597e+00  -6.840308e-02   4.050107e+00   5.010736e-02   3.974266e+00  -2.573403e-02   4.017621e+00   1.762058e-02
10	   4.046192e+00   4.619224e-02   3.921233e+00  -7.876652e-02   4.064681e+00   6.468086e-02   3.967302e+00  -3.269849e-02   4.018562e+00   1.856204e-02
10.1	   4.063576e+00   6.357612e-02   3.914937e+00  -8.506311e-02   4.075895e+00   7.589513e-02   3.961459e+00  -3.854082e-02   4.018881e+00   1.888125e-02
10.2	   4.077415e+00   7.741465e-02   3.912954e+00  -8.704575e-02   4.082916e+00   8.291601e-02   3.957102e+00  -4.289793e-02   4.018500e+00   1.850002e-02
10.3	   4.086916e+00   8.691644e-02   3.915306e+00  -8.469422e-02   4.085160e+00   8.515958e-02   3.954555e+00  -4.544523e-02   4.017360e+00   1.736039e-02
10.4	   4.091955e+00   9.195455e-02   3.921907e+00  -7.809291e-02   4.082384e+00   8.238388e-02   3.954068e+00  -4.593197e-02   4.015441e+00   1.544069e-02
10.5	   4.091864e+00   9.186436e-02   3.932455e+00  -6.754511e-02   4.074740e+00   7.474022e-02   3.955843e+00  -4.415662e-02   4.012752e+00   1.275246e-02
10.6	   4.086077e+00   8.607735e-02   3.946500e+00  -5.350029e-02   4.062749e+00   6.274896e-02   3.959968e+00  -4.003231e-02   4.009346e+00   9.345644e-03
10.7	   4.075195e+00   7.519503e-02   3.963499e+00  -3.650108e-02   4.047177e+00   4.717655e-02   3.966420e+00  -3.358024e-02   4.005304e+00   5.304151e-03
10.8	   4.060049e+00   6.004933e-02   3.982684e+00  -1.731558e-02   4.029010e+00   2.901036e-02   3.975071e+00  -2.492905e-02   4.000749e+00   7.489139e-04
10.9	   4.041788e+00   4.178777e-02   4.003141e+00   3.141216e-03   4.009337e+00   9.337183e-03   3.985659e+00  -1.434061e-02   3.995837e+00  -4.162945e-03
11	   4.021786e+00   2.178614e-02   4.023816e+00   2.381578e-02   3.989260e+00  -1.073954e-02   3.997810e+00  -2.189790e-03   3.990757e+00  -9.242879e-03
11.1	   4.001247e+00   1.246538e-03   4.043530e+00   4.353027e-02   3.969850e+00  -3.014978e-02   4.010993e+00   1.099337e-02   3.985729e+00  -1.427067e-02
11.2	   3.981099e+00  -1.890105e-02   4.061106e+00   6.110571e-02   3.952104e+00  -4.789626e-02   4.024585e+00   2.458534e-02   3.980972e+00  -1.902833e-02
11.3	   3.962261e+00  -3.773877e-02   4.075491e+00   7.549144e-02   3.936891e+00  -6.310883e-02   4.037829e+00   3.782878e-02   3.976717e+00  -2.328263e-02
11.4	   3.945424e+00  -5.457572e-02   4.085785e+00   8.578520e-02   3.924927e+00  -7.507322e-02   4.049909e+00   4.990921e-02   3.973193e+00  -2.680731e-02
11.5	   3.931617e+00  -6.838261e-02   4.091336e+00   9.133587e-02   3.916799e+00  -8.320107e-02   4.059991e+00   5.999140e-02   3.970609e+00  -2.939106e-02
11.6	   3.921540e+00  -7.846028e-02   4.091775e+00   9.177465e-02   3.912912e+00  -8.708783e-02   4.067283e+00   6.728252e-02   3.969155e+00  -3.084518e-02
11.7	   3.915456e+00  -8.454362e-02   4.086949e+00   8.694903e-02   3.913487e+00  -8.651299e-02   4.071078e+00   7.107755e-02   3.968983e+00  -3.101737e-02
11.8	   3.913601e+00  -8.639900e-02   4.077156e+00   7.715610e-02   3.918615e+00  -8.138507e-02   4.070912e+00   7.091244e-02   3.970217e+00  -2.978309e-02
11.9	   3.916275e+00  -8.372467e-02   4.063047e+00   6.304707e-02   3.928154e+00  -7.184603e-02   4.066526e+00   6.652595e-02   3.972918e+00  -2.708168e-02
12	   3.922997e+00  -7.700333e-02   4.045448e+00   4.544771e-02   3.941742e+00  -5.825818e-02   4.058041e+00   5.804123e-02   3.977085e+00  -2.291509e-02
12.1	   3.933472e+00  -6.652801e-02   4.025535e+00   2.553501e-02   3.958850e+00  -4.114957e-02   4.045890e+00   4.589020e-02   3.982636e+00  -1.736356e-02
12.2	   3.947450e+00  -5.255042e-02   4.004624e+00   4.623956e-03   3.978710e+00  -2.129006e-02   4.030753e+00   3.075320e-02   3.989434e+00  -1.056560e-02
12.3	   3.964443e+00  -3.555698e-02   3.983969e+00  -1.603130e-02   4.000330e+00   3.300541e-04   4.013567e+00   1.356675e-02   3.997281e+00  -2.719362e-03
12.4	   3.983632e+00  -1.636781e-02   3.964672e+00  -3.532753e-02   4.022518e+00   2.251792e-02   3.995375e+00  -4.625222e-03   4.005894e+00   5.894039e-03
12.5	   4.004142e+00   4.141851e-03   3.947647e+00  -5.235250e-02   4.043921e+00   4.392140e-02   3.977234e+00  -2.276582e-02   4.014921e+00   1.492066e-02
12.6	   4.024765e+00   2.476462e-02   3.933634e+00  -6.636613e-02   4.063129e+00   6.312907e-02   3.960176e+00  -3.982435e-02   4.023942e+00   2.394211e-02
12.7	   4.044379e+00   4.437875e-02   3.923173e+00  -7.682677e-02   4.078801e+00   7.880055e-02   3.945130e+00  -5.487000e-02   4.032491e+00   3.249107e-02
12.8	   4.061822e+00   6.182243e-02   3.916588e+00  -8.341168e-02   4.089824e+00   8.982379e-02   3.932896e+00  -6.710432e-02   4.040088e+00   4.008759e-02
12.9	   4.076082e+00   7.608229e-02   3.914102e+00  -8.589848e-02   4.095372e+00   9.537157e-02   3.924125e+00  -7.587461e-02   4.046225e+00   4.622467e-02
13	   4.086112e+00   8.611209e-02   3.915776e+00  -8.422367e-02   4.095130e+00   9.513037e-02   3.919282e+00  -8.071752e-02   4.050449e+00   5.044875e-02
13.1	   4.091392e+00   9.139221e-02   3.921600e+00  -7.840026e-02   4.089146e+00   8.914568e-02   3.918634e+00  -8.136608e-02   4.052375e+00   5.237451e-02
13.2	   4.091868e+00   9.186752e-02   3.931367e+00  -6.863323e-02   4.077999e+00   7.799861e-02   3.922339e+00  -7.766124e-02   4.051733e+00   5.173303e-02
13.3	   4.086896e+00   8.689643e-02   3.944703e+00  -5.529659e-02   4.062605e+00   6.260532e-02   3.930303e+00  -6.969739e-02   4.048349e+00   4.834866e-02
13.4	   4.076544e+00   7.654445e-02   3.961146e+00  -3.885386e-02   4.044037e+00   4.403697e-02   3.942227e+00  -5.777318e-02   4.042256e+00   4.225571e-02
13.5	   4.061807e+00   6.180732e-02   3.980000e+00  -1.999962e-02   4.023548e+00   2.354751e-02   3.957651e+00  -4.234904e-02   4.033657e+00   3.365667e-02
13.6	   4.043815e+00   4.381521e-02   4.000405e+00   4.051683e-04   4.002363e+00   2.362871e-03   3.975878e+00  -2.412168e-02   4.022927e+00   2.292681e-02
13.7	   4.023821e+00   2.382114e-02   4.021303e+00   2.130298e-02   3.981640e+00  -1.836045e-02   3.996035e+00  -3.964872e-03   4.010554e+00   1.055363e-02
13.8	   4.003160e+00   3.159533e-03   4.041477e+00   4.147695e-02   3.962417e+00  -3.758314e-02   4.017039e+00   1.703904e-02   3.997186e+00  -2.814180e-03
13.9	   3.982935e+00  -1.706540e-02   4.059640e+00   5.964017e-02   3.945563e+00  -5.443679e-02   4.037687e+00   3.768713e-02   3.983505e+00  -1.649533e-02
14	   3.964031e+00  -3.596852e-02   4.074624e+00   7.462417e-02   3.931802e+00  -6.819812e-02   4.056691e+00   5.669065e-02   3.970239e+00  -2.976051e-02
14.1	   3.947035e+00  -5.296496e-02   4.085409e+00   8.540885e-02   3.921684e+00  -7.831614e-02   4.072823e+00   7.282337e-02   3.958120e+00  -4.188042e-02
14.2	   3.932925e+00  -6.707460e-02   4.091324e+00   9.132391e-02   3.915553e+00  -8.444655e-02   4.084940e+00   8.493954e-02   3.947792e+00  -5.220801e-02
14.3	   3.922385e+00  -7.761508e-02   4.092075e+00   9.207538e-02   3.913621e+00  -8.637943e-02   4.092133e+00   9.213286e-02   3.939846e+00  -6.015410e-02
14.4	   3.915826e+00  -8.417412e-02   4.087593e+00   8.759266e-02   3.915915e+00  -8.408454e-02   4.093860e+00   9.386021e-02   3.934743e+00  -6.525731e-02
14.5	   3.913582e+00  -8.641844e-02   4.078175e+00   7.817460e-02   3.922337e+00  -7.766345e-02   4.089932e+00   8.993223e-02   3.932845e+00  -6.715464e-02
14.6	   3.915911e+00  -8.408921e-02   4.064410e+00   6.441002e-02   3.932619e+00  -6.738100e-02   4.080658e+00   8.065779e-02   3.934357e+00  -6.564322e-02
14.7	   3.922432e+00  -7.756780e-02   4.047072e+00   4.707153e-02   3.946329e+00  -5.367141e-02   4.066734e+00   6.673434e-02   3.939401e+00  -6.059891e-02
14.8	   3.932727e+00  -6.727298e-02   4.027313e+00   2.731317e-02   3.962928e+00  -3.707193e-02   4.049103e+00   4.910328e-02   3.947880e+00  -5.211953e-02
14.9	   3.946418e+00  -5.358158e-02   4.006473e+00   6.473201e-03   3.981726e+00  -1.827361e-02   4.028938e+00   2.893754e-02   3.959560e+00  -4.043996e-02
15	   3.963132e+00  -3.686790e-02   3.985852e+00  -1.414837e-02   4.001877e+00   1.877290e-03   4.007473e+00   7.473004e-03   3.974025e+00  -2.597514e-02
15.1	   3.982069e+00  -1.793095e-02   3.966547e+00  -3.345332e-02   4.022402e+00   2.240175e-02   3.985937e+00  -1.406257e-02   3.990679e+00  -9.321203e-03
15.2	   4.002455e+00   2.455024e-03   3.949432e+00  -5.056790e-02   4.042206e+00   4.220572e-02   3.965479e+00  -3.452108e-02   4.008749e+00   8.749006e-03
15.3	   4.023170e+00   2.317018e-02   3.935209e+00  -6.479063e-02   4.060129e+00   6.012939e-02   3.947106e+00  -5.289407e-02   4.027295e+00   2.729514e-02
15.4	   4.042927e+00   4.292696e-02   3.924392e+00  -7.560769e-02   4.075039e+00   7.503926e-02   3.931707e+00  -6.829333e-02   4.045214e+00   4.521429e-02
15.5	   4.060418e+00   6.041780e-02   3.917360e+00  -8.263951e-02   4.085891e+00   8.589107e-02   3.919986e+00  -8.001415e-02   4.061331e+00   6.133075e-02
15.6	   4.074739e+00   7.473872e-02   3.914371e+00  -8.562895e-02   4.091846e+00   9.184609e-02   3.912430e+00  -8.757006e-02   4.074494e+00   7.449429e-02
15.7	   4.085145e+00   8.514470e-02   3.915551e+00  -8.444865e-02   4.092472e+00   9.247221e-02   3.909407e+00  -9.059337e-02   4.083649e+00   8.364889e-02
15.8	   4.090850e+00   9.085009e-02   3.920943e+00  -7.905722e-02   4.087665e+00   8.766508e-02   3.911042e+00  -8.895794e-02   4.087948e+00   8.794787e-02
15.9	   4.091630e+00   9.162953e-02   3.930392e+00  -6.960787e-02   4.077834e+00   7.783350e-02   3.917338e+00  -8.266247e-02   4.086910e+00   8.690969e-02
16	   4.087238e+00   8.723823e-02   3.943512e+00  -5.648781e-02   4.063734e+00   6.373351e-02   3.928043e+00  -7.195651e-02   4.080417e+00   8.041681e-02
16.1	   4.077724e+00   7.772415e-02   3.959817e+00  -4.018324e-02   4.046299e+00   4.629879e-02   3.942729e+00  -5.727092e-02   4.068888e+00   6.888841e-02
16.2	   4.063487e+00   6.348706e-02   3.978559e+00  -2.144139e-02   4.026654e+00   2.665433e-02   3.960778e+00  -3.922241e-02   4.053096e+00   5.309562e-02
16.3	   4.045742e+00   4.574178e-02   3.998820e+00  -1.180382e-03   4.005950e+00   5.950400e-03   3.981331e+00  -1.866930e-02   4.034141e+00   3.414083e-02
16.4	   4.025896e+00   2.589621e-02   4.019560e+00   1.955957e-02   3.985325e+00  -1.467524e-02   4.003342e+00   3.341655e-03   4.013288e+00   1.328771e-02
16.5	   4.005197e+00   5.196990e-03   4.039667e+00   3.966675e-02   3.965848e+00  -3.415186e-02   4.025573e+00   2.557282e-02   3.991849e+00  -8.150864e-03
16.6	   3.984797e+00  -1.520345e-02   4.057952e+00   5.795168e-02   3.948461e+00  -5.153942e-02   4.046661e+00   4.666068e-02   3.971078e+00  -2.892200e-02
16.7	   3.965711e+00  -3.428939e-02   4.073263e+00   7.326289e-02   3.933978e+00  -6.602238e-02   4.065247e+00   6.524722e-02   3.952101e+00  -4.789864e-02
16.8	   3.948537e+00  -5.146306e-02   4.084534e+00   8.453374e-02   3.923040e+00  -7.696048e-02   4.080072e+00   8.007211e-02   3.935884e+00  -6.411629e-02
16.9	   3.934213e+00  -6.578704e-02   4.091047e+00   9.104683e-02   3.916084e+00  -8.391554e-02   4.090151e+00   9.015061e-02   3.923198e+00  -7.680195e-02
17	   3.923329e+00  -7.667147e-02   4.092389e+00   9.238917e-02   3.913392e+00  -8.660833e-02   4.094793e+00   9.479290e-02   3.914631e+00  -8.536858e-02
17.1	   3.916364e+00  -8.363555e-02   4.088368e+00   8.836830e-02   3.915027e+00  -8.497285e-02   4.093817e+00   9.381682e-02   3.910567e+00  -8.943349e-02
17.2	   3.913678e+00  -8.632230e-02   4.079226e+00   7.922582e-02   3.920949e+00  -7.905093e-02   4.087384e+00   8.738434e-02   3.911177e+00  -8.882295e-02
17.3	   3.915549e+00  -8.445114e-02   4.065672e+00   6.567222e-02   3.930898e+00  -6.910196e-02   4.076156e+00   7.615638e-02   3.916495e+00  -8.350490e-02
17.4	   3.921735e+00  -7.826540e-02   4.048621e+00   4.862060e-02   3.944428e+00  -5.557229e-02   4.061034e+00   6.103417e-02   3.926276e+00  -7.372407e-02
17.5	   3.931840e+00  -6.816029e-02   4.029169e+00   2.916884e-02   3.960978e+00  -3.902152e-02   4.043036e+00   4.303635e-02   3.940142e+00  -5.985827e-02
17.6	   3.945372e+00  -5.462791e-02   4.008480e+00   8.479615e-03   3.979823e+00  -2.017675e-02   4.023287e+00   2.328664e-02   3.957488e+00  -4.251214e-02
17.7	   3.961954e+00  -3.804571e-02   3.987778e+00  -1.222226e-02   4.000101e+00   1.014277e-04   4.002881e+00   2.881167e-03   3.977519e+00  -2.248097e-02
17.8	   3.980710e+00  -1.929050e-02   3.968202e+00  -3.179788e-02   4.020804e+00   2.080385e-02   3.982855e+00  -1.714522e-02   3.999243e+00  -7.568268e-04
17.9	   4.000860e+00   8.600620e-04   3.950762e+00  -4.923849e-02   4.040817e+00   4.081707e-02   3.964144e+00  -3.585648e-02   4.021492e+00   2.149169e-02
18	   4.021528e+00   2.152788e-02   3.936257e+00  -6.374323e-02   4.058979e+00   5.897925e-02   3.947561e+00  -5.243916e-02   4.042986e+00   4.298636e-02
18.1	   4.041486e+00   4.148575e-02   3.925224e+00  -7.477614e-02   4.074172e+00   7.417167e-02   3.933817e+00  -6.618324e-02   4.062388e+00   6.238796e-02
18.2	   4.059184e+00   5.918421e-02   3.918023e+00  -8.197653e-02   4.085361e+00   8.536117e-02   3.923457e+00  -7.654331e-02   4.078435e+00   7.843478e-02
18.3	   4.073547e+00   7.354701e-02   3.914849e+00  -8.515148e-02   4.091733e+00   9.173323e-02   3.916900e+00  -8.310028e-02   4.090050e+00   9.004990e-02
18.4	   4.084137e+00   8.413666e-02   3.915788e+00  -8.421215e-02   4.092833e+00   9.283279e-02   3.914398e+00  -8.560202e-02   4.096356e+00   9.635583e-02
18.5	   4.090262e+00   9.026176e-02   3.920833e+00  -7.916690e-02   4.088496e+00   8.849570e-02   3.916055e+00  -8.394509e-02   4.096953e+00   9.695256e-02
18.6	   4.091488e+00   9.148805e-02   3.929855e+00  -7.014513e-02   4.079033e+00   7.903295e-02   3.921873e+00  -7.812721e-02   4.091744e+00   9.174391e-02
18.7	   4.087478e+00   8.747769e-02   3.942529e+00  -5.747072e-02   4.065127e+00   6.512657e-02   3.931638e+00  -6.836190e-02   4.081172e+00   8.117218e-02
18.8	   4.078608e+00   7.860790e-02   3.958460e+00  -4.153965e-02   4.047715e+00   4.771486e-02   3.944984e+00  -5.501629e-02   4.066034e+00   6.603445e-02
18.9	   4.065090e+00   6.508952e-02   3.976954e+00  -2.304559e-02   4.028002e+00   2.800174e-02   3.961408e+00  -3.859229e-02   4.047367e+00   4.736651e-02
19	   4.047712e+00   4.771242e-02   3.997116e+00  -2.883610e-03   4.007241e+00   7.240820e-03   3.980204e+00  -1.979590e-02   4.026410e+00   2.641000e-02
19.1	   4.027946e+00   2.794643e-02   4.017856e+00   1.785630e-02   3.986635e+00  -1.336515e-02   4.000503e+00   5.030925e-04   4.004441e+00   4.441429e-03
19.2	   4.007228e+00   7.228069e-03   4.037989e+00   3.798919e-02   3.967253e+00  -3.274707e-02   4.021280e+00   2.127990e-02   3.982704e+00  -1.729624e-02
19.3	   3.986753e+00  -1.324663e-02   4.056350e+00   5.634989e-02   3.949990e+00  -5.000980e-02   4.041387e+00   4.138661e-02   3.962338e+00  -3.766183e-02
19.4	   3.967504e+00  -3.249554e-02   4.071888e+00   7.188806e-02   3.935582e+00  -6.441819e-02   4.059624e+00   5.962420e-02   3.944325e+00  -5.567452e-02
19.5	   3.950107e+00  -4.989258e-02   4.083577e+00   8.357680e-02   3.924569e+00  -7.543148e-02   4.074851e+00   7.485148e-02   3.929488e+00  -7.051224e-02
19.6	   3.935481e+00  -6.451852e-02   4.090614e+00   9.061386e-02   3.917361e+00  -8.263915e-02   4.086031e+00   8.603067e-02   3.918495e+00  -8.150506e-02
19.7	   3.924224e+00  -7.577635e-02   4.092445e+00   9.244468e-02   3.914213e+00  -8.578681e-02   4.092328e+00   9.232804e-02   3.911768e+00  -8.823201e-02
19.8	   3.916860e+00  -8.313993e-02   4.088875e+00   8.887536e-02   3.915244e+00  -8.475563e-02   4.093281e+00   9.328066e-02   3.909589e+00  -9.041145e-02
19.9	   3.913721e+00  -8.627933e-02   4.080187e+00   8.018673e-02   3.920479e+00  -7.952081e-02   4.088732e+00   8.873240e-02   3.912042e+00  -8.795758e-02
20	   3.915174e+00  -8.482632e-02   4.067062e+00   6.706212e-02   3.929763e+00  -7.023655e-02   4.079027e+00   7.902682e-02   3.919042e+00  -8.095751e-02
20.1	   3.920977e+00  -7.902256e-02   4.050326e+00   5.032613e-02   3.942752e+00  -5.724757e-02   4.064881e+00   6.488062e-02   3.930283e+00  -6.971704e-02
20.2	   3.930725e+00  -6.927474e-02   4.031026e+00   3.102629e-02   3.958982e+00  -4.101779e-02   4.047253e+00   4.725309e-02   3.945273e+00  -5.472704e-02
20.3	   3.943946e+00  -5.605393e-02   4.010336e+00   1.033615e-02   3.977757e+00  -2.224260e-02   4.027346e+00   2.734607e-02   3.963352e+00  -3.664816e-02
20.4	   3.960317e+00  -3.968303e-02   3.989510e+00  -1.048957e-02   3.998184e+00  -1.815609e-03   4.006395e+00   6.395340e-03   3.983642e+00  -1.635756e-02
20.5	   3.978933e+00  -2.106679e-02   3.969721e+00  -3.027888e-02   4.019161e+00   1.916067e-02   3.985593e+00  -1.440748e-02   4.005099e+00   5.098567e-03
20.6	   3.998952e+00  -1.048055e-03   3.952012e+00  -4.798827e-02   4.039461e+00   3.946146e-02   3.966028e+00  -3.397198e-02   4.026545e+00   2.654527e-02
20.7	   4.019513e+00   1.951285e-02   3.937210e+00  -6.279017e-02   4.057853e+00   5.785259e-02   3.948623e+00  -5.137689e-02   4.046715e+00   4.671485e-02
20.8	   4.039567e+00   3.956678e-02   3.925887e+00  -7.411327e-02   4.073219e+00   7.321906e-02   3.934168e+00  -6.583165e-02   4.064387e+00   6.438718e-02
20.9	   4.057645e+00   5.764456e-02   3.918431e+00  -8.156869e-02   4.084585e+00   8.458452e-02   3.923246e+00  -7.675392e-02   4.078456e+00   7.845631e-02
21	   4.072328e+00   7.232839e-02   3.915004e+00  -8.499586e-02   4.091219e+00   9.121855e-02   3.916270e+00  -8.372966e-02   4.088048e+00   8.804801e-02
21.1	   4.083158e+00   8.315755e-02   3.915685e+00  -8.431501e-02   4.092690e+00   9.269043e-02   3.913498e+00  -8.650187e-02   4.092566e+00   9.256610e-02
21.2	   4.089687e+00   8.968684e-02   3.920437e+00  -7.956328e-02   4.088818e+00   8.881761e-02   3.915003e+00  -8.499725e-02   4.091835e+00   9.183501e-02
21.3	   4.091495e+00   9.149530e-02   3.929141e+00  -7.085889e-02   4.079828e+00   7.982810e-02   3.920748e+00  -7.925240e-02   4.085967e+00   8.596693e-02
21.4	   4.087940e+00   8.794045e-02   3.941474e+00  -5.852629e-02   4.066324e+00   6.632371e-02   3.930501e+00  -6.949874e-02   4.075511e+00   7.551117e-02
21.5	   4.079496e+00   7.949639e-02   3.957057e+00  -4.294270e-02   4.049203e+00   4.920315e-02   3.943861e+00  -5.613918e-02   4.061237e+00   6.123661e-02
21.6	   4.066537e+00   6.653698e-02   3.975237e+00  -2.476344e-02   4.029658e+00   2.965822e-02   3.960310e+00  -3.968986e-02   4.044044e+00   4.404442e-02
21.7	   4.049593e+00   4.959263e-02   3.995173e+00  -4.826864e-03   4.008954e+00   8.953986e-03   3.979144e+00  -2.085552e-02   4.024962e+00   2.496193e-02
21.8	   4.029969e+00   2.996914e-02   4.015815e+00   1.581471e-02   3.988310e+00  -1.168960e-02   3.999498e+00  -5.024289e-04   4.005016e+00   5.015931e-03
21.9	   4.009220e+00   9.219537e-03   4.035987e+00   3.598746e-02   3.968808e+00  -3.119191e-02   4.020346e+00   2.034573e-02   3.985201e+00  -1.479932e-02
22	   3.988664e+00  -1.133563e-02   4.054521e+00   5.452115e-02   3.951367e+00  -4.863289e-02   4.040549e+00   4.054915e-02   3.966450e+00  -3.354986e-02
22.1	   3.969275e+00  -3.072483e-02   4.070340e+00   7.034035e-02   3.936725e+00  -6.327491e-02   4.058899e+00   5.889872e-02   3.949602e+00  -5.039801e-02
22.2	   3.951699e+00  -4.830068e-02   4.082413e+00   8.241301e-02   3.925439e+00  -7.456101e-02   4.074236e+00   7.423591e-02   3.935397e+00  -6.460273e-02
22.3	   3.936784e+00  -6.321641e-02   4.089958e+00   8.995825e-02   3.917935e+00  -8.206505e-02   4.085513e+00   8.551314e-02   3.924433e+00  -7.556696e-02
22.4	   3.925151e+00  -7.484860e-02   4.092383e+00   9.238272e-02   3.914472e+00  -8.552806e-02   4.091929e+00   9.192904e-02   3.917198e+00  -8.280230e-02
22.5	   3.917383e+00  -8.261700e-02   4.089418e+00   8.941769e-02   3.915181e+00  -8.481914e-02   4.093053e+00   9.305313e-02   3.914012e+00  -8.598815e-02
22.6	   3.913819e+00  -8.618062e-02   4.081233e+00   8.123307e-02   3.920098e+00  -7.990231e-02   4.088768e+00   8.876789e-02   3.915040e+00  -8.496021e-02
22.7	   3.914891e+00  -8.510891e-02   4.068519e+00   6.851888e-02   3.929070e+00  -7.092999e-02   4.079426e+00   7.942599e-02   3.920343e+00  -7.965724e-02
22.8	   3.920367e+00  -7.963314e-02   4.052126e+00   5.212580e-02   3.941769e+00  -5.823104e-02   4.065719e+00   6.571927e-02   3.929765e+00  -7.023516e-02
22.9	   3.929787e+00  -7.021303e-02   4.033073e+00   3.307257e-02   3.957729e+00  -4.227141e-02   4.048536e+00   4.853643e-02   3.942962e+00  -5.703771e-02
23	   3.942708e+00  -5.729240e-02   4.012487e+00   1.248696e-02   3.976256e+00  -2.374361e-02   4.028994e+00   2.899369e-02   3.959452e+00  -4.054754e-02
23.1	   3.958860e+00  -4.114007e-02   3.991606e+00  -8.393580e-03   3.996488e+00  -3.512341e-03   4.008260e+00   8.259584e-03   3.978511e+00  -2.148903e-02
23.2	   3.977360e+00  -2.263972e-02   3.971633e+00  -2.836689e-02   4.017353e+00   1.735332e-02   3.987504e+00  -1.249613e-02   3.999245e+00  -7.552493e-04
23.3	   3.997312e+00  -2.688135e-03   3.953630e+00  -4.637043e-02   4.037660e+00   3.765961e-02   3.967816e+00  -3.218376e-02   4.020571e+00   2.057118e-02
23.4	   4.017821e+00   1.782088e-02   3.938479e+00  -6.152052e-02   4.056195e+00   5.619546e-02   3.950172e+00  -4.982816e-02   4.041263e+00   4.126268e-02
23.5	   4.037875e+00   3.787505e-02   3.926791e+00  -7.320870e-02   4.071864e+00   7.186420e-02   3.935385e+00  -6.461520e-02   4.060022e+00   6.002159e-02
23.6	   4.056187e+00   5.618692e-02   3.919010e+00  -8.098982e-02   4.083681e+00   8.368081e-02   3.924069e+00  -7.593145e-02   4.075624e+00   7.562433e-02
23.7	   4.071225e+00   7.122533e-02   3.915293e+00  -8.470719e-02   4.090885e+00   9.088530e-02   3.916688e+00  -8.331208e-02   4.086982e+00   8.698154e-02
23.8	   4.082340e+00   8.233989e-02   3.915719e+00  -8.428095e-02   4.092966e+00   9.296562e-02   3.913519e+00  -8.648116e-02   4.093252e+00   9.325225e-02
23.9	   4.089127e+00   8.912741e-02   3.920221e+00  -7.977888e-02   4.089656e+00   8.965589e-02   3.914644e+00  -8.535615e-02   4.094039e+00   9.403915e-02
24	   4.091412e+00   9.141156e-02   3.928634e+00  -7.136642e-02   4.081077e+00   8.107691e-02   3.920027e+00  -7.997295e-02   4.089269e+00   8.926886e-02
24.1	   4.088431e+00   8.843088e-02   3.940641e+00  -5.935943e-02   4.067812e+00   6.781225e-02   3.929442e+00  -7.055836e-02   4.079379e+00   7.937882e-02
24.2	   4.080445e+00   8.044519e-02   3.955875e+00  -4.412459e-02   4.050824e+00   5.082437e-02   3.942482e+00  -5.751794e-02   4.065150e+00   6.514957e-02
24.3	   4.067977e+00   6.797750e-02   3.973748e+00  -2.625182e-02   4.031369e+00   3.136917e-02   3.958646e+00  -4.135381e-02   4.047549e+00   4.754899e-02
24.4	   4.051529e+00   5.152947e-02   3.993485e+00  -6.515341e-03   4.010732e+00   1.073199e-02   3.977234e+00  -2.276629e-02   4.027742e+00   2.774230e-02
24.5	   4.032179e+00   3.217864e-02   4.014071e+00   1.407089e-02   3.990103e+00  -9.897056e-03   3.997427e+00  -2.573293e-03   4.006913e+00   6.913355e-03
24.6	   4.011434e+00   1.143398e-02   4.034304e+00   3.430399e-02   3.970525e+00  -2.947493e-02   4.018247e+00   1.824746e-02   3.986213e+00  -1.378673e-02
24.7	   3.990744e+00  -9.255937e-03   4.052989e+00   5.298885e-02   3.952897e+00  -4.710339e-02   4.038587e+00   3.858727e-02   3.966695e+00  -3.330547e-02
24.8	   3.971181e+00  -2.881853e-02   4.069061e+00   6.906109e-02   3.937969e+00  -6.203128e-02   4.057253e+00   5.725255e-02   3.949265e+00  -5.073549e-02
24.9	   3.953409e+00  -4.659083e-02   4.081535e+00   8.153483e-02   3.926326e+00  -7.367355e-02   4.073074e+00   7.307406e-02   3.934723e+00  -6.527673e-02
25	   3.938228e+00  -6.177245e-02   4.089566e+00   8.956571e-02   3.918447e+00  -8.155332e-02   4.084931e+00   8.493066e-02   3.923666e+00  -7.633420e-02
25.1	   3.926257e+00  -7.374272e-02   4.092470e+00   9.246988e-02   3.914614e+00  -8.538575e-02   4.091919e+00   9.191883e-02   3.916527e+00  -8.347336e-02
25.2	   3.918092e+00  -8.190778e-02   4.089969e+00   8.996862e-02   3.914994e+00  -8.500570e-02   4.093520e+00   9.351997e-02   3.913580e+00  -8.641964e-02
25.3	   3.914119e+00  -8.588137e-02   4.082203e+00   8.220340e-02   3.919620e+00  -8.037993e-02   4.089578e+00   8.957778e-02   3.914919e+00  -8.508061e-02
25.4	   3.914756e+00  -8.524447e-02   4.069829e+00   6.982943e-02   3.928319e+00  -7.168092e-02   4.080450e+00   8.044956e-02   3.920527e+00  -7.947343e-02
25.5	   3.919855e+00  -8.014486e-02   4.053694e+00   5.369387e-02   3.940741e+00  -5.925949e-02   4.066892e+00   6.689164e-02   3.930170e+00  -6.983006e-02
25.6	   3.928976e+00  -7.102358e-02   4.034818e+00   3.481777e-02   3.956399e+00  -4.360107e-02   4.049853e+00   4.985323e-02   3.943440e+00  -5.656037e-02
25.7	   3.941621e+00  -5.837927e-02   4.014327e+00   1.432743e-02   3.974616e+00  -2.538445e-02   4.030494e+00   3.049398e-02   3.959819e+00  -4.018059e-02
25.8	   3.957507e+00  -4.249336e-02   3.993448e+00  -6.552282e-03   3.994567e+00  -5.433338e-03   4.009992e+00   9.991815e-03   3.978584e+00  -2.141560e-02
25.9	   3.975782e+00  -2.421806e-02   3.973347e+00  -2.665255e-02   4.015271e+00   1.527062e-02   3.989466e+00  -1.053431e-02   3.998866e+00  -1.134136e-03
26	   3.995567e+00  -4.433142e-03   3.955103e+00  -4.489738e-02   4.035603e+00   3.560341e-02   3.969947e+00  -3.005341e-02   4.019651e+00   1.965052e-02
26.1	   4.015991e+00   1.599132e-02   3.939627e+00  -6.037315e-02   4.054383e+00   5.438304e-02   3.952358e+00  -4.764198e-02   4.039821e+00   3.982135e-02
26.2	   4.036059e+00   3.605911e-02   3.927582e+00  -7.241832e-02   4.070456e+00   7.045604e-02   3.937470e+00  -6.253013e-02   4.058202e+00   5.820222e-02
26.3	   4.054545e+00   5.454473e-02   3.919450e+00  -8.055001e-02   4.082756e+00   8.275577e-02   3.925877e+00  -7.412286e-02   4.073669e+00   7.366897e-02
26.4	   4.069853e+00   6.985308e-02   3.915401e+00  -8.459929e-02   4.090463e+00   9.046276e-02   3.918071e+00  -8.192910e-02   4.085171e+00   8.517070e-02
26.5	   4.081237e+00   8.123740e-02   3.915525e+00  -8.447454e-02   4.093048e+00   9.304825e-02   3.914345e+00  -8.565463e-02   4.091862e+00   9.186164e-02
26.6	   4.088277e+00   8.827724e-02   3.919737e+00  -8.026323e-02   4.090301e+00   9.030093e-02   3.914847e+00  -8.515349e-02   4.093245e+00   9.324470e-02
26.7	   4.090987e+00   9.098698e-02   3.927867e+00  -7.213326e-02   4.082306e+00   8.230620e-02   3.919622e+00  -8.037822e-02   4.089139e+00   8.913938e-02
26.8	   4.088652e+00   8.865156e-02   3.939574e+00  -6.042624e-02   4.069568e+00   6.956788e-02   3.928505e+00  -7.149484e-02   4.079850e+00   7.984986e-02
26.9	   4.081251e+00   8.125137e-02   3.954503e+00  -4.549678e-02   4.052940e+00   5.293961e-02   3.941156e+00  -5.884397e-02   4.066079e+00   6.607912e-02
27	   4.069305e+00   6.930512e-02   3.972097e+00  -2.790275e-02   4.033631e+00   3.363070e-02   3.957097e+00  -4.290308e-02   4.048781e+00   4.878107e-02
27.1	   4.053344e+00   5.334355e-02   3.991643e+00  -8.356624e-03   4.012932e+00   1.293197e-02   3.975613e+00  -2.438660e-02   4.029134e+00   2.913438e-02
27.2	   4.034251e+00   3.425054e-02   4.012174e+00   1.217399e-02   3.992120e+00  -7.879989e-03   3.995837e+00  -4.162794e-03   4.008354e+00   8.353632e-03
27.3	   4.013446e+00   1.344613e-02   4.032490e+00   3.249008e-02   3.972321e+00  -2.767941e-02   4.016721e+00   1.672098e-02   3.987615e+00  -1.238456e-02
27.4	   3.992572e+00  -7.427924e-03   4.051365e+00   5.136540e-02   3.954461e+00  -4.553880e-02   4.037086e+00   3.708590e-02   3.967983e+00  -3.201730e-02
27.5	   3.972812e+00  -2.718837e-02   4.067688e+00   6.768800e-02   3.939309e+00  -6.069132e-02   4.055721e+00   5.572136e-02   3.950395e+00  -4.960485e-02
27.6	   3.954915e+00  -4.508546e-02   4.080502e+00   8.050180e-02   3.927437e+00  -7.256311e-02   4.071513e+00   7.151317e-02   3.935637e+00  -6.436297e-02
27.7	   3.939560e+00  -6.043983e-02   4.089007e+00   8.900728e-02   3.919307e+00  -8.069256e-02   4.083458e+00   8.345792e-02   3.924309e+00  -7.569149e-02
27.8	   3.927332e+00  -7.266843e-02   4.092476e+00   9.247567e-02   3.915183e+00  -8.481737e-02   4.090776e+00   9.077551e-02   3.916869e+00  -8.313103e-02
27.9	   3.918823e+00  -8.117703e-02   4.090540e+00   9.054033e-02   3.915210e+00  -8.478969e-02   4.092930e+00   9.293009e-02   3.913603e+00  -8.639742e-02
28	   3.914411e+00  -8.558873e-02   4.083281e+00   8.328074e-02   3.919431e+00  -8.056919e-02   4.089670e+00   8.967032e-02   3.914615e+00  -8.538500e-02
28.1	   3.914557e+00  -8.544256e-02   4.071355e+00   7.135486e-02   3.927707e+00  -7.229321e-02   4.081143e+00   8.114266e-02   3.919913e+00  -8.008675e-02
28.2	   3.919254e+00  -8.074595e-02   4.055589e+00   5.558908e-02   3.939727e+00  -6.027281e-02   4.067961e+00   6.796116e-02   3.929301e+00  -7.069923e-02
28.3	   3.928065e+00  -7.193470e-02   4.036948e+00   3.694779e-02   3.955038e+00  -4.496243e-02   4.051075e+00   5.107477e-02   3.942389e+00  -5.761067e-02
28.4	   3.940495e+00  -5.950476e-02   4.016559e+00   1.655927e-02   3.972977e+00  -2.702275e-02   4.031715e+00   3.171495e-02   3.958687e+00  -4.131305e-02
28.5	   3.956222e+00  -4.377807e-02   3.995658e+00  -4.342485e-03   3.992736e+00  -7.264235e-03   4.011140e+00   1.114043e-02   3.977477e+00  -2.252318e-02
28.6	   3.974380e+00  -2.562015e-02   3.975439e+00  -2.456143e-02   4.013328e+00   1.332761e-02   3.990538e+00  -9.461557e-03   3.997892e+00  -2.108391e-03
28.7	   3.994036e+00  -5.963524e-03   3.956985e+00  -4.301484e-02   4.033623e+00   3.362288e-02   3.970975e+00  -2.902546e-02   4.018904e+00   1.890368e-02
28.8	   4.014361e+00   1.436113e-02   3.941222e+00  -5.877810e-02   4.052463e+00   5.246309e-02   3.953346e+00  -4.665356e-02   4.039352e+00   3.935182e-02
28.9	   4.034458e+00   3.445804e-02   3.928830e+00  -7.117014e-02   4.068731e+00   6.873058e-02   3.938399e+00  -6.160123e-02   4.058014e+00   5.801383e-02
29	   4.053155e+00   5.315483e-02   3.920330e+00  -7.967025e-02   4.081374e+00   8.137368e-02   3.926698e+00  -7.330163e-02   4.073743e+00   7.374297e-02
29.1	   4.068785e+00   6.878485e-02   3.915906e+00  -8.409437e-02   4.089534e+00   8.953388e-02   3.918727e+00  -8.127310e-02   4.085495e+00   8.549525e-02
29.2	   4.080506e+00   8.050622e-02   3.915667e+00  -8.433333e-02   4.092583e+00   9.258260e-02   3.914780e+00  -8.522003e-02   4.092438e+00   9.243780e-02
29.3	   4.087872e+00   8.787222e-02   3.919521e+00  -8.047917e-02   4.090274e+00   9.027356e-02   3.915033e+00  -8.496709e-02   4.094095e+00   9.409523e-02
29.4	   4.090993e+00   9.099268e-02   3.927295e+00  -7.270475e-02   4.082710e+00   8.270955e-02   3.919543e+00  -8.045699e-02   4.090306e+00   9.030575e-02
29.5	   4.089239e+00   8.923926e-02   3.938641e+00  -6.135921e-02   4.070421e+00   7.042140e-02   3.928163e+00  -7.183732e-02   4.081338e+00   8.133811e-02
29.6	   4.082367e+00   8.236690e-02   3.953190e+00  -4.681006e-02   4.054189e+00   5.418941e-02   3.940574e+00  -5.942610e-02   4.067839e+00   6.783945e-02
29.7	   4.070835e+00   7.083547e-02   3.970418e+00  -2.958214e-02   4.035116e+00   3.511571e-02   3.956306e+00  -4.369430e-02   4.050718e+00   5.071833e-02
29.8	   4.055264e+00   5.526404e-02   3.989663e+00  -1.033711e-02   4.014476e+00   1.447604e-02   3.974655e+00  -2.534496e-02   4.031121e+00   3.112066e-02
29.9	   4.036443e+00   3.644331e-02   4.010013e+00   1.001287e-02   3.993598e+00  -6.402245e-03   3.994765e+00  -5.235369e-03   4.010249e+00   1.024898e-02
30	   4.015692e+00   1.569215e-02   4.030302e+00   3.030210e-02   3.973670e+00  -2.632965e-02   4.015605e+00   1.560489e-02   3.989297e+00  -1.070349e-02
30.1	   3.994668e+00  -5.332430e-03   4.049287e+00   4.928749e-02   3.955686e+00  -4.431440e-02   4.036018e+00   3.601826e-02   3.969362e+00  -3.063821e-02
30.2	   3.974679e+00  -2.532067e-02   4.065827e+00   6.582691e-02   3.940419e+00  -5.958089e-02   4.054843e+00   5.484287e-02   3.951420e+00  -4.858045e-02
30.3	   3.956564e+00  -4.343624e-02   4.078961e+00   7.896075e-02   3.928432e+00  -7.156764e-02   4.070979e+00   7.097938e-02   3.936266e+00  -6.373435e-02
30.4	   3.940916e+00  -5.908364e-02   4.087899e+00   8.789886e-02   3.920171e+00  -7.982870e-02   4.083394e+00   8.339425e-02   3.924520e+00  -7.548034e-02
30.5	   3.928326e+00  -7.167434e-02   4.091907e+00   9.190738e-02   3.915859e+00  -8.414057e-02   4.091238e+00   9.123765e-02   3.916645e+00  -8.335467e-02
30.6	   3.919367e+00  -8.063291e-02   4.090549e+00   9.054918e-02   3.915653e+00  -8.434663e-02   4.093880e+00   9.387990e-02   3.912924e+00  -8.707576e-02
30.7	   3.914487e+00  -8.551315e-02   4.083801e+00   8.380106e-02   3.919604e+00  -8.039578e-02   4.091024e+00   9.102447e-02   3.913474e+00  -8.652601e-02
30.8	   3.914159e+00  -8.584094e-02   4.072290e+00   7.228982e-02   3.927588e+00  -7.241200e-02   4.082766e+00   8.276648e-02   3.918305e+00  -8.169451e-02
30.9	   3.918419e+00  -8.158066e-02   4.056875e+00   5.687485e-02   3.939320e+00  -6.068013e-02   4.069736e+00   6.973584e-02   3.927228e+00  -7.277197e-02
31	   3.926867e+00  -7.313285e-02   4.038503e+00   3.850252e-02   3.954372e+00  -4.562775e-02   4.052900e+00   5.289988e-02   3.939906e+00  -6.009382e-02
31.1	   3.938991e+00  -6.100852e-02   4.018251e+00   1.825115e-02   3.972100e+00  -2.789995e-02   4.033494e+00   3.349365e-02   3.955867e+00  -4.413303e-02
31.2	   3.954457e+00  -4.554324e-02   3.997358e+00  -2.642253e-03   3.991698e+00  -8.301942e-03   4.012772e+00   1.277224e-02   3.974458e+00  -2.554214e-02
31.3	   3.972409e+00  -2.759143e-02   3.977064e+00  -2.293594e-02   4.012197e+00   1.219749e-02   3.991939e+00  -8.061316e-03   3.994870e+00  -5.129997e-03
31.4	   3.991881e+00  -8.119137e-03   3.958489e+00  -4.151104e-02   4.032505e+00   3.250457e-02   3.972074e+00  -2.792557e-02   4.016115e+00   1.611496e-02
31.5	   4.012106e+00   1.210626e-02   3.942563e+00  -5.743746e-02   4.051488e+00   5.148850e-02   3.954085e+00  -4.591481e-02   4.037032e+00   3.703215e-02
31.6	   4.032280e+00   3.227967e-02   3.929974e+00  -7.002598e-02   4.068024e+00   6.802404e-02   3.938736e+00  -6.126395e-02   4.056355e+00   5.635502e-02
31.7	   4.051207e+00   5.120700e-02   3.921258e+00  -7.874176e-02   4.081006e+00   8.100623e-02   3.926620e+00  -7.337998e-02   4.072845e+00   7.284543e-02
31.8	   4.067151e+00   6.715115e-02   3.916610e+00  -8.339018e-02   4.089527e+00   8.952726e-02   3.918248e+00  -8.175189e-02   4.085345e+00   8.534487e-02
31.9	   4.079238e+00   7.923750e-02   3.916125e+00  -8.387469e-02   4.092930e+00   9.293037e-02   3.913929e+00  -8.607087e-02   4.092950e+00   9.295021e-02
32	   4.087006e+00   8.700634e-02   3.919737e+00  -8.026293e-02   4.090968e+00   9.096821e-02   3.913844e+00  -8.615615e-02   4.095147e+00   9.514691e-02
32.1	   4.090573e+00   9.057262e-02   3.927261e+00  -7.273927e-02   4.083721e+00   8.372083e-02   3.918061e+00  -8.193856e-02   4.091813e+00   9.181287e-02
32.2	   4.089436e+00   8.943621e-02   3.938340e+00  -6.165958e-02   4.071701e+00   7.170129e-02   3.926439e+00  -7.356100e-02   4.083268e+00   8.326793e-02
32.3	   4.083220e+00   8.321968e-02   3.952600e+00  -4.740032e-02   4.055677e+00   5.567728e-02   3.938662e+00  -6.133809e-02   4.070217e+00   7.021656e-02
32.4	   4.072272e+00   7.227249e-02   3.969538e+00  -3.046178e-02   4.036705e+00   3.670516e-02   3.954231e+00  -4.576860e-02   4.053565e+00   5.356467e-02
32.5	   4.057237e+00   5.723732e-02   3.988519e+00  -1.148053e-02   4.016032e+00   1.603206e-02   3.972465e+00  -2.753470e-02   4.034393e+00   3.439329e-02
32.6	   4.038829e+00   3.882898e-02   4.008691e+00   8.691159e-03   3.994971e+00  -5.029326e-03   3.992521e+00  -7.479183e-03   4.013827e+00   1.382726e-02
32.7	   4.018227e+00   1.822746e-02   4.028967e+00   2.896675e-02   3.974752e+00  -2.524753e-02   4.013395e+00   1.339499e-02   3.992997e+00  -7.002707e-03
32.8	   3.997129e+00  -2.871256e-03   4.048091e+00   4.809110e-02   3.956407e+00  -4.359259e-02   4.033972e+00   3.397231e-02   3.972962e+00  -2.703791e-02
32.9	   3.976973e+00  -2.302671e-02   4.064866e+00   6.486596e-02   3.940759e+00  -5.924112e-02   4.053126e+00   5.312609e-02   3.954683e+00  -4.531655e-02
33	   3.958686e+00  -4.131364e-02   4.078286e+00   7.828628e-02   3.928401e+00  -7.159868e-02   4.069773e+00   6.977283e-02   3.938990e+00  -6.100951e-02
33.1	   3.942800e+00  -5.719993e-02   4.087545e+00   8.754459e-02   3.919796e+00  -8.020379e-02   4.082859e+00   8.285851e-02   3.926546e+00  -7.345436e-02
33.2	   3.929969e+00  -7.003120e-02   4.091920e+00   9.192031e-02   3.915173e+00  -8.482724e-02   4.091455e+00   9.145514e-02   3.917897e+00  -8.210345e-02
33.3	   3.920668e+00  -7.933249e-02   4.090944e+00   9.094429e-02   3.914680e+00  -8.531953e-02   4.094842e+00   9.484168e-02   3.913366e+00  -8.663408e-02
33.4	   3.915389e+00  -8.461068e-02   4.084545e+00   8.454498e-02   3.918345e+00  -8.165467e-02   4.092677e+00   9.267715e-02   3.913130e+00  -8.686987e-02
33.5	   3.914597e+00  -8.540251e-02   4.073314e+00   7.331389e-02   3.926056e+00  -7.394438e-02   4.085000e+00   8.500050e-02   3.917238e+00  -8.276153e-02
33.6	   3.918414e+00  -8.158619e-02   4.058122e+00   5.812205e-02   3.937544e+00  -6.245607e-02   4.072438e+00   7.243753e-02   3.925525e+00  -7.447455e-02
33.7	   3.926477e+00  -7.352259e-02   4.039896e+00   3.989632e-02   3.952396e+00  -4.760426e-02   4.055959e+00   5.595854e-02   3.937670e+00  -6.233042e-02
33.8	   3.938302e+00  -6.169812e-02   4.019681e+00   1.968084e-02   3.970011e+00  -2.998873e-02   4.036757e+00   3.675661e-02   3.953173e+00  -4.682715e-02
33.9	   3.953492e+00  -4.650806e-02   3.998683e+00  -1.317195e-03   3.989610e+00  -1.038974e-02   4.016087e+00   1.608694e-02   3.971368e+00  -2.863174e-02
34	   3.971218e+00  -2.878211e-02   3.978147e+00  -2.185312e-02   4.010235e+00   1.023504e-02   3.995142e+00  -4.858116e-03   3.991436e+00  -8.564486e-03
34.1	   3.990484e+00  -9.515910e-03   3.959243e+00  -4.075687e-02   4.030785e+00   3.078511e-02   3.975001e+00  -2.499906e-02   4.012393e+00   1.239267e-02
34.2	   4.010477e+00   1.047727e-02   3.942967e+00  -5.703261e-02   4.050106e+00   5.010589e-02   3.956617e+00  -4.338299e-02   4.033112e+00   3.311246e-02
34.3	   4.030491e+00   3.049122e-02   3.930054e+00  -6.994598e-02   4.067088e+00   6.708763e-02   3.940800e+00  -5.919992e-02   4.052413e+00   5.241343e-02
34.4	   4.049419e+00   4.941932e-02   3.921043e+00  -7.895680e-02   4.080646e+00   8.064621e-02   3.928171e+00  -7.182872e-02   4.069127e+00   6.912710e-02
34.5	   4.065503e+00   6.550255e-02   3.916117e+00  -8.388341e-02   4.089841e+00   8.984132e-02   3.919257e+00  -8.074294e-02   4.082160e+00   8.215977e-02
34.6	   4.077742e+00   7.774201e-02   3.915388e+00  -8.461211e-02   4.093943e+00   9.394348e-02   3.914355e+00  -8.564467e-02   4.090603e+00   9.060345e-02
34.7	   4.085670e+00   8.566991e-02   3.918765e+00  -8.123527e-02   4.092637e+00   9.263686e-02   3.913662e+00  -8.633803e-02   4.093796e+00   9.379606e-02
34.8	   4.089428e+00   8.942821e-02   3.926051e+00  -7.394884e-02   4.085940e+00   8.593998e-02   3.917225e+00  -8.277467e-02   4.091487e+00   9.148712e-02
34.9	   4.088701e+00   8.870092e-02   3.936922e+00  -6.307847e-02   4.074355e+00   7.435471e-02   3.924918e+00  -7.508181e-02   4.083798e+00   8.379761e-02
35	   4.083032e+00   8.303212e-02   3.950993e+00  -4.900739e-02   4.058666e+00   5.866638e-02   3.936463e+00  -6.353723e-02   4.071379e+00   7.137863e-02
