           0.1	   3.999907e+00  -1.000009e+01   3.999986e+00  -1.000001e+01   3.999998e+00  -1.000000e+01   4.000000e+00  -1.000000e+01   4.000000e+00  -1.000000e+01
0.2	   3.999440e+00  -1.000056e+01   3.999919e+00  -1.000008e+01   3.999989e+00  -1.000001e+01   3.999999e+00  -1.000000e+01   4.000000e+00  -1.000000e+01
0.3	   3.998381e+00  -1.000162e+01   3.999769e+00  -1.000023e+01   3.999969e+00  -1.000003e+01   3.999996e+00  -1.000000e+01   3.999999e+00  -1.000000e+01
0.4	   3.996600e+00  -1.000340e+01   3.999516e+00  -1.000048e+01   3.999934e+00  -1.000007e+01   3.999991e+00  -1.000001e+01   3.999999e+00  -1.000000e+01
0.5	   3.994070e+00  -1.000593e+01   3.999152e+00  -1.000085e+01   3.999881e+00  -1.000012e+01   3.999983e+00  -1.000002e+01   3.999998e+00  -1.000000e+01
0.6	   3.990888e+00  -1.000911e+01   3.998677e+00  -1.000132e+01   3.999809e+00  -1.000019e+01   3.999972e+00  -1.000003e+01   3.999996e+00  -1.000000e+01
0.7	   3.987238e+00  -1.001276e+01   3.998100e+00  -1.000190e+01   3.999715e+00  -1.000028e+01   3.999957e+00  -1.000004e+01   3.999994e+00  -1.000001e+01
0.8	   3.983323e+00  -1.001668e+01   3.997414e+00  -1.000259e+01   3.999596e+00  -1.000040e+01   3.999937e+00  -1.000006e+01   3.999990e+00  -1.000001e+01
0.9	   3.979251e+00  -1.002075e+01   3.996586e+00  -1.000341e+01   3.999442e+00  -1.000056e+01   3.999909e+00  -1.000009e+01   3.999985e+00  -1.000001e+01
1	   3.975473e+00  -1.002453e+01   3.995618e+00  -1.000438e+01   3.999249e+00  -1.000075e+01   3.999873e+00  -1.000013e+01   3.999979e+00  -1.000002e+01
1.1	   3.972871e+00  -1.002713e+01   3.994578e+00  -1.000542e+01   3.999020e+00  -1.000098e+01   3.999827e+00  -1.000017e+01   3.999970e+00  -1.000003e+01
1.2	   3.972062e+00  -1.002794e+01   3.993491e+00  -1.000651e+01   3.998752e+00  -1.000125e+01   3.999770e+00  -1.000023e+01   3.999959e+00  -1.000004e+01
1.3	   3.973761e+00  -1.002624e+01   3.992411e+00  -1.000759e+01   3.998445e+00  -1.000155e+01   3.999700e+00  -1.000030e+01   3.999945e+00  -1.000006e+01
1.4	   3.978662e+00  -1.002134e+01   3.991419e+00  -1.000858e+01   3.998104e+00  -1.000190e+01   3.999615e+00  -1.000038e+01   3.999927e+00  -1.000007e+01
1.5	   3.987102e+00  -1.001290e+01   3.990593e+00  -1.000941e+01   3.997733e+00  -1.000227e+01   3.999515e+00  -1.000048e+01   3.999904e+00  -1.000010e+01
1.6	   3.999105e+00  -1.000089e+01   3.990021e+00  -1.000998e+01   3.997339e+00  -1.000266e+01   3.999398e+00  -1.000060e+01   3.999876e+00  -1.000012e+01
1.7	   4.014095e+00  -9.985905e+00   3.989774e+00  -1.001023e+01   3.996928e+00  -1.000307e+01   3.999263e+00  -1.000074e+01   3.999842e+00  -1.000016e+01
1.8	   4.031321e+00  -9.968679e+00   3.989971e+00  -1.001003e+01   3.996516e+00  -1.000348e+01   3.999109e+00  -1.000089e+01   3.999801e+00  -1.000020e+01
1.9	   4.049023e+00  -9.950977e+00   3.990651e+00  -1.000935e+01   3.996109e+00  -1.000389e+01   3.998935e+00  -1.000106e+01   3.999752e+00  -1.000025e+01
2	   4.066601e+00  -9.933399e+00   3.992054e+00  -1.000795e+01   3.995746e+00  -1.000425e+01   3.998746e+00  -1.000125e+01   3.999695e+00  -1.000031e+01
2.1	   4.081303e+00  -9.918697e+00   3.994078e+00  -1.000592e+01   3.995425e+00  -1.000457e+01   3.998538e+00  -1.000146e+01   3.999628e+00  -1.000037e+01
2.2	   4.091612e+00  -9.908388e+00   3.996779e+00  -1.000322e+01   3.995169e+00  -1.000483e+01   3.998314e+00  -1.000169e+01   3.999550e+00  -1.000045e+01
2.3	   4.096143e+00  -9.903857e+00   4.000261e+00  -9.999739e+00   3.995015e+00  -1.000499e+01   3.998080e+00  -1.000192e+01   3.999461e+00  -1.000054e+01
2.4	   4.092787e+00  -9.907213e+00   4.004444e+00  -9.995556e+00   3.994979e+00  -1.000502e+01   3.997838e+00  -1.000216e+01   3.999360e+00  -1.000064e+01
2.5	   4.081166e+00  -9.918834e+00   4.009294e+00  -9.990706e+00   3.995094e+00  -1.000491e+01   3.997595e+00  -1.000241e+01   3.999248e+00  -1.000075e+01
2.6	   4.062508e+00  -9.937492e+00   4.014733e+00  -9.985267e+00   3.995392e+00  -1.000461e+01   3.997358e+00  -1.000264e+01   3.999124e+00  -1.000088e+01
2.7	   4.038185e+00  -9.961815e+00   4.020626e+00  -9.979374e+00   3.995903e+00  -1.000410e+01   3.997137e+00  -1.000286e+01   3.998988e+00  -1.000101e+01
2.8	   4.010649e+00  -9.989351e+00   4.026801e+00  -9.973199e+00   3.996660e+00  -1.000334e+01   3.996942e+00  -1.000306e+01   3.998843e+00  -1.000116e+01
2.9	   3.981750e+00  -1.001825e+01   4.032939e+00  -9.967061e+00   3.997681e+00  -1.000232e+01   3.996786e+00  -1.000321e+01   3.998688e+00  -1.000131e+01
3	   3.953055e+00  -1.004695e+01   4.038651e+00  -9.961349e+00   3.998979e+00  -1.000102e+01   3.996682e+00  -1.000332e+01   3.998527e+00  -1.000147e+01
3.1	   3.926542e+00  -1.007346e+01   4.043549e+00  -9.956451e+00   4.000568e+00  -9.999432e+00   3.996643e+00  -1.000336e+01   3.998363e+00  -1.000164e+01
3.2	   3.903201e+00  -1.009680e+01   4.047083e+00  -9.952917e+00   4.002431e+00  -9.997569e+00   3.996685e+00  -1.000332e+01   3.998198e+00  -1.000180e+01
3.3	   3.884398e+00  -1.011560e+01   4.048726e+00  -9.951274e+00   4.004551e+00  -9.995449e+00   3.996822e+00  -1.000318e+01   3.998037e+00  -1.000196e+01
3.4	   3.871912e+00  -1.012809e+01   4.048100e+00  -9.951900e+00   4.006918e+00  -9.993082e+00   3.997074e+00  -1.000293e+01   3.997886e+00  -1.000211e+01
3.5	   3.865599e+00  -1.013440e+01   4.044576e+00  -9.955424e+00   4.009467e+00  -9.990533e+00   3.997451e+00  -1.000255e+01   3.997751e+00  -1.000225e+01
3.6	   3.866554e+00  -1.013345e+01   4.037880e+00  -9.962120e+00   4.012139e+00  -9.987861e+00   3.997967e+00  -1.000203e+01   3.997638e+00  -1.000236e+01
3.7	   3.875130e+00  -1.012487e+01   4.027879e+00  -9.972121e+00   4.014844e+00  -9.985156e+00   3.998633e+00  -1.000137e+01   3.997555e+00  -1.000244e+01
3.8	   3.890260e+00  -1.010974e+01   4.014764e+00  -9.985236e+00   4.017492e+00  -9.982508e+00   3.999456e+00  -1.000054e+01   3.997511e+00  -1.000249e+01
3.9	   3.912563e+00  -1.008744e+01   3.998974e+00  -1.000103e+01   4.019959e+00  -9.980041e+00   4.000440e+00  -9.999560e+00   3.997515e+00  -1.000249e+01
4	   3.942908e+00  -1.005709e+01   3.981300e+00  -1.001870e+01   4.022120e+00  -9.977880e+00   4.001583e+00  -9.998417e+00   3.997576e+00  -1.000242e+01
4.1	   3.979389e+00  -1.002061e+01   3.962728e+00  -1.003727e+01   4.023824e+00  -9.976176e+00   4.002875e+00  -9.997125e+00   3.997703e+00  -1.000230e+01
4.2	   4.021549e+00  -9.978451e+00   3.944582e+00  -1.005542e+01   4.024940e+00  -9.975060e+00   4.004303e+00  -9.995697e+00   3.997906e+00  -1.000209e+01
4.3	   4.067099e+00  -9.932901e+00   3.928146e+00  -1.007185e+01   4.025328e+00  -9.974672e+00   4.005847e+00  -9.994153e+00   3.998194e+00  -1.000181e+01
4.4	   4.113109e+00  -9.886891e+00   3.914738e+00  -1.008526e+01   4.024854e+00  -9.975146e+00   4.007477e+00  -9.992523e+00   3.998575e+00  -1.000142e+01
4.5	   4.156569e+00  -9.843431e+00   3.905476e+00  -1.009452e+01   4.023407e+00  -9.976593e+00   4.009156e+00  -9.990844e+00   3.999055e+00  -1.000095e+01
4.6	   4.193343e+00  -9.806657e+00   3.901330e+00  -1.009867e+01   4.020905e+00  -9.979095e+00   4.010836e+00  -9.989164e+00   3.999638e+00  -1.000036e+01
4.7	   4.220208e+00  -9.779792e+00   3.903059e+00  -1.009694e+01   4.017315e+00  -9.982685e+00   4.012463e+00  -9.987537e+00   4.000327e+00  -9.999673e+00
4.8	   4.228979e+00  -9.771021e+00   3.911278e+00  -1.008872e+01   4.012656e+00  -9.987344e+00   4.013977e+00  -9.986023e+00   4.001122e+00  -9.998878e+00
4.9	   4.223218e+00  -9.776782e+00   3.926174e+00  -1.007383e+01   4.007000e+00  -9.993000e+00   4.015316e+00  -9.984684e+00   4.002019e+00  -9.997981e+00
5	   4.188810e+00  -9.811190e+00   3.947678e+00  -1.005232e+01   4.000483e+00  -9.999517e+00   4.016412e+00  -9.983588e+00   4.003011e+00  -9.996989e+00
5.1	   4.164657e+00  -9.835343e+00   3.975361e+00  -1.002464e+01   3.993314e+00  -1.000669e+01   4.017196e+00  -9.982804e+00   4.004086e+00  -9.995914e+00
5.2	   4.116105e+00  -9.883895e+00   4.008195e+00  -9.991805e+00   3.985760e+00  -1.001424e+01   4.017600e+00  -9.982400e+00   4.005228e+00  -9.994772e+00
5.3	   4.053861e+00  -9.946139e+00   4.044712e+00  -9.955288e+00   3.978173e+00  -1.002183e+01   4.017565e+00  -9.982435e+00   4.006420e+00  -9.993580e+00
5.4	   3.998514e+00  -1.000149e+01   4.083094e+00  -9.916906e+00   3.970961e+00  -1.002904e+01   4.017038e+00  -9.982962e+00   4.007635e+00  -9.992365e+00
5.5	   3.944434e+00  -1.005557e+01   4.120480e+00  -9.879520e+00   3.964543e+00  -1.003546e+01   4.015982e+00  -9.984018e+00   4.008844e+00  -9.991156e+00
5.6	   3.888529e+00  -1.011147e+01   4.153560e+00  -9.846440e+00   3.959358e+00  -1.004064e+01   4.014375e+00  -9.985625e+00   4.010013e+00  -9.989987e+00
5.7	   3.853557e+00  -1.014644e+01   4.178778e+00  -9.821222e+00   3.955857e+00  -1.004414e+01   4.012216e+00  -9.987784e+00   4.011106e+00  -9.988894e+00
5.8	   3.808675e+00  -1.019132e+01   4.192529e+00  -9.807471e+00   3.954464e+00  -1.004554e+01   4.009529e+00  -9.990471e+00   4.012085e+00  -9.987915e+00
5.9	   3.791054e+00  -1.020895e+01   4.192541e+00  -9.807459e+00   3.955489e+00  -1.004451e+01   4.006361e+00  -9.993639e+00   4.012910e+00  -9.987090e+00
6	   3.773757e+00  -1.022624e+01   4.178858e+00  -9.821142e+00   3.959294e+00  -1.004071e+01   4.002793e+00  -9.997207e+00   4.013541e+00  -9.986459e+00
6.1	   3.774502e+00  -1.022550e+01   4.152598e+00  -9.847402e+00   3.966037e+00  -1.003396e+01   3.998929e+00  -1.000107e+01   4.013940e+00  -9.986060e+00
6.2	   3.780767e+00  -1.021923e+01   4.118382e+00  -9.881618e+00   3.975816e+00  -1.002418e+01   3.994903e+00  -1.000510e+01   4.014073e+00  -9.985927e+00
6.3	   3.797351e+00  -1.020265e+01   4.071119e+00  -9.928881e+00   3.988582e+00  -1.001142e+01   3.990875e+00  -1.000912e+01   4.013908e+00  -9.986092e+00
6.4	   3.834450e+00  -1.016555e+01   4.023993e+00  -9.976007e+00   4.004119e+00  -9.995881e+00   3.987031e+00  -1.001297e+01   4.013421e+00  -9.986579e+00
6.5	   3.861997e+00  -1.013800e+01   3.975545e+00  -1.002446e+01   4.022015e+00  -9.977985e+00   3.983574e+00  -1.001643e+01   4.012599e+00  -9.987401e+00
6.6	   3.916251e+00  -1.008375e+01   3.929569e+00  -1.007043e+01   4.041606e+00  -9.958394e+00   3.980693e+00  -1.001931e+01   4.011439e+00  -9.988561e+00
6.7	   3.989646e+00  -1.001035e+01   3.885273e+00  -1.011473e+01   4.062051e+00  -9.937949e+00   3.978595e+00  -1.002141e+01   4.009948e+00  -9.990052e+00
6.8	   4.045691e+00  -9.954309e+00   3.840640e+00  -1.015936e+01   4.082200e+00  -9.917800e+00   3.977477e+00  -1.002252e+01   4.008151e+00  -9.991849e+00
6.9	   4.107867e+00  -9.892133e+00   3.839049e+00  -1.016095e+01   4.100725e+00  -9.899275e+00   3.977515e+00  -1.002249e+01   4.006085e+00  -9.993915e+00
7	   4.176884e+00  -9.823116e+00   3.792871e+00  -1.020713e+01   4.116050e+00  -9.883950e+00   3.978872e+00  -1.002113e+01   4.003802e+00  -9.996198e+00
7.1	   4.228525e+00  -9.771475e+00   3.793585e+00  -1.020642e+01   4.126527e+00  -9.873473e+00   3.981661e+00  -1.001834e+01   4.001372e+00  -9.998628e+00
7.2	   4.251528e+00  -9.748472e+00   3.793246e+00  -1.020675e+01   4.130518e+00  -9.869482e+00   3.985952e+00  -1.001405e+01   3.998876e+00  -1.000112e+01
7.3	   4.282526e+00  -9.717474e+00   3.814299e+00  -1.018570e+01   4.126749e+00  -9.873251e+00   3.991750e+00  -1.000825e+01   3.996409e+00  -1.000359e+01
7.4	   4.274765e+00  -9.725235e+00   3.828459e+00  -1.017154e+01   4.114475e+00  -9.885525e+00   3.998997e+00  -1.000100e+01   3.994079e+00  -1.000592e+01
7.5	   4.248915e+00  -9.751085e+00   3.857886e+00  -1.014211e+01   4.093798e+00  -9.906202e+00   4.007552e+00  -9.992448e+00   3.991997e+00  -1.000800e+01
7.6	   4.217163e+00  -9.782837e+00   3.911641e+00  -1.008836e+01   4.065699e+00  -9.934301e+00   4.017197e+00  -9.982803e+00   3.990278e+00  -1.000972e+01
7.7	   4.162611e+00  -9.837389e+00   3.952290e+00  -1.004771e+01   4.031968e+00  -9.968032e+00   4.027625e+00  -9.972375e+00   3.989036e+00  -1.001096e+01
7.8	   4.099467e+00  -9.900533e+00   4.001683e+00  -9.998317e+00   3.994880e+00  -1.000512e+01   4.038423e+00  -9.961577e+00   3.988385e+00  -1.001161e+01
7.9	   4.041963e+00  -9.958037e+00   4.069139e+00  -9.930861e+00   3.957055e+00  -1.004295e+01   4.049110e+00  -9.950890e+00   3.988423e+00  -1.001158e+01
8	   3.983419e+00  -1.001658e+01   4.131968e+00  -9.868032e+00   3.920985e+00  -1.007901e+01   4.059127e+00  -9.940873e+00   3.989238e+00  -1.001076e+01
8.1	   3.927387e+00  -1.007261e+01   4.188471e+00  -9.811529e+00   3.888766e+00  -1.011123e+01   4.067825e+00  -9.932175e+00   3.990894e+00  -1.000911e+01
8.2	   3.877981e+00  -1.012202e+01   4.233509e+00  -9.766491e+00   3.862187e+00  -1.013781e+01   4.074552e+00  -9.925448e+00   3.993429e+00  -1.000657e+01
8.3	   3.838595e+00  -1.016141e+01   4.271289e+00  -9.728711e+00   3.842718e+00  -1.015728e+01   4.078707e+00  -9.921293e+00   3.996848e+00  -1.000315e+01
8.4	   3.807404e+00  -1.019260e+01   4.275696e+00  -9.724304e+00   3.831624e+00  -1.016838e+01   4.079704e+00  -9.920296e+00   4.001109e+00  -9.998891e+00
8.5	   3.784929e+00  -1.021507e+01   4.260405e+00  -9.739595e+00   3.829088e+00  -1.017091e+01   4.077034e+00  -9.922966e+00   4.006139e+00  -9.993861e+00
8.6	   3.774147e+00  -1.022585e+01   4.234299e+00  -9.765701e+00   3.834195e+00  -1.016580e+01   4.070420e+00  -9.929580e+00   4.011825e+00  -9.988175e+00
8.7	   3.778560e+00  -1.022144e+01   4.184918e+00  -9.815082e+00   3.853132e+00  -1.014687e+01   4.059817e+00  -9.940183e+00   4.018022e+00  -9.981978e+00
8.8	   3.789232e+00  -1.021077e+01   4.129495e+00  -9.870505e+00   3.877820e+00  -1.012218e+01   4.045453e+00  -9.954547e+00   4.024517e+00  -9.975483e+00
8.9	   3.799129e+00  -1.020087e+01   4.055940e+00  -9.944060e+00   3.912630e+00  -1.008737e+01   4.027858e+00  -9.972142e+00   4.031064e+00  -9.968936e+00
9	   3.845075e+00  -1.015493e+01   3.992088e+00  -1.000791e+01   3.954462e+00  -1.004554e+01   4.007769e+00  -9.992231e+00   4.037370e+00  -9.962630e+00
9.1	   3.877781e+00  -1.012222e+01   3.952359e+00  -1.004764e+01   4.004546e+00  -9.995454e+00   3.986197e+00  -1.001380e+01   4.043119e+00  -9.956881e+00
9.2	   3.935272e+00  -1.006473e+01   3.889565e+00  -1.011043e+01   4.057412e+00  -9.942588e+00   3.964246e+00  -1.003575e+01   4.048001e+00  -9.951999e+00
9.3	   3.998655e+00  -1.000134e+01   3.847259e+00  -1.015274e+01   4.112775e+00  -9.887225e+00   3.943093e+00  -1.005691e+01   4.051681e+00  -9.948319e+00
9.4	   4.061531e+00  -9.938469e+00   3.796499e+00  -1.020350e+01   4.164871e+00  -9.835129e+00   3.923890e+00  -1.007611e+01   4.053834e+00  -9.946166e+00
9.5	   4.124762e+00  -9.875238e+00   3.801063e+00  -1.019894e+01   4.210209e+00  -9.789791e+00   3.907715e+00  -1.009229e+01   4.054184e+00  -9.945816e+00
9.6	   4.184167e+00  -9.815833e+00   3.773826e+00  -1.022617e+01   4.237782e+00  -9.762218e+00   3.895554e+00  -1.010445e+01   4.052498e+00  -9.947502e+00
9.7	   4.230119e+00  -9.769881e+00   3.784068e+00  -1.021593e+01   4.259403e+00  -9.740597e+00   3.888260e+00  -1.011174e+01   4.048647e+00  -9.951353e+00
9.8	   4.259685e+00  -9.740315e+00   3.786816e+00  -1.021318e+01   4.243435e+00  -9.756565e+00   3.886429e+00  -1.011357e+01   4.042606e+00  -9.957394e+00
9.9	   4.275123e+00  -9.724877e+00   3.806397e+00  -1.019360e+01   4.212801e+00  -9.787199e+00   3.890634e+00  -1.010937e+01   4.034461e+00  -9.965539e+00
10	   4.281970e+00  -9.718030e+00   3.845775e+00  -1.015423e+01   4.176048e+00  -9.823952e+00   3.901185e+00  -1.009881e+01   4.024414e+00  -9.975586e+00
10.1	   4.258998e+00  -9.741002e+00   3.883480e+00  -1.011652e+01   4.129608e+00  -9.870392e+00   3.918145e+00  -1.008185e+01   4.012800e+00  -9.987200e+00
10.2	   4.214028e+00  -9.785972e+00   3.925098e+00  -1.007490e+01   4.098542e+00  -9.901458e+00   3.941390e+00  -1.005861e+01   4.000075e+00  -9.999925e+00
10.3	   4.151793e+00  -9.848207e+00   3.973010e+00  -1.002699e+01   4.014452e+00  -9.985548e+00   3.970481e+00  -1.002952e+01   3.986743e+00  -1.001326e+01
10.4	   4.085911e+00  -9.914089e+00   4.037782e+00  -9.962218e+00   3.959291e+00  -1.004071e+01   4.004630e+00  -9.995370e+00   3.973433e+00  -1.002657e+01
10.5	   4.020040e+00  -9.979960e+00   4.111149e+00  -9.888851e+00   3.899972e+00  -1.010003e+01   4.042626e+00  -9.957374e+00   3.960759e+00  -1.003924e+01
10.6	   3.967945e+00  -1.003206e+01   4.168175e+00  -9.831825e+00   3.856784e+00  -1.014322e+01   4.082705e+00  -9.917295e+00   3.949375e+00  -1.005062e+01
10.7	   3.913801e+00  -1.008620e+01   4.219612e+00  -9.780388e+00   3.828863e+00  -1.017114e+01   4.122571e+00  -9.877429e+00   3.939878e+00  -1.006012e+01
10.8	   3.871832e+00  -1.012817e+01   4.253468e+00  -9.746532e+00   3.794672e+00  -1.020533e+01   4.159247e+00  -9.840753e+00   3.932853e+00  -1.006715e+01
10.9	   3.828228e+00  -1.017177e+01   4.274789e+00  -9.725211e+00   3.775055e+00  -1.022495e+01   4.189245e+00  -9.810755e+00   3.928802e+00  -1.007120e+01
11	   3.808070e+00  -1.019193e+01   4.273440e+00  -9.726560e+00   3.773100e+00  -1.022690e+01   4.208749e+00  -9.791251e+00   3.928124e+00  -1.007188e+01
11.1	   3.771888e+00  -1.022811e+01   4.250413e+00  -9.749587e+00   3.779456e+00  -1.022054e+01   4.215344e+00  -9.784656e+00   3.931174e+00  -1.006883e+01
11.2	   3.761761e+00  -1.023824e+01   4.209774e+00  -9.790226e+00   3.794488e+00  -1.020551e+01   4.201363e+00  -9.798637e+00   3.938147e+00  -1.006185e+01
11.3	   3.776787e+00  -1.022321e+01   4.160866e+00  -9.839134e+00   3.820742e+00  -1.017926e+01   4.182923e+00  -9.817077e+00   3.949082e+00  -1.005092e+01
11.4	   3.796258e+00  -1.020374e+01   4.119759e+00  -9.880241e+00   3.860923e+00  -1.013908e+01   4.140179e+00  -9.859821e+00   3.963886e+00  -1.003611e+01
11.5	   3.825499e+00  -1.017450e+01   4.033259e+00  -9.966741e+00   3.910960e+00  -1.008904e+01   4.086572e+00  -9.913428e+00   3.982259e+00  -1.001774e+01
11.6	   3.845601e+00  -1.015440e+01   3.984249e+00  -1.001575e+01   3.968129e+00  -1.003187e+01   4.033535e+00  -9.966465e+00   4.003740e+00  -9.996260e+00
11.7	   3.894400e+00  -1.010560e+01   3.929208e+00  -1.007079e+01   4.035477e+00  -9.964523e+00   3.974429e+00  -1.002557e+01   4.027571e+00  -9.972429e+00
11.8	   3.941506e+00  -1.005849e+01   3.879861e+00  -1.012014e+01   4.121444e+00  -9.878556e+00   3.922356e+00  -1.007764e+01   4.052776e+00  -9.947224e+00
11.9	   4.005719e+00  -9.994281e+00   3.845440e+00  -1.015456e+01   4.162065e+00  -9.837935e+00   3.874723e+00  -1.012528e+01   4.078136e+00  -9.921864e+00
12	   4.071615e+00  -9.928385e+00   3.802098e+00  -1.019790e+01   4.231873e+00  -9.768127e+00   3.837712e+00  -1.016229e+01   4.102251e+00  -9.897749e+00
12.1	   4.134751e+00  -9.865249e+00   3.788541e+00  -1.021146e+01   4.253663e+00  -9.746337e+00   3.817758e+00  -1.018224e+01   4.123435e+00  -9.876565e+00
12.2	   4.191702e+00  -9.808298e+00   3.786539e+00  -1.021346e+01   4.280405e+00  -9.719595e+00   3.790863e+00  -1.020914e+01   4.139739e+00  -9.860261e+00
12.3	   4.231633e+00  -9.768367e+00   3.781276e+00  -1.021872e+01   4.283731e+00  -9.716269e+00   3.801655e+00  -1.019834e+01   4.149622e+00  -9.850378e+00
12.4	   4.267164e+00  -9.732836e+00   3.785086e+00  -1.021491e+01   4.250997e+00  -9.749003e+00   3.780132e+00  -1.021987e+01   4.151446e+00  -9.848554e+00
12.5	   4.288826e+00  -9.711174e+00   3.810793e+00  -1.018921e+01   4.229907e+00  -9.770093e+00   3.799041e+00  -1.020096e+01   4.144077e+00  -9.855923e+00
12.6	   4.272088e+00  -9.727912e+00   3.849298e+00  -1.015070e+01   4.166971e+00  -9.833029e+00   3.821579e+00  -1.017842e+01   4.127474e+00  -9.872526e+00
12.7	   4.231063e+00  -9.768937e+00   3.880384e+00  -1.011962e+01   4.095970e+00  -9.904030e+00   3.870479e+00  -1.012952e+01   4.102555e+00  -9.897445e+00
12.8	   4.185829e+00  -9.814171e+00   3.927495e+00  -1.007250e+01   4.042095e+00  -9.957905e+00   3.913038e+00  -1.008696e+01   4.070794e+00  -9.929206e+00
12.9	   4.154982e+00  -9.845018e+00   3.985297e+00  -1.001470e+01   3.974874e+00  -1.002513e+01   3.968377e+00  -1.003162e+01   4.033624e+00  -9.966376e+00
13	   4.063770e+00  -9.936230e+00   4.046517e+00  -9.953483e+00   3.922710e+00  -1.007729e+01   4.023381e+00  -9.976619e+00   3.994227e+00  -1.000577e+01
13.1	   4.027818e+00  -9.972182e+00   4.107565e+00  -9.892435e+00   3.875195e+00  -1.012480e+01   4.087177e+00  -9.912823e+00   3.954933e+00  -1.004507e+01
13.2	   3.969259e+00  -1.003074e+01   4.168726e+00  -9.831274e+00   3.836507e+00  -1.016349e+01   4.146590e+00  -9.853410e+00   3.918096e+00  -1.008190e+01
13.3	   3.904968e+00  -1.009503e+01   4.215822e+00  -9.784178e+00   3.807645e+00  -1.019235e+01   4.202571e+00  -9.797429e+00   3.886078e+00  -1.011392e+01
13.4	   3.854471e+00  -1.014553e+01   4.242441e+00  -9.757559e+00   3.786935e+00  -1.021306e+01   4.248161e+00  -9.751839e+00   3.857135e+00  -1.014287e+01
13.5	   3.827756e+00  -1.017224e+01   4.275963e+00  -9.724037e+00   3.777829e+00  -1.022217e+01   4.281777e+00  -9.718223e+00   3.841175e+00  -1.015883e+01
13.6	   3.800987e+00  -1.019901e+01   4.282139e+00  -9.717861e+00   3.780566e+00  -1.021943e+01   4.281647e+00  -9.718353e+00   3.828118e+00  -1.017188e+01
13.7	   3.760941e+00  -1.023906e+01   4.263337e+00  -9.736663e+00   3.792884e+00  -1.020712e+01   4.268146e+00  -9.731854e+00   3.835818e+00  -1.016418e+01
13.8	   3.769267e+00  -1.023073e+01   4.220108e+00  -9.779892e+00   3.815476e+00  -1.018452e+01   4.241672e+00  -9.758328e+00   3.821496e+00  -1.017850e+01
13.9	   3.784988e+00  -1.021501e+01   4.174619e+00  -9.825381e+00   3.848125e+00  -1.015188e+01   4.182673e+00  -9.817327e+00   3.844877e+00  -1.015512e+01
14	   3.791379e+00  -1.020862e+01   4.111866e+00  -9.888134e+00   3.890151e+00  -1.010985e+01   4.095647e+00  -9.904353e+00   3.873640e+00  -1.012636e+01
14.1	   3.806046e+00  -1.019395e+01   4.037077e+00  -9.962923e+00   3.939675e+00  -1.006033e+01   4.047750e+00  -9.952250e+00   3.909309e+00  -1.009069e+01
14.2	   3.869300e+00  -1.013070e+01   3.965188e+00  -1.003481e+01   3.994361e+00  -1.000564e+01   3.983983e+00  -1.001602e+01   3.955242e+00  -1.004476e+01
14.3	   3.898614e+00  -1.010139e+01   3.913809e+00  -1.008619e+01   4.052151e+00  -9.947849e+00   3.925691e+00  -1.007431e+01   4.001565e+00  -9.998435e+00
14.4	   3.947957e+00  -1.005204e+01   3.877602e+00  -1.012240e+01   4.113971e+00  -9.886029e+00   3.868947e+00  -1.013105e+01   4.057612e+00  -9.942388e+00
14.5	   4.013252e+00  -9.986748e+00   3.842163e+00  -1.015784e+01   4.171067e+00  -9.828933e+00   3.828446e+00  -1.017155e+01   4.112622e+00  -9.887378e+00
14.6	   4.092617e+00  -9.907383e+00   3.797977e+00  -1.020202e+01   4.210973e+00  -9.789027e+00   3.791051e+00  -1.020895e+01   4.169649e+00  -9.830351e+00
14.7	   4.134706e+00  -9.865294e+00   3.789762e+00  -1.021024e+01   4.257105e+00  -9.742895e+00   3.766445e+00  -1.023356e+01   4.219181e+00  -9.780819e+00
14.8	   4.193077e+00  -9.806923e+00   3.781712e+00  -1.021829e+01   4.264164e+00  -9.735836e+00   3.755640e+00  -1.024436e+01   4.255456e+00  -9.744544e+00
14.9	   4.234055e+00  -9.765945e+00   3.770149e+00  -1.022985e+01   4.270448e+00  -9.729552e+00   3.771957e+00  -1.022804e+01   4.264224e+00  -9.735776e+00
15	   4.257238e+00  -9.742762e+00   3.800636e+00  -1.019936e+01   4.255776e+00  -9.744224e+00   3.788327e+00  -1.021167e+01   4.270767e+00  -9.729233e+00
15.1	   4.276668e+00  -9.723332e+00   3.799299e+00  -1.020070e+01   4.216579e+00  -9.783421e+00   3.808370e+00  -1.019163e+01   4.232350e+00  -9.767650e+00
15.2	   4.276703e+00  -9.723297e+00   3.857727e+00  -1.014227e+01   4.140862e+00  -9.859138e+00   3.842736e+00  -1.015726e+01   4.205216e+00  -9.794784e+00
15.3	   4.248948e+00  -9.751052e+00   3.895016e+00  -1.010498e+01   4.102138e+00  -9.897862e+00   3.887591e+00  -1.011241e+01   4.139690e+00  -9.860310e+00
15.4	   4.185937e+00  -9.814063e+00   3.932980e+00  -1.006702e+01   4.023932e+00  -9.976068e+00   3.944978e+00  -1.005502e+01   4.054544e+00  -9.945456e+00
15.5	   4.116320e+00  -9.883680e+00   3.992579e+00  -1.000742e+01   3.968599e+00  -1.003140e+01   4.009733e+00  -9.990267e+00   4.000697e+00  -9.999303e+00
15.6	   4.071589e+00  -9.928411e+00   4.063862e+00  -9.936138e+00   3.916466e+00  -1.008353e+01   4.079971e+00  -9.920029e+00   3.934216e+00  -1.006578e+01
15.7	   4.024230e+00  -9.975770e+00   4.100115e+00  -9.899885e+00   3.869853e+00  -1.013015e+01   4.142873e+00  -9.857127e+00   3.875337e+00  -1.012466e+01
15.8	   3.960535e+00  -1.003946e+01   4.182162e+00  -9.817838e+00   3.832288e+00  -1.016771e+01   4.196261e+00  -9.803739e+00   3.832138e+00  -1.016786e+01
15.9	   3.893252e+00  -1.010675e+01   4.236894e+00  -9.763106e+00   3.804576e+00  -1.019542e+01   4.226019e+00  -9.773981e+00   3.805409e+00  -1.019459e+01
16	   3.846556e+00  -1.015344e+01   4.272283e+00  -9.727717e+00   3.787752e+00  -1.021225e+01   4.253358e+00  -9.746642e+00   3.785000e+00  -1.021500e+01
16.1	   3.820205e+00  -1.017980e+01   4.285196e+00  -9.714804e+00   3.775886e+00  -1.022411e+01   4.266805e+00  -9.733195e+00   3.767973e+00  -1.023203e+01
16.2	   3.800627e+00  -1.019937e+01   4.273532e+00  -9.726468e+00   3.778238e+00  -1.022176e+01   4.261724e+00  -9.738276e+00   3.772952e+00  -1.022705e+01
16.3	   3.755570e+00  -1.024443e+01   4.245095e+00  -9.754905e+00   3.791111e+00  -1.020889e+01   4.237981e+00  -9.762019e+00   3.778196e+00  -1.022180e+01
16.4	   3.770855e+00  -1.022914e+01   4.213835e+00  -9.786165e+00   3.825627e+00  -1.017437e+01   4.204117e+00  -9.795883e+00   3.804719e+00  -1.019528e+01
16.5	   3.787319e+00  -1.021268e+01   4.184936e+00  -9.815064e+00   3.849930e+00  -1.015007e+01   4.152663e+00  -9.847337e+00   3.835335e+00  -1.016466e+01
16.6	   3.785100e+00  -1.021490e+01   4.086165e+00  -9.913835e+00   3.899579e+00  -1.010042e+01   4.078675e+00  -9.921325e+00   3.880155e+00  -1.011984e+01
16.7	   3.825170e+00  -1.017483e+01   4.064986e+00  -9.935014e+00   3.942572e+00  -1.005743e+01   4.019658e+00  -9.980342e+00   3.934694e+00  -1.006531e+01
16.8	   3.859109e+00  -1.014089e+01   3.991297e+00  -1.000870e+01   3.997593e+00  -1.000241e+01   3.964418e+00  -1.003558e+01   3.993621e+00  -1.000638e+01
16.9	   3.928590e+00  -1.007141e+01   3.935594e+00  -1.006441e+01   4.057449e+00  -9.942551e+00   3.912085e+00  -1.008792e+01   4.059745e+00  -9.940255e+00
17	   3.979444e+00  -1.002056e+01   3.888175e+00  -1.011183e+01   4.112304e+00  -9.887696e+00   3.866695e+00  -1.013331e+01   4.127014e+00  -9.872986e+00
17.1	   4.044026e+00  -9.955974e+00   3.818533e+00  -1.018147e+01   4.168734e+00  -9.831266e+00   3.830822e+00  -1.016918e+01   4.187222e+00  -9.812778e+00
17.2	   4.087071e+00  -9.912929e+00   3.820008e+00  -1.017999e+01   4.221737e+00  -9.778263e+00   3.802044e+00  -1.019796e+01   4.244124e+00  -9.755876e+00
17.3	   4.173084e+00  -9.826916e+00   3.764512e+00  -1.023549e+01   4.264042e+00  -9.735958e+00   3.783022e+00  -1.021698e+01   4.280267e+00  -9.719733e+00
17.4	   4.216697e+00  -9.783303e+00   3.792366e+00  -1.020763e+01   4.268379e+00  -9.731621e+00   3.784787e+00  -1.021521e+01   4.289413e+00  -9.710587e+00
17.5	   4.254518e+00  -9.745482e+00   3.767509e+00  -1.023249e+01   4.258978e+00  -9.741022e+00   3.785769e+00  -1.021423e+01   4.271913e+00  -9.728087e+00
17.6	   4.286390e+00  -9.713610e+00   3.794431e+00  -1.020557e+01   4.244937e+00  -9.755063e+00   3.790181e+00  -1.020982e+01   4.261199e+00  -9.738801e+00
17.7	   4.297948e+00  -9.702052e+00   3.809089e+00  -1.019091e+01   4.207515e+00  -9.792485e+00   3.830484e+00  -1.016952e+01   4.188444e+00  -9.811556e+00
17.8	   4.285506e+00  -9.714494e+00   3.856035e+00  -1.014396e+01   4.139484e+00  -9.860516e+00   3.846687e+00  -1.015331e+01   4.162346e+00  -9.837654e+00
17.9	   4.244267e+00  -9.755733e+00   3.868658e+00  -1.013134e+01   4.105572e+00  -9.894428e+00   3.903467e+00  -1.009653e+01   4.070129e+00  -9.929871e+00
18	   4.162196e+00  -9.837804e+00   3.926661e+00  -1.007334e+01   4.019121e+00  -9.980879e+00   3.947860e+00  -1.005214e+01   3.996378e+00  -1.000362e+01
18.1	   4.141958e+00  -9.858042e+00   3.983783e+00  -1.001622e+01   3.965285e+00  -1.003472e+01   4.003403e+00  -9.996597e+00   3.962688e+00  -1.003731e+01
18.2	   4.043777e+00  -9.956223e+00   4.044422e+00  -9.955578e+00   3.913985e+00  -1.008601e+01   4.063578e+00  -9.936422e+00   3.905338e+00  -1.009466e+01
18.3	   3.980042e+00  -1.001996e+01   4.131572e+00  -9.868428e+00   3.883614e+00  -1.011639e+01   4.123292e+00  -9.876708e+00   3.852356e+00  -1.014764e+01
18.4	   3.928733e+00  -1.007127e+01   4.167875e+00  -9.832125e+00   3.830712e+00  -1.016929e+01   4.177734e+00  -9.822266e+00   3.812032e+00  -1.018797e+01
18.5	   3.898604e+00  -1.010140e+01   4.197729e+00  -9.802271e+00   3.820782e+00  -1.017922e+01   4.230386e+00  -9.769614e+00   3.780120e+00  -1.021988e+01
18.6	   3.831650e+00  -1.016835e+01   4.232587e+00  -9.767413e+00   3.772718e+00  -1.022728e+01   4.269707e+00  -9.730293e+00   3.764025e+00  -1.023597e+01
18.7	   3.822229e+00  -1.017777e+01   4.250870e+00  -9.749130e+00   3.787385e+00  -1.021262e+01   4.267757e+00  -9.732243e+00   3.762148e+00  -1.023785e+01
18.8	   3.761575e+00  -1.023842e+01   4.250862e+00  -9.749138e+00   3.788638e+00  -1.021136e+01   4.262413e+00  -9.737587e+00   3.770950e+00  -1.022905e+01
18.9	   3.782624e+00  -1.021738e+01   4.233251e+00  -9.766749e+00   3.783568e+00  -1.021643e+01   4.250908e+00  -9.749092e+00   3.796428e+00  -1.020357e+01
19	   3.780201e+00  -1.021980e+01   4.212646e+00  -9.787354e+00   3.830772e+00  -1.016923e+01   4.212113e+00  -9.787887e+00   3.831953e+00  -1.016805e+01
19.1	   3.761282e+00  -1.023872e+01   4.191713e+00  -9.808287e+00   3.833182e+00  -1.016682e+01   4.145298e+00  -9.854702e+00   3.875028e+00  -1.012497e+01
19.2	   3.810953e+00  -1.018905e+01   4.083388e+00  -9.916612e+00   3.898933e+00  -1.010107e+01   4.076539e+00  -9.923461e+00   3.918555e+00  -1.008144e+01
19.3	   3.817583e+00  -1.018242e+01   4.063191e+00  -9.936809e+00   3.951141e+00  -1.004886e+01   4.020305e+00  -9.979695e+00   3.966125e+00  -1.003388e+01
19.4	   3.889269e+00  -1.011073e+01   4.008379e+00  -9.991621e+00   4.000393e+00  -9.999607e+00   3.968088e+00  -1.003191e+01   4.024213e+00  -9.975787e+00
19.5	   3.915724e+00  -1.008428e+01   3.946857e+00  -1.005314e+01   4.055949e+00  -9.944051e+00   3.912800e+00  -1.008720e+01   4.087534e+00  -9.912466e+00
19.6	   3.969769e+00  -1.003023e+01   3.879135e+00  -1.012086e+01   4.091823e+00  -9.908177e+00   3.872633e+00  -1.012737e+01   4.138726e+00  -9.861274e+00
19.7	   4.046875e+00  -9.953125e+00   3.821378e+00  -1.017862e+01   4.174643e+00  -9.825357e+00   3.837160e+00  -1.016284e+01   4.187101e+00  -9.812899e+00
19.8	   4.116968e+00  -9.883032e+00   3.825021e+00  -1.017498e+01   4.211085e+00  -9.788915e+00   3.817317e+00  -1.018268e+01   4.224963e+00  -9.775037e+00
19.9	   4.167578e+00  -9.832422e+00   3.763709e+00  -1.023629e+01   4.236718e+00  -9.763282e+00   3.779137e+00  -1.022086e+01   4.259200e+00  -9.740800e+00
20	   4.199770e+00  -9.800230e+00   3.784890e+00  -1.021511e+01   4.257541e+00  -9.742459e+00   3.781217e+00  -1.021878e+01   4.257342e+00  -9.742658e+00
20.1	   4.243703e+00  -9.756297e+00   3.776163e+00  -1.022384e+01   4.265746e+00  -9.734254e+00   3.799796e+00  -1.020020e+01   4.251836e+00  -9.748164e+00
20.2	   4.269724e+00  -9.730276e+00   3.778863e+00  -1.022114e+01   4.250243e+00  -9.749757e+00   3.799310e+00  -1.020069e+01   4.233486e+00  -9.766514e+00
20.3	   4.275589e+00  -9.724411e+00   3.816916e+00  -1.018308e+01   4.208592e+00  -9.791408e+00   3.814009e+00  -1.018599e+01   4.194032e+00  -9.805968e+00
20.4	   4.265391e+00  -9.734609e+00   3.838301e+00  -1.016170e+01   4.152234e+00  -9.847766e+00   3.864094e+00  -1.013591e+01   4.134454e+00  -9.865546e+00
20.5	   4.250054e+00  -9.749946e+00   3.865064e+00  -1.013494e+01   4.137589e+00  -9.862411e+00   3.886850e+00  -1.011315e+01   4.089340e+00  -9.910660e+00
20.6	   4.168762e+00  -9.831238e+00   3.938148e+00  -1.006185e+01   4.041323e+00  -9.958677e+00   3.928385e+00  -1.007161e+01   4.019089e+00  -9.980911e+00
20.7	   4.130159e+00  -9.869841e+00   3.995785e+00  -1.000422e+01   3.979863e+00  -1.002014e+01   3.985382e+00  -1.001462e+01   3.962497e+00  -1.003750e+01
20.8	   4.037847e+00  -9.962153e+00   4.037961e+00  -9.962039e+00   3.926216e+00  -1.007378e+01   4.042858e+00  -9.957142e+00   3.908665e+00  -1.009134e+01
20.9	   3.976328e+00  -1.002367e+01   4.125128e+00  -9.874872e+00   3.890553e+00  -1.010945e+01   4.114021e+00  -9.885979e+00   3.861929e+00  -1.013807e+01
21	   3.933830e+00  -1.006617e+01   4.153853e+00  -9.846147e+00   3.861893e+00  -1.013811e+01   4.160329e+00  -9.839671e+00   3.824971e+00  -1.017503e+01
21.1	   3.887875e+00  -1.011213e+01   4.234733e+00  -9.765267e+00   3.801370e+00  -1.019863e+01   4.203016e+00  -9.796984e+00   3.798362e+00  -1.020164e+01
21.2	   3.814049e+00  -1.018595e+01   4.283032e+00  -9.716968e+00   3.802573e+00  -1.019743e+01   4.242844e+00  -9.757156e+00   3.782014e+00  -1.021799e+01
21.3	   3.817855e+00  -1.018215e+01   4.300863e+00  -9.699137e+00   3.787677e+00  -1.021232e+01   4.272360e+00  -9.727640e+00   3.777618e+00  -1.022238e+01
21.4	   3.770356e+00  -1.022964e+01   4.295887e+00  -9.704113e+00   3.763644e+00  -1.023636e+01   4.271802e+00  -9.728198e+00   3.785019e+00  -1.021498e+01
21.5	   3.757996e+00  -1.024200e+01   4.267493e+00  -9.732507e+00   3.804305e+00  -1.019570e+01   4.245237e+00  -9.754763e+00   3.799478e+00  -1.020052e+01
21.6	   3.781886e+00  -1.021811e+01   4.204206e+00  -9.795794e+00   3.791414e+00  -1.020859e+01   4.208573e+00  -9.791427e+00   3.819948e+00  -1.018005e+01
21.7	   3.761506e+00  -1.023849e+01   4.163466e+00  -9.836534e+00   3.852937e+00  -1.014706e+01   4.172634e+00  -9.827366e+00   3.866230e+00  -1.013377e+01
21.8	   3.815612e+00  -1.018439e+01   4.124885e+00  -9.875115e+00   3.856478e+00  -1.014352e+01   4.103168e+00  -9.896832e+00   3.903701e+00  -1.009630e+01
21.9	   3.814998e+00  -1.018500e+01   4.066786e+00  -9.933214e+00   3.912556e+00  -1.008744e+01   4.059591e+00  -9.940409e+00   3.951318e+00  -1.004868e+01
22	   3.895412e+00  -1.010459e+01   3.981306e+00  -1.001869e+01   3.973393e+00  -1.002661e+01   3.989479e+00  -1.001052e+01   4.006447e+00  -9.993553e+00
22.1	   3.948796e+00  -1.005120e+01   3.927956e+00  -1.007204e+01   4.020541e+00  -9.979459e+00   3.939673e+00  -1.006033e+01   4.063490e+00  -9.936510e+00
22.2	   4.005905e+00  -9.994095e+00   3.897121e+00  -1.010288e+01   4.084889e+00  -9.915111e+00   3.905133e+00  -1.009487e+01   4.115167e+00  -9.884833e+00
22.3	   4.068414e+00  -9.931586e+00   3.845787e+00  -1.015421e+01   4.149161e+00  -9.850839e+00   3.852950e+00  -1.014705e+01   4.169504e+00  -9.830496e+00
22.4	   4.102090e+00  -9.897910e+00   3.786777e+00  -1.021322e+01   4.213778e+00  -9.786222e+00   3.833015e+00  -1.016699e+01   4.216152e+00  -9.783848e+00
22.5	   4.201279e+00  -9.798721e+00   3.801618e+00  -1.019838e+01   4.239025e+00  -9.760975e+00   3.790367e+00  -1.020963e+01   4.240170e+00  -9.759830e+00
22.6	   4.244939e+00  -9.755061e+00   3.756200e+00  -1.024380e+01   4.257386e+00  -9.742614e+00   3.803588e+00  -1.019641e+01   4.268142e+00  -9.731858e+00
22.7	   4.258841e+00  -9.741159e+00   3.779694e+00  -1.022031e+01   4.265330e+00  -9.734670e+00   3.796577e+00  -1.020342e+01   4.271281e+00  -9.728719e+00
22.8	   4.268619e+00  -9.731381e+00   3.779579e+00  -1.022042e+01   4.252823e+00  -9.747177e+00   3.782445e+00  -1.021756e+01   4.237406e+00  -9.762594e+00
22.9	   4.267193e+00  -9.732807e+00   3.807896e+00  -1.019210e+01   4.215822e+00  -9.784178e+00   3.818440e+00  -1.018156e+01   4.199263e+00  -9.800737e+00
23	   4.257371e+00  -9.742629e+00   3.818584e+00  -1.018142e+01   4.169601e+00  -9.830399e+00   3.839628e+00  -1.016037e+01   4.161038e+00  -9.838962e+00
23.1	   4.246914e+00  -9.753086e+00   3.897159e+00  -1.010284e+01   4.158794e+00  -9.841206e+00   3.877842e+00  -1.012216e+01   4.076884e+00  -9.923116e+00
23.2	   4.142665e+00  -9.857335e+00   3.943173e+00  -1.005683e+01   4.057104e+00  -9.942896e+00   3.902801e+00  -1.009720e+01   4.051593e+00  -9.948407e+00
23.3	   4.127929e+00  -9.872071e+00   3.998772e+00  -1.000123e+01   4.020245e+00  -9.979755e+00   3.957941e+00  -1.004206e+01   3.994382e+00  -1.000562e+01
23.4	   4.048463e+00  -9.951537e+00   4.062844e+00  -9.937156e+00   3.970218e+00  -1.002978e+01   4.009404e+00  -9.990596e+00   3.942939e+00  -1.005706e+01
23.5	   3.983162e+00  -1.001684e+01   4.086393e+00  -9.913607e+00   3.904491e+00  -1.009551e+01   4.074748e+00  -9.925252e+00   3.894091e+00  -1.010591e+01
23.6	   3.931043e+00  -1.006896e+01   4.193468e+00  -9.806532e+00   3.852542e+00  -1.014746e+01   4.125033e+00  -9.874967e+00   3.844101e+00  -1.015590e+01
23.7	   3.852405e+00  -1.014760e+01   4.226868e+00  -9.773132e+00   3.850440e+00  -1.014956e+01   4.188546e+00  -9.811454e+00   3.835342e+00  -1.016466e+01
23.8	   3.830365e+00  -1.016963e+01   4.246174e+00  -9.753826e+00   3.780990e+00  -1.021901e+01   4.232072e+00  -9.767928e+00   3.794335e+00  -1.020567e+01
23.9	   3.789965e+00  -1.021004e+01   4.263157e+00  -9.736843e+00   3.804974e+00  -1.019503e+01   4.259556e+00  -9.740444e+00   3.791471e+00  -1.020853e+01
24	   3.783691e+00  -1.021631e+01   4.263991e+00  -9.736009e+00   3.769200e+00  -1.023080e+01   4.267468e+00  -9.732532e+00   3.804826e+00  -1.019517e+01
24.1	   3.747608e+00  -1.025239e+01   4.248301e+00  -9.751699e+00   3.785066e+00  -1.021493e+01   4.255442e+00  -9.744558e+00   3.788387e+00  -1.021161e+01
24.2	   3.781841e+00  -1.021816e+01   4.233797e+00  -9.766203e+00   3.803903e+00  -1.019610e+01   4.230870e+00  -9.769130e+00   3.824143e+00  -1.017586e+01
24.3	   3.765777e+00  -1.023422e+01   4.218729e+00  -9.781271e+00   3.818940e+00  -1.018106e+01   4.200114e+00  -9.799886e+00   3.840075e+00  -1.015993e+01
24.4	   3.824383e+00  -1.017562e+01   4.103186e+00  -9.896814e+00   3.850031e+00  -1.014997e+01   4.160513e+00  -9.839487e+00   3.893295e+00  -1.010671e+01
24.5	   3.824145e+00  -1.017586e+01   4.089320e+00  -9.910680e+00   3.919174e+00  -1.008083e+01   4.076090e+00  -9.923910e+00   3.917717e+00  -1.008228e+01
24.6	   3.890556e+00  -1.010944e+01   4.023523e+00  -9.976477e+00   3.962252e+00  -1.003775e+01   4.032344e+00  -9.967656e+00   3.963423e+00  -1.003658e+01
24.7	   3.961357e+00  -1.003864e+01   3.959093e+00  -1.004091e+01   4.015835e+00  -9.984165e+00   3.980738e+00  -1.001926e+01   4.022514e+00  -9.977486e+00
24.8	   4.018446e+00  -9.981554e+00   3.894232e+00  -1.010577e+01   4.069491e+00  -9.930509e+00   3.919483e+00  -1.008052e+01   4.090300e+00  -9.909700e+00
24.9	   4.068207e+00  -9.931793e+00   3.808451e+00  -1.019155e+01   4.093164e+00  -9.906836e+00   3.869900e+00  -1.013010e+01   4.120629e+00  -9.879371e+00
25	   4.116217e+00  -9.883783e+00   3.822088e+00  -1.017791e+01   4.183400e+00  -9.816600e+00   3.847465e+00  -1.015253e+01   4.178768e+00  -9.821232e+00
25.1	   4.209454e+00  -9.790546e+00   3.744738e+00  -1.025526e+01   4.209216e+00  -9.790784e+00   3.809605e+00  -1.019040e+01   4.225218e+00  -9.774782e+00
25.2	   4.249392e+00  -9.750608e+00   3.779294e+00  -1.022071e+01   4.218947e+00  -9.781053e+00   3.775876e+00  -1.022412e+01   4.249818e+00  -9.750182e+00
25.3	   4.255125e+00  -9.744875e+00   3.755510e+00  -1.024449e+01   4.236964e+00  -9.763036e+00   3.787045e+00  -1.021296e+01   4.256748e+00  -9.743252e+00
25.4	   4.284678e+00  -9.715322e+00   3.765990e+00  -1.023401e+01   4.252798e+00  -9.747202e+00   3.798782e+00  -1.020122e+01   4.248681e+00  -9.751319e+00
25.5	   4.303533e+00  -9.696467e+00   3.809343e+00  -1.019066e+01   4.256085e+00  -9.743915e+00   3.798049e+00  -1.020195e+01   4.229544e+00  -9.770456e+00
25.6	   4.292107e+00  -9.707893e+00   3.824015e+00  -1.017599e+01   4.241222e+00  -9.758778e+00   3.810360e+00  -1.018964e+01   4.200369e+00  -9.799631e+00
25.7	   4.201984e+00  -9.798016e+00   3.859456e+00  -1.014054e+01   4.164966e+00  -9.835034e+00   3.864363e+00  -1.013564e+01   4.128620e+00  -9.871380e+00
25.8	   4.197868e+00  -9.802132e+00   3.938533e+00  -1.006147e+01   4.139574e+00  -9.860426e+00   3.881038e+00  -1.011896e+01   4.100982e+00  -9.899018e+00
25.9	   4.102137e+00  -9.897863e+00   3.998867e+00  -1.000113e+01   4.050850e+00  -9.949150e+00   3.932077e+00  -1.006792e+01   4.023118e+00  -9.976882e+00
26	   4.022412e+00  -9.977588e+00   4.040514e+00  -9.959486e+00   4.013463e+00  -9.986537e+00   3.985988e+00  -1.001401e+01   3.969022e+00  -1.003098e+01
26.1	   3.964193e+00  -1.003581e+01   4.093884e+00  -9.906116e+00   3.958934e+00  -1.004107e+01   4.031671e+00  -9.968329e+00   3.925099e+00  -1.007490e+01
26.2	   3.924937e+00  -1.007506e+01   4.185463e+00  -9.814537e+00   3.888746e+00  -1.011125e+01   4.093216e+00  -9.906784e+00   3.896028e+00  -1.010397e+01
26.3	   3.866582e+00  -1.013342e+01   4.215937e+00  -9.784063e+00   3.854199e+00  -1.014580e+01   4.138290e+00  -9.861710e+00   3.843026e+00  -1.015697e+01
26.4	   3.802683e+00  -1.019732e+01   4.226967e+00  -9.773033e+00   3.832414e+00  -1.016759e+01   4.194279e+00  -9.805721e+00   3.831129e+00  -1.016887e+01
26.5	   3.799002e+00  -1.020100e+01   4.274948e+00  -9.725052e+00   3.787761e+00  -1.021224e+01   4.218591e+00  -9.781409e+00   3.787608e+00  -1.021239e+01
26.6	   3.760117e+00  -1.023988e+01   4.305172e+00  -9.694828e+00   3.768303e+00  -1.023170e+01   4.232577e+00  -9.767423e+00   3.786941e+00  -1.021306e+01
26.7	   3.755513e+00  -1.024449e+01   4.304775e+00  -9.695225e+00   3.787723e+00  -1.021228e+01   4.235426e+00  -9.764574e+00   3.799269e+00  -1.020073e+01
26.8	   3.765803e+00  -1.023420e+01   4.251651e+00  -9.748349e+00   3.764360e+00  -1.023564e+01   4.224171e+00  -9.775829e+00   3.795336e+00  -1.020466e+01
26.9	   3.778002e+00  -1.022200e+01   4.188805e+00  -9.811195e+00   3.805753e+00  -1.019425e+01   4.209886e+00  -9.790114e+00   3.810689e+00  -1.018931e+01
27	   3.810115e+00  -1.018988e+01   4.189032e+00  -9.810968e+00   3.815909e+00  -1.018409e+01   4.195868e+00  -9.804132e+00   3.853398e+00  -1.014660e+01
27.1	   3.865799e+00  -1.013420e+01   4.080999e+00  -9.919001e+00   3.883124e+00  -1.011688e+01   4.132802e+00  -9.867198e+00   3.874640e+00  -1.012536e+01
27.2	   3.897757e+00  -1.010224e+01   4.016524e+00  -9.983476e+00   3.912615e+00  -1.008738e+01   4.102083e+00  -9.897917e+00   3.920065e+00  -1.007993e+01
27.3	   3.951360e+00  -1.004864e+01   3.966769e+00  -1.003323e+01   3.965627e+00  -1.003437e+01   4.025267e+00  -9.974733e+00   3.975782e+00  -1.002422e+01
27.4	   4.019990e+00  -9.980010e+00   3.897958e+00  -1.010204e+01   4.042845e+00  -9.957155e+00   3.970363e+00  -1.002964e+01   4.026175e+00  -9.973825e+00
27.5	   4.097810e+00  -9.902190e+00   3.841503e+00  -1.015850e+01   4.097276e+00  -9.902724e+00   3.924888e+00  -1.007511e+01   4.093297e+00  -9.906703e+00
27.6	   4.142716e+00  -9.857284e+00   3.842723e+00  -1.015728e+01   4.163235e+00  -9.836765e+00   3.898565e+00  -1.010143e+01   4.133274e+00  -9.866726e+00
27.7	   4.211181e+00  -9.788819e+00   3.766581e+00  -1.023342e+01   4.188851e+00  -9.811149e+00   3.852135e+00  -1.014787e+01   4.195279e+00  -9.804721e+00
27.8	   4.229306e+00  -9.770694e+00   3.788636e+00  -1.021136e+01   4.225974e+00  -9.774026e+00   3.826899e+00  -1.017310e+01   4.236223e+00  -9.763777e+00
27.9	   4.305338e+00  -9.694662e+00   3.734860e+00  -1.026514e+01   4.252279e+00  -9.747721e+00   3.788503e+00  -1.021150e+01   4.255823e+00  -9.744177e+00
28	   4.317407e+00  -9.682593e+00   3.783071e+00  -1.021693e+01   4.260696e+00  -9.739304e+00   3.805415e+00  -1.019458e+01   4.258213e+00  -9.741787e+00
28.1	   4.291052e+00  -9.708948e+00   3.769503e+00  -1.023050e+01   4.249543e+00  -9.750457e+00   3.797404e+00  -1.020260e+01   4.246042e+00  -9.753958e+00
28.2	   4.248380e+00  -9.751620e+00   3.833272e+00  -1.016673e+01   4.228358e+00  -9.771642e+00   3.790674e+00  -1.020933e+01   4.224578e+00  -9.775422e+00
28.3	   4.245204e+00  -9.754796e+00   3.835944e+00  -1.016406e+01   4.212417e+00  -9.787583e+00   3.835289e+00  -1.016471e+01   4.184717e+00  -9.815283e+00
28.4	   4.141389e+00  -9.858611e+00   3.892215e+00  -1.010778e+01   4.141878e+00  -9.858122e+00   3.841783e+00  -1.015822e+01   4.109123e+00  -9.890877e+00
28.5	   4.074355e+00  -9.925645e+00   3.956332e+00  -1.004367e+01   4.097063e+00  -9.902937e+00   3.907033e+00  -1.009297e+01   4.081968e+00  -9.918032e+00
28.6	   4.023106e+00  -9.976894e+00   4.008881e+00  -9.991119e+00   4.007035e+00  -9.992965e+00   3.950559e+00  -1.004944e+01   4.033162e+00  -9.966838e+00
28.7	   3.948641e+00  -1.005136e+01   4.116664e+00  -9.883336e+00   3.947097e+00  -1.005290e+01   3.999752e+00  -1.000025e+01   3.978579e+00  -1.002142e+01
28.8	   3.881709e+00  -1.011829e+01   4.138843e+00  -9.861157e+00   3.905429e+00  -1.009457e+01   4.057469e+00  -9.942531e+00   3.927513e+00  -1.007249e+01
28.9	   3.862422e+00  -1.013758e+01   4.233967e+00  -9.766033e+00   3.884521e+00  -1.011548e+01   4.088846e+00  -9.911154e+00   3.869998e+00  -1.013000e+01
29	   3.804706e+00  -1.019529e+01   4.292796e+00  -9.707204e+00   3.808276e+00  -1.019172e+01   4.166680e+00  -9.833320e+00   3.860701e+00  -1.013930e+01
29.1	   3.781596e+00  -1.021840e+01   4.323154e+00  -9.676846e+00   3.819933e+00  -1.018007e+01   4.193277e+00  -9.806723e+00   3.811772e+00  -1.018823e+01
29.2	   3.764441e+00  -1.023556e+01   4.331667e+00  -9.668333e+00   3.763597e+00  -1.023640e+01   4.217628e+00  -9.782372e+00   3.818802e+00  -1.018120e+01
29.3	   3.757280e+00  -1.024272e+01   4.321499e+00  -9.678501e+00   3.798171e+00  -1.020183e+01   4.237810e+00  -9.762190e+00   3.808052e+00  -1.019195e+01
29.4	   3.760894e+00  -1.023911e+01   4.291250e+00  -9.708750e+00   3.778952e+00  -1.022105e+01   4.243993e+00  -9.756007e+00   3.801899e+00  -1.019810e+01
29.5	   3.783182e+00  -1.021682e+01   4.212165e+00  -9.787835e+00   3.814004e+00  -1.018600e+01   4.232782e+00  -9.767218e+00   3.826592e+00  -1.017341e+01
29.6	   3.830944e+00  -1.016906e+01   4.146856e+00  -9.853144e+00   3.823303e+00  -1.017670e+01   4.209446e+00  -9.790554e+00   3.833684e+00  -1.016632e+01
29.7	   3.853106e+00  -1.014689e+01   4.096890e+00  -9.903110e+00   3.889965e+00  -1.011003e+01   4.190234e+00  -9.809766e+00   3.881435e+00  -1.011856e+01
29.8	   3.895937e+00  -1.010406e+01   4.054127e+00  -9.945873e+00   3.928682e+00  -1.007132e+01   4.138088e+00  -9.861912e+00   3.904893e+00  -1.009511e+01
29.9	   3.956221e+00  -1.004378e+01   3.978650e+00  -1.002135e+01   3.977458e+00  -1.002254e+01   4.080098e+00  -9.919902e+00   3.941266e+00  -1.005873e+01
30	   4.022956e+00  -9.977044e+00   3.922888e+00  -1.007711e+01   4.039086e+00  -9.960914e+00   4.001663e+00  -9.998337e+00   3.989402e+00  -1.001060e+01
30.1	   4.101713e+00  -9.898287e+00   3.853917e+00  -1.014608e+01   4.072633e+00  -9.927367e+00   3.946237e+00  -1.005376e+01   4.042253e+00  -9.957747e+00
30.2	   4.170151e+00  -9.829849e+00   3.782491e+00  -1.021751e+01   4.145870e+00  -9.854130e+00   3.900653e+00  -1.009935e+01   4.100919e+00  -9.899081e+00
30.3	   4.196531e+00  -9.803469e+00   3.801491e+00  -1.019851e+01   4.161251e+00  -9.838749e+00   3.880224e+00  -1.011978e+01   4.130618e+00  -9.869382e+00
30.4	   4.261982e+00  -9.738018e+00   3.737925e+00  -1.026207e+01   4.212397e+00  -9.787603e+00   3.809393e+00  -1.019061e+01   4.177010e+00  -9.822990e+00
30.5	   4.308351e+00  -9.691649e+00   3.770201e+00  -1.022980e+01   4.251153e+00  -9.748847e+00   3.816212e+00  -1.018379e+01   4.221894e+00  -9.778106e+00
30.6	   4.295305e+00  -9.704695e+00   3.760741e+00  -1.023926e+01   4.267396e+00  -9.732604e+00   3.786308e+00  -1.021369e+01   4.246694e+00  -9.753306e+00
30.7	   4.272638e+00  -9.727362e+00   3.799424e+00  -1.020058e+01   4.266212e+00  -9.733788e+00   3.765025e+00  -1.023498e+01   4.251861e+00  -9.748139e+00
30.8	   4.276548e+00  -9.723452e+00   3.804352e+00  -1.019565e+01   4.253856e+00  -9.746144e+00   3.792823e+00  -1.020718e+01   4.245111e+00  -9.754889e+00
30.9	   4.183889e+00  -9.816111e+00   3.881904e+00  -1.011810e+01   4.226368e+00  -9.773632e+00   3.816443e+00  -1.018356e+01   4.221700e+00  -9.778300e+00
31	   4.176983e+00  -9.823017e+00   3.944464e+00  -1.005554e+01   4.146445e+00  -9.853555e+00   3.824631e+00  -1.017537e+01   4.164711e+00  -9.835289e+00
31.1	   4.090198e+00  -9.909802e+00   3.997677e+00  -1.000232e+01   4.110514e+00  -9.889486e+00   3.884942e+00  -1.011506e+01   4.120275e+00  -9.879725e+00
31.2	   4.014305e+00  -9.985695e+00   4.030500e+00  -9.969500e+00   4.019650e+00  -9.980350e+00   3.938622e+00  -1.006138e+01   4.066499e+00  -9.933501e+00
31.3	   3.958499e+00  -1.004150e+01   4.139738e+00  -9.860262e+00   3.970537e+00  -1.002946e+01   3.990570e+00  -1.000943e+01   4.031816e+00  -9.968184e+00
31.4	   3.911471e+00  -1.008853e+01   4.154165e+00  -9.845835e+00   3.908832e+00  -1.009117e+01   4.047210e+00  -9.952790e+00   3.977173e+00  -1.002283e+01
31.5	   3.824576e+00  -1.017542e+01   4.212677e+00  -9.787323e+00   3.861341e+00  -1.013866e+01   4.082901e+00  -9.917099e+00   3.918773e+00  -1.008123e+01
31.6	   3.807573e+00  -1.019243e+01   4.264764e+00  -9.735236e+00   3.852219e+00  -1.014778e+01   4.158035e+00  -9.841965e+00   3.867116e+00  -1.013288e+01
31.7	   3.785748e+00  -1.021425e+01   4.287974e+00  -9.712026e+00   3.779700e+00  -1.022030e+01   4.212064e+00  -9.787936e+00   3.855584e+00  -1.014442e+01
31.8	   3.764081e+00  -1.023592e+01   4.290530e+00  -9.709470e+00   3.796011e+00  -1.020399e+01   4.244500e+00  -9.755500e+00   3.811421e+00  -1.018858e+01
31.9	   3.770074e+00  -1.022993e+01   4.276544e+00  -9.723456e+00   3.774741e+00  -1.022526e+01   4.264339e+00  -9.735661e+00   3.801342e+00  -1.019866e+01
32	   3.759112e+00  -1.024089e+01   4.258184e+00  -9.741816e+00   3.766217e+00  -1.023378e+01   4.269693e+00  -9.730307e+00   3.809870e+00  -1.019013e+01
32.1	   3.783550e+00  -1.021645e+01   4.231913e+00  -9.768087e+00   3.809686e+00  -1.019031e+01   4.255645e+00  -9.744355e+00   3.799207e+00  -1.020079e+01
32.2	   3.839180e+00  -1.016082e+01   4.118051e+00  -9.881949e+00   3.805844e+00  -1.019416e+01   4.219504e+00  -9.780496e+00   3.817624e+00  -1.018238e+01
32.3	   3.856363e+00  -1.014364e+01   4.107187e+00  -9.892813e+00   3.868329e+00  -1.013167e+01   4.162148e+00  -9.837852e+00   3.847068e+00  -1.015293e+01
32.4	   3.909395e+00  -1.009060e+01   4.007867e+00  -9.992133e+00   3.926735e+00  -1.007327e+01   4.139599e+00  -9.860401e+00   3.874825e+00  -1.012518e+01
32.5	   3.969763e+00  -1.003024e+01   3.932009e+00  -1.006799e+01   3.980142e+00  -1.001986e+01   4.057553e+00  -9.942447e+00   3.906850e+00  -1.009315e+01
32.6	   4.038218e+00  -9.961782e+00   3.888559e+00  -1.011144e+01   4.032605e+00  -9.967395e+00   4.021760e+00  -9.978240e+00   3.959808e+00  -1.004019e+01
32.7	   4.115686e+00  -9.884314e+00   3.862009e+00  -1.013799e+01   4.076846e+00  -9.923154e+00   3.970015e+00  -1.002999e+01   4.009682e+00  -9.990318e+00
32.8	   4.169254e+00  -9.830746e+00   3.781265e+00  -1.021873e+01   4.148108e+00  -9.851892e+00   3.907728e+00  -1.009227e+01   4.065484e+00  -9.934516e+00
32.9	   4.208369e+00  -9.791631e+00   3.783878e+00  -1.021612e+01   4.219038e+00  -9.780962e+00   3.856126e+00  -1.014387e+01   4.126878e+00  -9.873122e+00
33	   4.249872e+00  -9.750128e+00   3.748933e+00  -1.025107e+01   4.262489e+00  -9.737511e+00   3.849459e+00  -1.015054e+01   4.178161e+00  -9.821839e+00
33.1	   4.278818e+00  -9.721182e+00   3.774813e+00  -1.022519e+01   4.283035e+00  -9.716965e+00   3.797241e+00  -1.020276e+01   4.206812e+00  -9.793188e+00
33.2	   4.298149e+00  -9.701851e+00   3.762279e+00  -1.023772e+01   4.281924e+00  -9.718076e+00   3.794073e+00  -1.020593e+01   4.233932e+00  -9.766068e+00
33.3	   4.285046e+00  -9.714954e+00   3.806487e+00  -1.019351e+01   4.263682e+00  -9.736318e+00   3.806771e+00  -1.019323e+01   4.249939e+00  -9.750061e+00
33.4	   4.223696e+00  -9.776304e+00   3.852752e+00  -1.014725e+01   4.234391e+00  -9.765609e+00   3.787899e+00  -1.021210e+01   4.248234e+00  -9.751766e+00
33.5	   4.222842e+00  -9.777158e+00   3.879241e+00  -1.012076e+01   4.205565e+00  -9.794435e+00   3.822649e+00  -1.017735e+01   4.225083e+00  -9.774917e+00
33.6	   4.120174e+00  -9.879826e+00   3.935559e+00  -1.006444e+01   4.158187e+00  -9.841813e+00   3.842411e+00  -1.015759e+01   4.175786e+00  -9.824214e+00
33.7	   4.042619e+00  -9.957381e+00   4.019926e+00  -9.980074e+00   4.068566e+00  -9.931434e+00   3.897286e+00  -1.010271e+01   4.144773e+00  -9.855227e+00
33.8	   3.979443e+00  -1.002056e+01   4.073886e+00  -9.926114e+00   4.001008e+00  -9.998992e+00   3.931176e+00  -1.006882e+01   4.080154e+00  -9.919846e+00
33.9	   3.927502e+00  -1.007250e+01   4.146220e+00  -9.853780e+00   3.943733e+00  -1.005627e+01   3.982421e+00  -1.001758e+01   4.044269e+00  -9.955731e+00
34	   3.901996e+00  -1.009800e+01   4.169808e+00  -9.830192e+00   3.881381e+00  -1.011862e+01   4.047470e+00  -9.952530e+00   3.984355e+00  -1.001565e+01
34.1	   3.816498e+00  -1.018350e+01   4.214936e+00  -9.785064e+00   3.866208e+00  -1.013379e+01   4.082343e+00  -9.917657e+00   3.922621e+00  -1.007738e+01
34.2	   3.822038e+00  -1.017796e+01   4.250924e+00  -9.749076e+00   3.801763e+00  -1.019824e+01   4.158254e+00  -9.841746e+00   3.863084e+00  -1.013692e+01
34.3	   3.767358e+00  -1.023264e+01   4.273264e+00  -9.726736e+00   3.807656e+00  -1.019234e+01   4.191399e+00  -9.808601e+00   3.851761e+00  -1.014824e+01
34.4	   3.738421e+00  -1.026158e+01   4.278905e+00  -9.721095e+00   3.753665e+00  -1.024634e+01   4.221063e+00  -9.778937e+00   3.804496e+00  -1.019550e+01
34.5	   3.750187e+00  -1.024981e+01   4.256496e+00  -9.743504e+00   3.780670e+00  -1.021933e+01   4.246502e+00  -9.753498e+00   3.792765e+00  -1.020724e+01
34.6	   3.785064e+00  -1.021494e+01   4.206820e+00  -9.793180e+00   3.786402e+00  -1.021360e+01   4.260865e+00  -9.739135e+00   3.805337e+00  -1.019466e+01
34.7	   3.788071e+00  -1.021193e+01   4.177033e+00  -9.822967e+00   3.797727e+00  -1.020227e+01   4.257395e+00  -9.742605e+00   3.797830e+00  -1.020217e+01
34.8	   3.837803e+00  -1.016220e+01   4.136241e+00  -9.863759e+00   3.838417e+00  -1.016158e+01   4.232430e+00  -9.767570e+00   3.811474e+00  -1.018853e+01
34.9	   3.856422e+00  -1.014358e+01   4.051431e+00  -9.948569e+00   3.897628e+00  -1.010237e+01   4.180218e+00  -9.819782e+00   3.850284e+00  -1.014972e+01
35	   3.923247e+00  -1.007675e+01   3.958763e+00  -1.004124e+01   3.943295e+00  -1.005670e+01   4.119700e+00  -9.880300e+00   3.872400e+00  -1.012760e+01
35.1	   3.980306e+00  -1.001969e+01   3.898419e+00  -1.010158e+01   4.004908e+00  -9.995092e+00   4.092416e+00  -9.907584e+00   3.912932e+00  -1.008707e+01
35.2	   4.039896e+00  -9.960104e+00   3.848091e+00  -1.015191e+01   4.049067e+00  -9.950933e+00   4.019507e+00  -9.980493e+00   3.967435e+00  -1.003257e+01
35.3	   4.134532e+00  -9.865468e+00   3.836131e+00  -1.016387e+01   4.118581e+00  -9.881419e+00   3.951991e+00  -1.004801e+01   4.016873e+00  -9.983127e+00
35.4	   4.159591e+00  -9.840409e+00   3.804016e+00  -1.019598e+01   4.148135e+00  -9.851865e+00   3.909506e+00  -1.009049e+01   4.075956e+00  -9.924044e+00
35.5	   4.210757e+00  -9.789243e+00   3.751510e+00  -1.024849e+01   4.201670e+00  -9.798330e+00   3.864802e+00  -1.013520e+01   4.129806e+00  -9.870194e+00
35.6	   4.269679e+00  -9.730321e+00   3.780981e+00  -1.021902e+01   4.238508e+00  -9.761492e+00   3.808149e+00  -1.019185e+01   4.190206e+00  -9.809794e+00
35.7	   4.302255e+00  -9.697745e+00   3.745283e+00  -1.025472e+01   4.254371e+00  -9.745629e+00   3.795338e+00  -1.020466e+01   4.217148e+00  -9.782852e+00
35.8	   4.310781e+00  -9.689219e+00   3.800561e+00  -1.019944e+01   4.259252e+00  -9.740748e+00   3.794967e+00  -1.020503e+01   4.237913e+00  -9.762087e+00
35.9	   4.294286e+00  -9.705714e+00   3.805030e+00  -1.019497e+01   4.245576e+00  -9.754424e+00   3.768579e+00  -1.023142e+01   4.246524e+00  -9.753476e+00
36	   4.218787e+00  -9.781213e+00   3.834621e+00  -1.016538e+01   4.207372e+00  -9.792628e+00   3.784308e+00  -1.021569e+01   4.237596e+00  -9.762404e+00
36.1	   4.205019e+00  -9.794981e+00   3.892684e+00  -1.010732e+01   4.168929e+00  -9.831071e+00   3.822444e+00  -1.017756e+01   4.206295e+00  -9.793705e+00
36.2	   4.100077e+00  -9.899923e+00   3.943289e+00  -1.005671e+01   4.138955e+00  -9.861045e+00   3.833320e+00  -1.016668e+01   4.164445e+00  -9.835555e+00
36.3	   4.033733e+00  -9.966267e+00   4.028248e+00  -9.971752e+00   4.046758e+00  -9.953242e+00   3.886509e+00  -1.011349e+01   4.149759e+00  -9.850241e+00
36.4	   3.969204e+00  -1.003080e+01   4.093994e+00  -9.906006e+00   3.972066e+00  -1.002793e+01   3.946989e+00  -1.005301e+01   4.059728e+00  -9.940272e+00
36.5	   3.920831e+00  -1.007917e+01   4.173706e+00  -9.826294e+00   3.914300e+00  -1.008570e+01   3.997038e+00  -1.000296e+01   4.010593e+00  -9.989407e+00
36.6	   3.894931e+00  -1.010507e+01   4.204768e+00  -9.795232e+00   3.882066e+00  -1.011793e+01   4.056717e+00  -9.943283e+00   3.959161e+00  -1.004084e+01
36.7	   3.802183e+00  -1.019782e+01   4.245033e+00  -9.754967e+00   3.840348e+00  -1.015965e+01   4.117494e+00  -9.882506e+00   3.905527e+00  -1.009447e+01
36.8	   3.813443e+00  -1.018656e+01   4.285836e+00  -9.714164e+00   3.797024e+00  -1.020298e+01   4.184950e+00  -9.815050e+00   3.884890e+00  -1.011511e+01
36.9	   3.769475e+00  -1.023053e+01   4.310228e+00  -9.689772e+00   3.767534e+00  -1.023247e+01   4.230612e+00  -9.769388e+00   3.830673e+00  -1.016933e+01
37	   3.744166e+00  -1.025583e+01   4.305149e+00  -9.694851e+00   3.788789e+00  -1.021121e+01   4.252524e+00  -9.747476e+00   3.830861e+00  -1.016914e+01
37.1	   3.779150e+00  -1.022085e+01   4.275327e+00  -9.724673e+00   3.765099e+00  -1.023490e+01   4.252128e+00  -9.747872e+00   3.793299e+00  -1.020670e+01
37.2	   3.773482e+00  -1.022652e+01   4.206480e+00  -9.793520e+00   3.790441e+00  -1.020956e+01   4.254911e+00  -9.745089e+00   3.793571e+00  -1.020643e+01
37.3	   3.808980e+00  -1.019102e+01   4.116327e+00  -9.883673e+00   3.820262e+00  -1.017974e+01   4.238679e+00  -9.761321e+00   3.812579e+00  -1.018742e+01
37.4	   3.829475e+00  -1.017053e+01   4.109937e+00  -9.890063e+00   3.868630e+00  -1.013137e+01   4.196810e+00  -9.803190e+00   3.815726e+00  -1.018427e+01
37.5	   3.908609e+00  -1.009139e+01   4.015767e+00  -9.984233e+00   3.897182e+00  -1.010282e+01   4.131381e+00  -9.868619e+00   3.852160e+00  -1.014784e+01
37.6	   3.962918e+00  -1.003708e+01   3.934977e+00  -1.006502e+01   3.956270e+00  -1.004373e+01   4.108005e+00  -9.891995e+00   3.872311e+00  -1.012769e+01
37.7	   4.021918e+00  -9.978082e+00   3.886691e+00  -1.011331e+01   4.039825e+00  -9.960175e+00   4.016017e+00  -9.983983e+00   3.931353e+00  -1.006865e+01
37.8	   4.067340e+00  -9.932660e+00   3.865230e+00  -1.013477e+01   4.078122e+00  -9.921878e+00   3.953442e+00  -1.004656e+01   3.981895e+00  -1.001810e+01
37.9	   4.129662e+00  -9.870338e+00   3.823004e+00  -1.017700e+01   4.167359e+00  -9.832641e+00   3.904308e+00  -1.009569e+01   4.031784e+00  -9.968216e+00
38	   4.182121e+00  -9.817879e+00   3.763663e+00  -1.023634e+01   4.226430e+00  -9.773570e+00   3.882073e+00  -1.011793e+01   4.075423e+00  -9.924577e+00
38.1	   4.261173e+00  -9.738827e+00   3.794378e+00  -1.020562e+01   4.260985e+00  -9.739015e+00   3.817772e+00  -1.018223e+01   4.151347e+00  -9.848653e+00
38.2	   4.288377e+00  -9.711623e+00   3.746574e+00  -1.025343e+01   4.266055e+00  -9.733945e+00   3.820584e+00  -1.017942e+01   4.198731e+00  -9.801269e+00
38.3	   4.292798e+00  -9.707202e+00   3.794876e+00  -1.020512e+01   4.266204e+00  -9.733796e+00   3.775780e+00  -1.022422e+01   4.234749e+00  -9.765251e+00
38.4	   4.275754e+00  -9.724246e+00   3.786665e+00  -1.021333e+01   4.266668e+00  -9.733332e+00   3.775891e+00  -1.022411e+01   4.268684e+00  -9.731316e+00
38.5	   4.241637e+00  -9.758363e+00   3.830230e+00  -1.016977e+01   4.242043e+00  -9.757957e+00   3.803594e+00  -1.019641e+01   4.279926e+00  -9.720074e+00
38.6	   4.236970e+00  -9.763030e+00   3.896609e+00  -1.010339e+01   4.183693e+00  -9.816307e+00   3.800627e+00  -1.019937e+01   4.259953e+00  -9.740047e+00
38.7	   4.144801e+00  -9.855199e+00   3.948512e+00  -1.005149e+01   4.108753e+00  -9.891247e+00   3.844753e+00  -1.015525e+01   4.227135e+00  -9.772865e+00
38.8	   4.127329e+00  -9.872671e+00   3.993426e+00  -1.000657e+01   4.077480e+00  -9.922520e+00   3.864187e+00  -1.013581e+01   4.190501e+00  -9.809499e+00
38.9	   4.058932e+00  -9.941068e+00   4.033286e+00  -9.966714e+00   4.012541e+00  -9.987459e+00   3.923929e+00  -1.007607e+01   4.098415e+00  -9.901585e+00
39	   3.993775e+00  -1.000622e+01   4.134534e+00  -9.865466e+00   3.951724e+00  -1.004828e+01   3.976589e+00  -1.002341e+01   4.068383e+00  -9.931617e+00
39.1	   3.916522e+00  -1.008348e+01   4.197278e+00  -9.802722e+00   3.894404e+00  -1.010560e+01   4.032688e+00  -9.967312e+00   4.000304e+00  -9.999696e+00
39.2	   3.845513e+00  -1.015449e+01   4.234647e+00  -9.765353e+00   3.820512e+00  -1.017949e+01   4.108882e+00  -9.891118e+00   3.941095e+00  -1.005890e+01
39.3	   3.843455e+00  -1.015654e+01   4.275629e+00  -9.724371e+00   3.825347e+00  -1.017465e+01   4.171090e+00  -9.828910e+00   3.869045e+00  -1.013095e+01
39.4	   3.772943e+00  -1.022706e+01   4.305515e+00  -9.694485e+00   3.776353e+00  -1.022365e+01   4.218594e+00  -9.781406e+00   3.849567e+00  -1.015043e+01
39.5	   3.781643e+00  -1.021836e+01   4.307603e+00  -9.692397e+00   3.765002e+00  -1.023500e+01   4.259398e+00  -9.740602e+00   3.793989e+00  -1.020601e+01
39.6	   3.774900e+00  -1.022510e+01   4.285657e+00  -9.714343e+00   3.793949e+00  -1.020605e+01   4.264122e+00  -9.735878e+00   3.792991e+00  -1.020701e+01
39.7	   3.755342e+00  -1.024466e+01   4.229860e+00  -9.770140e+00   3.779235e+00  -1.022076e+01   4.251926e+00  -9.748074e+00   3.795628e+00  -1.020437e+01
39.8	   3.798701e+00  -1.020130e+01   4.132533e+00  -9.867467e+00   3.832093e+00  -1.016791e+01   4.244045e+00  -9.755955e+00   3.785722e+00  -1.021428e+01
39.9	   3.800999e+00  -1.019900e+01   4.134603e+00  -9.865397e+00   3.837694e+00  -1.016231e+01   4.210693e+00  -9.789307e+00   3.794878e+00  -1.020512e+01
40	   3.860439e+00  -1.013956e+01   4.023507e+00  -9.976493e+00   3.898810e+00  -1.010119e+01   4.147383e+00  -9.852617e+00   3.842256e+00  -1.015774e+01
40.1	   3.919994e+00  -1.008001e+01   3.947750e+00  -1.005225e+01   3.953911e+00  -1.004609e+01   4.101545e+00  -9.898455e+00   3.855941e+00  -1.014406e+01
40.2	   3.969307e+00  -1.003069e+01   3.893798e+00  -1.010620e+01   4.002030e+00  -9.997970e+00   4.024358e+00  -9.975642e+00   3.917957e+00  -1.008204e+01
40.3	   4.032321e+00  -9.967679e+00   3.863211e+00  -1.013679e+01   4.097269e+00  -9.902731e+00   3.975143e+00  -1.002486e+01   3.974301e+00  -1.002570e+01
40.4	   4.083398e+00  -9.916602e+00   3.851457e+00  -1.014854e+01   4.140618e+00  -9.859382e+00   3.909706e+00  -1.009029e+01   4.026434e+00  -9.973566e+00
40.5	   4.133810e+00  -9.866190e+00   3.780494e+00  -1.021951e+01   4.190847e+00  -9.809153e+00   3.859699e+00  -1.014030e+01   4.073086e+00  -9.926914e+00
40.6	   4.193011e+00  -9.806989e+00   3.787839e+00  -1.021216e+01   4.250534e+00  -9.749466e+00   3.841770e+00  -1.015823e+01   4.147484e+00  -9.852516e+00
40.7	   4.266194e+00  -9.733806e+00   3.775364e+00  -1.022464e+01   4.280039e+00  -9.719961e+00   3.799802e+00  -1.020020e+01   4.206584e+00  -9.793416e+00
40.8	   4.286119e+00  -9.713881e+00   3.777631e+00  -1.022237e+01   4.262422e+00  -9.737578e+00   3.767903e+00  -1.023210e+01   4.248254e+00  -9.751746e+00
40.9	   4.279157e+00  -9.720843e+00   3.812209e+00  -1.018779e+01   4.254792e+00  -9.745208e+00   3.788087e+00  -1.021191e+01   4.271610e+00  -9.728390e+00
41	   4.256500e+00  -9.743500e+00   3.803115e+00  -1.019689e+01   4.235226e+00  -9.764774e+00   3.793956e+00  -1.020604e+01   4.264767e+00  -9.735233e+00
41.1	   4.235171e+00  -9.764829e+00   3.856495e+00  -1.014350e+01   4.184538e+00  -9.815462e+00   3.790297e+00  -1.020970e+01   4.239508e+00  -9.760492e+00
41.2	   4.228172e+00  -9.771828e+00   3.921411e+00  -1.007859e+01   4.107400e+00  -9.892600e+00   3.845970e+00  -1.015403e+01   4.204396e+00  -9.795604e+00
41.3	   4.120962e+00  -9.879038e+00   3.972017e+00  -1.002798e+01   4.080555e+00  -9.919445e+00   3.859603e+00  -1.014040e+01   4.171491e+00  -9.828509e+00
41.4	   4.088032e+00  -9.911968e+00   4.008024e+00  -9.991976e+00   3.989864e+00  -1.001014e+01   3.919682e+00  -1.008032e+01   4.126795e+00  -9.873205e+00
41.5	   4.043888e+00  -9.956112e+00   4.072801e+00  -9.927199e+00   3.926771e+00  -1.007323e+01   3.975591e+00  -1.002441e+01   4.051140e+00  -9.948860e+00
41.6	   3.976135e+00  -1.002386e+01   4.151918e+00  -9.848082e+00   3.885541e+00  -1.011446e+01   4.029611e+00  -9.970389e+00   3.977997e+00  -1.002200e+01
41.7	   3.894391e+00  -1.010561e+01   4.207491e+00  -9.792509e+00   3.860437e+00  -1.013956e+01   4.113805e+00  -9.886195e+00   3.928072e+00  -1.007193e+01
41.8	   3.840054e+00  -1.015995e+01   4.212460e+00  -9.787540e+00   3.791662e+00  -1.020834e+01   4.158843e+00  -9.841157e+00   3.896024e+00  -1.010398e+01
41.9	   3.835409e+00  -1.016459e+01   4.237931e+00  -9.762069e+00   3.806894e+00  -1.019311e+01   4.200257e+00  -9.799743e+00   3.835522e+00  -1.016448e+01
42	   3.761507e+00  -1.023849e+01   4.263102e+00  -9.736898e+00   3.759107e+00  -1.024089e+01   4.242749e+00  -9.757251e+00   3.827233e+00  -1.017277e+01
42.1	   3.786278e+00  -1.021372e+01   4.273862e+00  -9.726138e+00   3.785265e+00  -1.021473e+01   4.279495e+00  -9.720505e+00   3.783139e+00  -1.021686e+01
42.2	   3.745314e+00  -1.025469e+01   4.275237e+00  -9.724763e+00   3.783352e+00  -1.021665e+01   4.285350e+00  -9.714650e+00   3.781929e+00  -1.021807e+01
42.3	   3.782315e+00  -1.021768e+01   4.248758e+00  -9.751242e+00   3.816794e+00  -1.018321e+01   4.260913e+00  -9.739087e+00   3.799668e+00  -1.020033e+01
42.4	   3.773440e+00  -1.022656e+01   4.137520e+00  -9.862480e+00   3.826362e+00  -1.017364e+01   4.224956e+00  -9.775044e+00   3.798224e+00  -1.020178e+01
42.5	   3.836734e+00  -1.016327e+01   4.139877e+00  -9.860123e+00   3.885437e+00  -1.011456e+01   4.187337e+00  -9.812663e+00   3.827996e+00  -1.017200e+01
42.6	   3.865172e+00  -1.013483e+01   4.023903e+00  -9.976097e+00   3.937819e+00  -1.006218e+01   4.113708e+00  -9.886292e+00   3.859905e+00  -1.014010e+01
42.7	   3.906024e+00  -1.009398e+01   3.950153e+00  -1.004985e+01   3.980209e+00  -1.001979e+01   4.058714e+00  -9.941286e+00   3.916401e+00  -1.008360e+01
42.8	   3.965077e+00  -1.003492e+01   3.894355e+00  -1.010564e+01   4.048527e+00  -9.951473e+00   3.976599e+00  -1.002340e+01   3.962216e+00  -1.003778e+01
42.9	   4.037222e+00  -9.962778e+00   3.848329e+00  -1.015167e+01   4.094539e+00  -9.905461e+00   3.921553e+00  -1.007845e+01   4.019487e+00  -9.980513e+00
43	   4.106899e+00  -9.893101e+00   3.838060e+00  -1.016194e+01   4.167987e+00  -9.832013e+00   3.889977e+00  -1.011002e+01   4.067052e+00  -9.932948e+00
43.1	   4.134285e+00  -9.865715e+00   3.814612e+00  -1.018539e+01   4.215247e+00  -9.784753e+00   3.817998e+00  -1.018200e+01   4.140422e+00  -9.859578e+00
43.2	   4.212859e+00  -9.787141e+00   3.752879e+00  -1.024712e+01   4.237521e+00  -9.762479e+00   3.817861e+00  -1.018214e+01   4.179252e+00  -9.820748e+00
43.3	   4.272353e+00  -9.727647e+00   3.787635e+00  -1.021236e+01   4.242807e+00  -9.757193e+00   3.772714e+00  -1.022729e+01   4.221861e+00  -9.778139e+00
43.4	   4.286273e+00  -9.713727e+00   3.752207e+00  -1.024779e+01   4.258577e+00  -9.741423e+00   3.755558e+00  -1.024444e+01   4.263407e+00  -9.736593e+00
43.5	   4.276344e+00  -9.723656e+00   3.801907e+00  -1.019809e+01   4.255514e+00  -9.744486e+00   3.780352e+00  -1.021965e+01   4.278142e+00  -9.721858e+00
43.6	   4.249501e+00  -9.750499e+00   3.831032e+00  -1.016897e+01   4.226502e+00  -9.773498e+00   3.800811e+00  -1.019919e+01   4.255249e+00  -9.744751e+00
43.7	   4.230463e+00  -9.769537e+00   3.844464e+00  -1.015554e+01   4.168939e+00  -9.831061e+00   3.805626e+00  -1.019437e+01   4.218630e+00  -9.781370e+00
43.8	   4.213111e+00  -9.786889e+00   3.890733e+00  -1.010927e+01   4.095379e+00  -9.904621e+00   3.873235e+00  -1.012676e+01   4.183697e+00  -9.816303e+00
43.9	   4.115896e+00  -9.884104e+00   3.951528e+00  -1.004847e+01   4.070199e+00  -9.929801e+00   3.910831e+00  -1.008917e+01   4.134211e+00  -9.865789e+00
44	   4.046209e+00  -9.953791e+00   4.047391e+00  -9.952609e+00   4.012384e+00  -9.987616e+00   3.966522e+00  -1.003348e+01   4.057975e+00  -9.942025e+00
44.1	   3.997046e+00  -1.000295e+01   4.090580e+00  -9.909420e+00   3.956253e+00  -1.004375e+01   4.040461e+00  -9.959539e+00   3.985230e+00  -1.001477e+01
44.2	   3.928390e+00  -1.007161e+01   4.191611e+00  -9.808389e+00   3.911824e+00  -1.008818e+01   4.078574e+00  -9.921426e+00   3.934355e+00  -1.006565e+01
44.3	   3.879069e+00  -1.012093e+01   4.234944e+00  -9.765056e+00   3.842082e+00  -1.015792e+01   4.145911e+00  -9.854089e+00   3.902800e+00  -1.009720e+01
44.4	   3.865723e+00  -1.013428e+01   4.275937e+00  -9.724063e+00   3.837149e+00  -1.016285e+01   4.194975e+00  -9.805025e+00   3.840707e+00  -1.015929e+01
44.5	   3.792300e+00  -1.020770e+01   4.303992e+00  -9.696008e+00   3.788673e+00  -1.021133e+01   4.238014e+00  -9.761986e+00   3.832446e+00  -1.016755e+01
44.6	   3.800456e+00  -1.019954e+01   4.308194e+00  -9.691806e+00   3.813485e+00  -1.018652e+01   4.285162e+00  -9.714838e+00   3.787023e+00  -1.021298e+01
44.7	   3.756941e+00  -1.024306e+01   4.287161e+00  -9.712839e+00   3.778365e+00  -1.022163e+01   4.273790e+00  -9.726210e+00   3.778666e+00  -1.022133e+01
44.8	   3.779800e+00  -1.022020e+01   4.232181e+00  -9.767819e+00   3.813977e+00  -1.018602e+01   4.243644e+00  -9.756356e+00   3.796700e+00  -1.020330e+01
44.9	   3.770143e+00  -1.022986e+01   4.135858e+00  -9.864142e+00   3.817225e+00  -1.018278e+01   4.212702e+00  -9.787298e+00   3.800561e+00  -1.019944e+01
45	   3.811286e+00  -1.018871e+01   4.142729e+00  -9.857271e+00   3.872285e+00  -1.012772e+01   4.156847e+00  -9.843153e+00   3.814800e+00  -1.018520e+01
45.1	   3.834307e+00  -1.016569e+01   4.027849e+00  -9.972151e+00   3.893354e+00  -1.010665e+01   4.112001e+00  -9.887999e+00   3.864245e+00  -1.013576e+01
45.2	   3.865176e+00  -1.013482e+01   3.953477e+00  -1.004652e+01   3.937705e+00  -1.006229e+01   4.043199e+00  -9.956801e+00   3.894890e+00  -1.010511e+01
45.3	   3.911374e+00  -1.008863e+01   3.900112e+00  -1.009989e+01   4.005017e+00  -9.994983e+00   3.999544e+00  -1.000046e+01   3.937899e+00  -1.006210e+01
45.4	   3.971976e+00  -1.002802e+01   3.858839e+00  -1.014116e+01   4.064075e+00  -9.935925e+00   3.941083e+00  -1.005892e+01   3.997365e+00  -1.000264e+01
45.5	   4.038129e+00  -9.961871e+00   3.848706e+00  -1.015129e+01   4.131664e+00  -9.868336e+00   3.877102e+00  -1.012290e+01   4.071140e+00  -9.928860e+00
45.6	   4.107001e+00  -9.892999e+00   3.827788e+00  -1.017221e+01   4.180424e+00  -9.819576e+00   3.864871e+00  -1.013513e+01   4.114047e+00  -9.885953e+00
45.7	   4.175571e+00  -9.824429e+00   3.761169e+00  -1.023883e+01   4.242497e+00  -9.757503e+00   3.807777e+00  -1.019222e+01   4.186608e+00  -9.813392e+00
45.8	   4.235195e+00  -9.764805e+00   3.801182e+00  -1.019882e+01   4.264126e+00  -9.735874e+00   3.820514e+00  -1.017949e+01   4.231661e+00  -9.768339e+00
45.9	   4.239719e+00  -9.760281e+00   3.768114e+00  -1.023189e+01   4.261309e+00  -9.738691e+00   3.796154e+00  -1.020385e+01   4.252797e+00  -9.747203e+00
46	   4.252770e+00  -9.747230e+00   3.795956e+00  -1.020404e+01   4.281965e+00  -9.718035e+00   3.785232e+00  -1.021477e+01   4.291163e+00  -9.708837e+00
46.1	   4.272084e+00  -9.727916e+00   3.834925e+00  -1.016507e+01   4.246948e+00  -9.753052e+00   3.819815e+00  -1.018018e+01   4.284674e+00  -9.715326e+00
46.2	   4.274494e+00  -9.725506e+00   3.840168e+00  -1.015983e+01   4.197142e+00  -9.802858e+00   3.822838e+00  -1.017716e+01   4.236982e+00  -9.763018e+00
46.3	   4.234656e+00  -9.765344e+00   3.875356e+00  -1.012464e+01   4.149901e+00  -9.850099e+00   3.876271e+00  -1.012373e+01   4.186628e+00  -9.813372e+00
46.4	   4.154426e+00  -9.845574e+00   3.928439e+00  -1.007156e+01   4.045435e+00  -9.954565e+00   3.899676e+00  -1.010032e+01   4.149726e+00  -9.850274e+00
46.5	   4.118572e+00  -9.881428e+00   3.995420e+00  -1.000458e+01   4.002166e+00  -9.997834e+00   3.941428e+00  -1.005857e+01   4.045632e+00  -9.954368e+00
46.6	   4.079660e+00  -9.920340e+00   4.091708e+00  -9.908292e+00   3.944595e+00  -1.005540e+01   4.000250e+00  -9.999750e+00   3.989686e+00  -1.001031e+01
46.7	   4.010438e+00  -9.989562e+00   4.098663e+00  -9.901337e+00   3.873165e+00  -1.012683e+01   4.066704e+00  -9.933296e+00   3.926260e+00  -1.007374e+01
46.8	   3.953965e+00  -1.004603e+01   4.188513e+00  -9.811487e+00   3.849317e+00  -1.015068e+01   4.107083e+00  -9.892917e+00   3.884934e+00  -1.011507e+01
46.9	   3.877795e+00  -1.012221e+01   4.257608e+00  -9.742392e+00   3.805038e+00  -1.019496e+01   4.148544e+00  -9.851456e+00   3.846056e+00  -1.015394e+01
47	   3.827591e+00  -1.017241e+01   4.291408e+00  -9.708592e+00   3.805346e+00  -1.019465e+01   4.193518e+00  -9.806482e+00   3.817818e+00  -1.018218e+01
47.1	   3.827043e+00  -1.017296e+01   4.303353e+00  -9.696647e+00   3.757257e+00  -1.024274e+01   4.234508e+00  -9.765492e+00   3.775400e+00  -1.022460e+01
47.2	   3.759565e+00  -1.024044e+01   4.291658e+00  -9.708342e+00   3.785617e+00  -1.021438e+01   4.264960e+00  -9.735040e+00   3.779416e+00  -1.022058e+01
47.3	   3.785244e+00  -1.021476e+01   4.267275e+00  -9.732725e+00   3.792320e+00  -1.020768e+01   4.257710e+00  -9.742290e+00   3.789479e+00  -1.021052e+01
47.4	   3.749550e+00  -1.025045e+01   4.183803e+00  -9.816197e+00   3.805958e+00  -1.019404e+01   4.227140e+00  -9.772860e+00   3.794064e+00  -1.020594e+01
47.5	   3.786833e+00  -1.021317e+01   4.142213e+00  -9.857787e+00   3.843808e+00  -1.015619e+01   4.185381e+00  -9.814619e+00   3.814537e+00  -1.018546e+01
47.6	   3.801038e+00  -1.019896e+01   4.100826e+00  -9.899174e+00   3.904410e+00  -1.009559e+01   4.150704e+00  -9.849296e+00   3.861784e+00  -1.013822e+01
47.7	   3.835139e+00  -1.016486e+01   4.057508e+00  -9.942492e+00   3.951726e+00  -1.004827e+01   4.082170e+00  -9.917830e+00   3.899341e+00  -1.010066e+01
47.8	   3.892375e+00  -1.010762e+01   3.968270e+00  -1.003173e+01   4.007006e+00  -9.992994e+00   4.036815e+00  -9.963185e+00   3.940958e+00  -1.005904e+01
47.9	   3.934697e+00  -1.006530e+01   3.911902e+00  -1.008810e+01   4.038482e+00  -9.961518e+00   3.970724e+00  -1.002928e+01   3.999667e+00  -1.000033e+01
48	   3.994831e+00  -1.000517e+01   3.877864e+00  -1.012214e+01   4.129220e+00  -9.870780e+00   3.922698e+00  -1.007730e+01   4.068911e+00  -9.931089e+00
48.1	   4.063744e+00  -9.936256e+00   3.857174e+00  -1.014283e+01   4.188627e+00  -9.811373e+00   3.874517e+00  -1.012548e+01   4.103625e+00  -9.896375e+00
48.2	   4.098992e+00  -9.901008e+00   3.799598e+00  -1.020040e+01   4.236085e+00  -9.763915e+00   3.821203e+00  -1.017880e+01   4.170262e+00  -9.829738e+00
48.3	   4.189004e+00  -9.810996e+00   3.771922e+00  -1.022808e+01   4.262518e+00  -9.737482e+00   3.808500e+00  -1.019150e+01   4.220193e+00  -9.779807e+00
48.4	   4.199262e+00  -9.800738e+00   3.802591e+00  -1.019741e+01   4.255831e+00  -9.744169e+00   3.800251e+00  -1.019975e+01   4.245166e+00  -9.754834e+00
48.5	   4.258607e+00  -9.741393e+00   3.769849e+00  -1.023015e+01   4.245969e+00  -9.754031e+00   3.770848e+00  -1.022915e+01   4.248897e+00  -9.751103e+00
48.6	   4.297865e+00  -9.702135e+00   3.792864e+00  -1.020714e+01   4.234121e+00  -9.765879e+00   3.784172e+00  -1.021583e+01   4.235616e+00  -9.764384e+00
48.7	   4.289064e+00  -9.710936e+00   3.843684e+00  -1.015632e+01   4.195373e+00  -9.804627e+00   3.817841e+00  -1.018216e+01   4.208667e+00  -9.791333e+00
48.8	   4.242714e+00  -9.757286e+00   3.868780e+00  -1.013122e+01   4.133146e+00  -9.866854e+00   3.820797e+00  -1.017920e+01   4.181758e+00  -9.818242e+00
48.9	   4.210332e+00  -9.789668e+00   3.905506e+00  -1.009449e+01   4.115531e+00  -9.884469e+00   3.882492e+00  -1.011751e+01   4.148987e+00  -9.851013e+00
49	   4.175251e+00  -9.824749e+00   3.966550e+00  -1.003345e+01   4.019316e+00  -9.980684e+00   3.931523e+00  -1.006848e+01   4.065928e+00  -9.934072e+00
49.1	   4.121499e+00  -9.878501e+00   4.033834e+00  -9.966166e+00   3.962334e+00  -1.003767e+01   3.987127e+00  -1.001287e+01   4.005560e+00  -9.994440e+00
49.2	   4.033015e+00  -9.966985e+00   4.048005e+00  -9.951995e+00   3.909421e+00  -1.009058e+01   4.035705e+00  -9.964295e+00   3.954923e+00  -1.004508e+01
49.3	   3.972817e+00  -1.002718e+01   4.162190e+00  -9.837810e+00   3.880902e+00  -1.011910e+01   4.111291e+00  -9.888709e+00   3.908561e+00  -1.009144e+01
49.4	   3.930624e+00  -1.006938e+01   4.196489e+00  -9.803511e+00   3.852265e+00  -1.014773e+01   4.165270e+00  -9.834730e+00   3.887564e+00  -1.011244e+01
49.5	   3.892979e+00  -1.010702e+01   4.216899e+00  -9.783101e+00   3.801595e+00  -1.019840e+01   4.227125e+00  -9.772875e+00   3.826902e+00  -1.017310e+01
49.6	   3.809010e+00  -1.019099e+01   4.241425e+00  -9.758575e+00   3.795746e+00  -1.020425e+01   4.253544e+00  -9.746456e+00   3.829148e+00  -1.017085e+01
49.7	   3.809150e+00  -1.019085e+01   4.256553e+00  -9.743447e+00   3.797480e+00  -1.020252e+01   4.268615e+00  -9.731385e+00   3.799580e+00  -1.020042e+01
49.8	   3.769787e+00  -1.023021e+01   4.246144e+00  -9.753856e+00   3.770174e+00  -1.022983e+01   4.286390e+00  -9.713610e+00   3.786356e+00  -1.021364e+01
49.9	   3.776834e+00  -1.022317e+01   4.204805e+00  -9.795195e+00   3.816193e+00  -1.018381e+01   4.242890e+00  -9.757110e+00   3.810450e+00  -1.018955e+01
50	   3.775876e+00  -1.022412e+01   4.164886e+00  -9.835114e+00   3.807879e+00  -1.019212e+01   4.192376e+00  -9.807624e+00   3.816821e+00  -1.018318e+01
50.1	   3.789039e+00  -1.021096e+01   4.166954e+00  -9.833046e+00   3.872830e+00  -1.012717e+01   4.153483e+00  -9.846517e+00   3.841847e+00  -1.015815e+01
50.2	   3.810280e+00  -1.018972e+01   4.046691e+00  -9.953309e+00   3.908302e+00  -1.009170e+01   4.112786e+00  -9.887214e+00   3.876132e+00  -1.012387e+01
50.3	   3.842655e+00  -1.015735e+01   4.047080e+00  -9.952920e+00   3.952494e+00  -1.004751e+01   4.030332e+00  -9.969668e+00   3.930359e+00  -1.006964e+01
50.4	   3.878412e+00  -1.012159e+01   3.989404e+00  -1.001060e+01   4.017290e+00  -9.982710e+00   3.955769e+00  -1.004423e+01   3.975256e+00  -1.002474e+01
50.5	   3.942526e+00  -1.005747e+01   3.928593e+00  -1.007141e+01   4.056943e+00  -9.943057e+00   3.905742e+00  -1.009426e+01   4.031750e+00  -9.968250e+00
50.6	   3.996544e+00  -1.000346e+01   3.887647e+00  -1.011235e+01   4.135526e+00  -9.864474e+00   3.878080e+00  -1.012192e+01   4.081118e+00  -9.918882e+00
50.7	   4.060018e+00  -9.939982e+00   3.844218e+00  -1.015578e+01   4.167913e+00  -9.832087e+00   3.850572e+00  -1.014943e+01   4.146482e+00  -9.853518e+00
50.8	   4.128633e+00  -9.871367e+00   3.774861e+00  -1.022514e+01   4.209363e+00  -9.790637e+00   3.794502e+00  -1.020550e+01   4.180985e+00  -9.819015e+00
50.9	   4.184048e+00  -9.815952e+00   3.786787e+00  -1.021321e+01   4.251066e+00  -9.748934e+00   3.803636e+00  -1.019636e+01   4.221853e+00  -9.778147e+00
51	   4.238143e+00  -9.761857e+00   3.797783e+00  -1.020222e+01   4.283373e+00  -9.716627e+00   3.782267e+00  -1.021773e+01   4.260656e+00  -9.739344e+00
51.1	   4.252565e+00  -9.747435e+00   3.766568e+00  -1.023343e+01   4.281286e+00  -9.718714e+00   3.783523e+00  -1.021648e+01   4.284760e+00  -9.715240e+00
51.2	   4.297498e+00  -9.702502e+00   3.795966e+00  -1.020403e+01   4.254364e+00  -9.745636e+00   3.811977e+00  -1.018802e+01   4.272749e+00  -9.727251e+00
51.3	   4.304868e+00  -9.695132e+00   3.844141e+00  -1.015586e+01   4.221195e+00  -9.778805e+00   3.821274e+00  -1.017873e+01   4.238238e+00  -9.761762e+00
51.4	   4.255759e+00  -9.744241e+00   3.875859e+00  -1.012414e+01   4.174325e+00  -9.825675e+00   3.854504e+00  -1.014550e+01   4.197316e+00  -9.802684e+00
51.5	   4.204361e+00  -9.795639e+00   3.914853e+00  -1.008515e+01   4.079961e+00  -9.920039e+00   3.910548e+00  -1.008945e+01   4.108359e+00  -9.891641e+00
51.6	   4.173432e+00  -9.826568e+00   3.969874e+00  -1.003013e+01   4.058580e+00  -9.941420e+00   3.958330e+00  -1.004167e+01   4.072989e+00  -9.927011e+00
