*************************Generated by extractForces.sh*************************
*      Sun Mar 30 13:43:18 MDT 2025 - Case: backup_data/3D_ducky_drop
* Note: Data was extracted from log.overInterDyMFoam using extractForces.sh
*       Can be visualized with plotForces.py
*******************************************************************************
Time X(x3) Force(x3) Moment(x3)
0.01              0.0160081 3.87014e-06 2.35607              -1.24878e-05 -0.0775857 3.29956e-06
0.02              0.0492864 -5.9488e-07 2.96563              -2.48445e-05 -0.0782118 1.50413e-05
0.03              0.068069 1.02314e-05 3.31645              -3.36036e-05 -0.0798524 1.88234e-05
0.04              0.0705067 4.81774e-05 3.32453              -4.13196e-05 -0.0799791 1.85734e-05
0.05              0.072318 7.56385e-05 3.33463              -4.53624e-05 -0.0804923 1.56078e-05
0.06              0.0751073 1.86842e-05 3.32611              -4.30506e-05 -0.0802157 2.43847e-05
0.07              0.0781333 0.000149958 3.33397              -6.25733e-05 -0.0807258 2.73598e-05
0.08              0.0813795 0.000104091 3.34637              -6.11328e-05 -0.0814826 2.8675e-05
0.09              0.0854137 9.9575e-05 3.41517              -6.67046e-05 -0.0843183 2.00052e-05
0.1              0.0897345 1.67798e-05 3.39288              -6.86627e-05 -0.084178 2.73305e-05
0.11              0.0950618 0.000384936 3.40947              -0.000105418 -0.0855829 3.37308e-05
0.12              0.0998044 0.000223086 3.49614              -9.66521e-05 -0.0897152 2.01074e-05
0.13              0.106344 0.000311077 3.46704              -0.000110482 -0.0899617 3.47983e-05
0.14              0.111766 0.000303254 3.56655              -0.000113815 -0.0951016 1.68627e-05
0.15              0.120424 0.000138973 3.53588              -0.000114087 -0.0957209 2.70769e-05
0.16              0.125998 0.000371721 3.6513              -0.000128924 -0.102182 1.4318e-05
0.17              0.135729 0.00031029 3.60942              -0.000130834 -0.103097 1.62997e-05
0.18              0.14398 0.000753109 3.74468              -0.000135144 -0.111028 -1.29515e-05
0.19              0.153878 0.000605565 3.70194              -0.00013893 -0.113244 1.95752e-05
0.2              0.166928 0.000205757 3.82605              -0.000159168 -0.121717 -6.22462e-06
0.21              0.175018 0.000964599 3.97467              -0.000125974 -0.131899 -4.05749e-05
0.22              0.0815486 0.00120153 0.490081              -3.58536e-05 -0.0187071 -8.22315e-05
0.23              -0.175035 0.154779 -8.46108              0.0108411 0.299042 0.00575897
0.24              0.744084 -0.138291 26.1544              -0.0211727 -0.954943 -0.00516506
0.25              0.344714 0.0226967 9.73416              -0.0196115 -0.42915 0.000910244
0.26              0.391552 0.114737 14.7296              -0.0372149 -0.700815 0.00432343
0.27              0.555464 0.453591 30.2004              -0.0624779 -1.50345 0.0222006
0.28              0.892805 1.44271 75.0057              -0.0324252 -3.78628 0.0777684
0.29              1.6254 3.45513 218.819              -0.0529016 -10.8539 0.182054
0.3              3.97163 9.7309 674.917              1.59206 -34.5319 0.505289
0.31              9.59693 7.40881 1396.12              4.66486 -76.5696 0.485397
0.32              17.936 6.73628 1805.92              3.12198 -94.4726 0.449065
0.33              29.26 9.28252 1581.26              3.34863 -74.9951 0.537847
0.34              37.8707 8.63839 1068.93              3.0257 -45.5511 0.477761
0.35              40.9509 6.54446 800.231              2.70251 -32.5099 0.390105
0.36              43.2137 4.60403 742.72              2.23232 -30.195 0.313255
0.37              49.3349 3.61756 765.087              1.95444 -32.0878 0.24367
0.38              54.7334 2.93171 763.65              1.67678 -33.2053 0.17517
0.39              57.9464 2.68639 753.988              1.59375 -33.3683 0.156694
0.4              61.6155 2.32196 771.779              1.51176 -34.32 0.143299
0.41              63.4771 2.24633 771.45              1.4674 -34.7734 0.0889094
0.42              65.8811 1.86826 766.404              1.33415 -33.9512 0.0324433
0.43              64.5071 1.63639 785.644              1.2214 -33.7277 0.00596314
0.44              64.7998 1.39915 799.881              1.05962 -33.1209 -0.0349003
0.45              63.5883 0.731102 802.195              0.725656 -31.3319 -0.101802
0.46              59.5965 0.708048 815.799              0.743249 -29.1504 -0.167758
0.47              54.8583 0.780111 878.657              0.760459 -26.4782 -0.20155
0.48              50.7457 0.554508 821.256              0.644259 -22.7243 -0.205402
0.49              42.7772 0.421742 875.556              0.600048 -17.92 -0.221775
0.5              34.9925 0.166597 905.119              0.45586 -12.568 -0.200494
0.51              25.1971 -0.0854512 928.314              0.321204 -5.84893 -0.184815
0.52              16.9815 0.581153 936.147              0.69603 0.533395 -0.218128
0.53              10.2064 0.665732 935.029              0.773117 6.15368 -0.186157
0.54              2.09454 -0.261016 944.494              0.207775 12.3802 -0.135623
0.55              -6.13272 -0.0386531 964.516              0.328242 18.833 -0.110848
0.56              -11.647 -1.94331 955.235              -0.948492 23.4945 -0.0731196
0.57              -20.8086 -0.62338 1035.36              -0.167231 30.9719 -0.0355169
0.58              -21.1329 -1.3222 978.767              -0.647709 32.071 -0.049687
0.59              -23.5268 -1.44274 963.904              -0.769288 34.1004 -0.0049722
0.6              -23.8228 -2.18524 977.19              -1.32724 34.985 0.0393114
0.61              -26.3443 -1.87491 999.78              -1.14476 36.9707 0.0459802
0.62              -27.989 -1.92741 976.403              -1.25103 37.0659 0.10764
0.63              -25.9165 -2.78485 976.185              -1.84027 35.6755 0.111664
0.64              -25.101 -2.3226 987.139              -1.55988 35.004 0.105991
0.65              -23.4526 -2.36693 953.456              -1.61344 32.5684 0.107468
0.66              -22.5903 -2.23443 953.46              -1.52295 31.2009 0.114209
0.67              -21.7043 -2.3412 955.869              -1.60696 29.8813 0.11525
0.68              -20.4227 -1.35862 942.881              -0.882395 28.136 0.110043
0.69              -19.3923 -1.57941 939.343              -1.03685 26.7078 0.0866823
0.7              -20.2391 -1.47292 937.113              -0.953512 26.2461 0.106108
0.71              -21.5602 -1.25865 949.031              -0.767945 26.582 0.0932731
0.72              -22.0041 -0.838303 951.545              -0.473327 26.1149 0.0857374
0.73              -22.4892 -0.524117 929.312              -0.232172 25.0107 0.0911336
0.74              -18.6421 0.212868 899.887              0.299403 21.9392 0.0559174
0.75              -19.8105 0.310015 909.191              0.372386 21.5401 0.0932029
0.76              -17.3373 0.409715 894.174              0.486697 19.4055 0.0801706
0.77              -12.4488 0.702336 858.31              0.663051 15.6088 0.068852
0.78              -9.59132 2.38364 829.578              1.70367 13.047 -0.000752303
0.79              -10.0363 2.35783 853.944              1.74567 12.7718 0.0640301
0.8              -7.79576 0.394939 809.801              0.418277 10.4217 0.0457281
0.81              -4.40866 1.44243 782.42              1.0906 8.03044 0.0336345
0.82              1.05939 0.90541 701.686              0.739109 4.16414 0.0691554
0.83              1.74637 2.0212 729.979              1.36285 4.05455 0.0806858
0.84              0.672147 1.99038 702.172              1.3683 3.75469 0.0424522
0.85              -0.760388 1.49382 686.763              1.04595 3.96856 0.0689309
0.86              0.85998 1.35407 638.652              0.912597 2.75942 0.0712406
0.87              -1.79986 1.10147 650.616              0.7499 3.63061 0.088003
0.88              2.67462 1.34407 577.213              0.838421 1.88094 0.0967289
0.89              -3.30559 1.03439 604.312              0.647146 3.51319 0.102993
0.9              -3.52152 1.05453 572.926              0.611867 3.58636 0.0995261
0.91              -3.91291 0.968014 536.724              0.505928 3.50515 0.108755
0.92              -5.03999 0.524685 519.739              0.305094 3.92422 0.113997
0.93              -5.83034 0.523557 483.056              0.238493 4.2212 0.103855
0.94              -7.98675 0.589205 463.015              0.23828 4.95067 0.0804247
0.95              -10.3824 0.611681 447.749              0.241075 6.24767 0.0774613
0.96              -10.9756 0.637885 397.704              0.23213 7.14861 0.0745201
0.97              -13.0116 0.63518 390.349              0.218495 8.5183 0.0976258
0.98              -13.4002 0.475479 349.198              0.123071 9.52427 0.0888966
0.99              -12.4383 0.310245 314.204              0.0168964 10.4995 0.078999
1              -12.6168 0.157503 306.929              -0.060986 11.2687 0.0664641
1.01              -10.8921 -0.0244156 257.678              -0.137744 10.5286 0.0412492
1.02              -11.1424 -0.135965 253.397              -0.213778 10.5321 0.0200168
1.03              -9.90395 -0.325788 220.097              -0.272994 9.79525 0.0178068
1.04              -8.92609 -0.301833 196.991              -0.268857 8.8511 0.0113417
1.05              -9.70696 -0.263304 220.127              -0.300163 8.76688 0.00769884
1.06              -6.07718 -0.340952 134.371              -0.216823 6.23588 0.0200966
1.07              -7.29037 -0.43936 163.456              -0.271517 5.69866 0.0184692
1.08              -7.27584 -0.390256 171.476              -0.218347 4.60827 0.0102931
1.09              -5.31561 -0.208389 134.289              -0.123609 3.51559 -0.00461583
1.1              -5.34799 -0.307346 150.891              -0.136637 2.39183 -0.00709746
1.11              -5.59044 -0.425096 183.184              -0.183768 0.835125 -0.00470985
1.12              -2.49915 -0.303045 113.306              -0.138038 0.285514 -0.00570706
1.13              -2.37844 -0.407122 128.421              -0.167101 -0.924355 -0.0082187
1.14              -2.57402 -0.569219 161.147              -0.225838 -2.95053 -0.00459871
1.15              -1.93598 -0.752714 173.835              -0.289489 -4.57998 -0.019811
1.16              -1.38121 -0.65774 197.199              -0.331814 -6.49812 -0.035466
1.17              -0.206138 -0.615857 213.251              -0.352985 -8.0937 -0.0630651
1.18              1.35356 -0.474778 199.647              -0.285782 -8.4946 -0.0559394
1.19              2.59797 -0.501163 201.793              -0.283986 -9.40855 -0.0615454
1.2              3.60883 -0.685438 215.487              -0.319228 -10.8801 -0.0605956
1.21              4.67187 -0.741235 230.831              -0.345965 -12.2515 -0.0619285
1.22              5.77032 -0.987698 239.545              -0.43282 -13.1917 -0.0731678
1.23              6.86855 -1.10349 244.882              -0.477495 -13.8422 -0.0667207
1.24              7.82923 -1.02734 256.342              -0.447497 -14.7337 -0.0623721
1.25              8.86431 -0.822298 265.522              -0.374485 -15.3628 -0.0715768
1.26              9.73766 -0.572487 273.475              -0.321054 -15.9115 -0.0717513
1.27              10.2341 -0.571917 286.064              -0.31504 -16.5773 -0.0722966
1.28              10.7645 -0.465057 308.522              -0.276669 -17.7021 -0.0669356
1.29              11.7822 -0.25966 335.465              -0.277936 -18.9692 -0.0527111
1.3              12.4924 -0.277773 336.538              -0.227309 -18.7744 -0.0429181
1.31              12.896 -0.431585 326.504              -0.214109 -18.0807 -0.0466149
1.32              13.1482 -0.365704 339.772              -0.237361 -18.7032 -0.032893
1.33              13.7558 -0.278706 367.726              -0.208776 -19.9264 -0.0345991
1.34              14.444 0.0660871 403.15              -0.173162 -21.3758 -0.0568888
1.35              14.5941 0.0384776 396.433              -0.146312 -20.5664 -0.0701126
1.36              14.6845 0.0035594 398.539              -0.122529 -20.238 -0.0638317
1.37              14.8816 -0.0249941 416.967              -0.123924 -20.7128 -0.0595853
1.38              15.4522 0.0384981 457.431              -0.155907 -22.1105 -0.0415898
1.39              15.6871 -0.297525 454.61              -0.233581 -21.4638 -0.0269982
1.4              15.7237 -0.470368 458.24              -0.3018 -20.985 -0.0307878
1.41              17.1116 -0.256774 482.798              -0.270742 -21.336 -0.0224612
1.42              16.5362 -0.18884 506.718              -0.223663 -21.7601 -0.0267049
1.43              16.4337 0.0295899 496.663              -0.136359 -20.4306 -0.0360084
1.44              16.6175 0.0290434 517.643              -0.1182 -20.3231 -0.0492876
1.45              16.5488 0.125724 545.989              -0.098787 -20.2935 -0.0405481
1.46              15.4669 0.0669797 552.304              -0.111095 -19.6325 -0.0485299
1.47              15.8929 0.202641 551.636              -0.0582915 -18.4511 -0.0429734
1.48              16.38 0.313295 574.222              -0.00696928 -18.1571 -0.055677
1.49              16.3358 0.315156 591.006              -0.0169307 -17.6395 -0.0594866
1.5              15.8755 0.0587472 600.561              -0.119939 -16.9102 -0.0488659
1.51              15.4109 0.277028 607.433              -0.0241988 -16.0093 -0.057198
1.52              16.5617 0.384908 614.065              0.0424203 -15.0229 -0.0802459
1.53              16.1448 0.512415 623.948              0.11454 -14.0172 -0.0908826
1.54              15.469 0.836176 648.312              0.30546 -13.2863 -0.130188
1.55              15.5498 0.979242 666.29              0.409469 -12.2902 -0.154582
1.56              15.503 1.48566 637.671              0.687254 -10.773 -0.158793
1.57              14.8958 1.41262 668.404              0.650353 -9.93128 -0.147288
1.58              14.6365 0.978684 681.236              0.450031 -8.87188 -0.137346
1.59              13.9447 0.652333 668.114              0.288588 -7.34995 -0.118255
1.6              13.426 0.688959 673.898              0.27682 -6.13895 -0.0978828
1.61              12.7189 0.941444 692.139              0.411807 -4.84851 -0.0927787
1.62              11.2788 0.666561 702.384              0.254681 -3.33845 -0.0587743
1.63              11.1324 0.232455 704.045              0.0362526 -1.99113 -0.0276481
1.64              10.7329 -0.190202 698.682              -0.215782 -0.78637 -0.0240742
1.65              8.97845 -0.199866 712.006              -0.243127 0.779147 -0.0108516
1.66              8.06348 -0.308483 717.109              -0.319955 2.16994 -0.00133201
1.67              7.82568 -0.0787482 711.208              -0.191732 3.10241 -0.0221905
1.68              6.82332 -0.256394 710.442              -0.28031 4.33057 -0.00367578
1.69              5.80348 -0.274295 716.699              -0.286942 5.57486 -0.00429146
1.7              5.0721 -0.280455 719.293              -0.293525 6.78528 -0.00642848
1.71              4.4214 -0.317325 710.61              -0.308277 7.60074 -0.0140418
1.72              3.51907 -0.494575 711.532              -0.402151 8.63012 -0.00612272
1.73              2.75611 -0.494699 717.645              -0.409259 9.73901 -0.000809225
1.74              2.22974 -0.410263 712.813              -0.360009 10.512 -0.00102199
1.75              1.73428 -0.633596 714.448              -0.4704 11.4135 0.0135432
1.76              0.885428 -0.569521 696.003              -0.424465 11.891 0.0275584
1.77              -0.245131 -0.4058 699.465              -0.3284 12.9116 0.0340576
1.78              -1.20531 -0.403888 700.32              -0.322579 13.7855 0.0438893
1.79              -2.27402 -0.37942 691.217              -0.29726 14.4715 0.0535864
1.8              -2.82813 -0.414596 688.281              -0.29737 15.0852 0.0614918
1.81              -4.01885 -0.212769 683.871              -0.172252 15.8163 0.0663591
1.82              -3.58084 -0.161898 672.31              -0.125099 15.8856 0.0650785
1.83              -5.37841 -0.0174193 673.334              -0.0408099 16.8591 0.0733079
1.84              -6.35044 -0.0229692 665.486              -0.00789678 17.2555 0.0757197
1.85              -6.67252 0.035641 652.909              0.0394706 17.3329 0.0724498
1.86              -7.43594 0.227961 644.941              0.163971 17.5876 0.0655801
1.87              -6.42811 0.0680742 623.233              0.0917711 16.9306 0.0708131
1.88              -8.02493 0.208468 622.899              0.185712 17.383 0.0720622
1.89              -8.0045 0.276477 610.967              0.236631 17.1408 0.06333
1.9              -8.47777 0.297462 599.345              0.264692 17.017 0.0610494
1.91              -7.69735 0.35032 581.687              0.291969 16.2395 0.0568949
1.92              -9.67842 0.359416 586.034              0.317297 16.7866 0.0582259
1.93              -9.54351 0.42486 569.839              0.3663 16.2123 0.0548456
1.94              -10.6289 0.550185 562.054              0.422501 16.0704 0.0493954
1.95              -8.51103 0.339339 529.156              0.326846 14.6478 0.0579136
1.96              -10.5075 0.401402 534.744              0.378677 14.9356 0.0545588
1.97              -11.3521 0.435832 528.896              0.409004 14.7371 0.0514678
1.98              -11.5133 0.43763 515.963              0.416058 14.2543 0.0472294
1.99              -11.1645 0.409781 495.582              0.406122 13.3369 0.0428576
2              -11.1903 0.447402 481.267              0.416272 12.547 0.0409565
2.01              -11.9226 0.304467 481.901              0.369534 12.4119 0.0483847
2.02              -12.1386 0.332778 474.036              0.383173 11.8407 0.0453477
2.03              -12.1209 0.29641 462.733              0.375656 11.1104 0.042689
2.04              -11.133 0.245268 442.893              0.357509 10.0315 0.0426381
2.05              -11.2297 0.248328 438.374              0.362216 9.39512 0.0403349
2.06              -11.6758 0.294369 442.646              0.393819 8.99187 0.0416298
2.07              -11.2029 0.348621 433.088              0.413944 8.17534 0.033297
2.08              -10.8058 0.309867 426.061              0.407075 7.38568 0.0319937
2.09              -9.94708 0.283819 413.597              0.386 6.3806 0.0296905
2.1              -9.74659 0.246538 412.631              0.395111 5.64479 0.0301116
2.11              -9.38666 0.256506 414.587              0.390962 4.93239 0.0285695
2.12              -8.51358 0.215167 405.461              0.373257 3.97536 0.0247839
2.13              -7.94417 0.188363 402.141              0.3689 3.16668 0.0245882
2.14              -7.16317 0.238813 397.26              0.378801 2.20926 0.0171861
2.15              -6.48404 0.16031 395.025              0.359214 1.35758 0.0192086
2.16              -6.08797 0.207137 401.954              0.383581 0.534476 0.0147953
2.17              -5.35315 0.201752 400.949              0.380218 -0.35741 0.0123953
2.18              -4.4776 0.157042 396.618              0.365441 -1.20804 0.0107892
2.19              -3.88534 0.19148 399.637              0.373686 -2.07106 0.00804979
2.2              -3.15414 0.180615 399.86              0.374308 -2.92222 0.00298566
2.21              -2.38607 0.177264 402.885              0.366749 -3.80516 0.000430991
2.22              -1.5734 0.139774 399.449              0.352344 -4.57899 -0.0026409
2.23              -0.905924 0.149747 403.182              0.351157 -5.41136 -0.00802022
2.24              -0.18373 0.119038 404.718              0.34067 -6.18633 -0.0108237
2.25              0.485867 0.11507 407.56              0.336994 -6.95964 -0.0129765
2.26              1.1753 0.108384 412.414              0.332628 -7.71803 -0.0169616
2.27              1.81033 0.103163 416.618              0.328262 -8.43155 -0.0203209
2.28              2.45436 0.0962953 419.503              0.322561 -9.08619 -0.0244902
2.29              3.11896 0.100458 426.332              0.320675 -9.79998 -0.0291623
2.3              3.72555 0.100096 427.089              0.314495 -10.3481 -0.0313823
2.31              4.30818 0.099245 434.221              0.312134 -11.0032 -0.0345489
2.32              4.84901 0.0926294 438.354              0.305714 -11.5416 -0.0385381
2.33              5.37632 0.0761526 440.823              0.292793 -11.9903 -0.0413945
2.34              5.88258 0.0915532 447.45              0.29333 -12.5175 -0.0435771
2.35              6.37791 0.0592938 451.455              0.276509 -12.9509 -0.0463852
2.36              6.89476 0.0601576 458.2              0.270081 -13.3771 -0.0476229
2.37              7.25618 0.0357495 460.308              0.25021 -13.6175 -0.0514432
2.38              7.69055 0.0586161 468.962              0.253752 -14.0276 -0.0523585
2.39              8.03742 0.0421282 471.035              0.233076 -14.1761 -0.0545371
2.4              8.49793 0.0730693 477.889              0.240246 -14.4299 -0.0545119
2.41              8.81066 0.0308116 485.603              0.21261 -14.6755 -0.0563912
2.42              9.12809 0.0277412 487.526              0.201915 -14.6714 -0.0561383
2.43              9.51001 0.0759493 494.859              0.206947 -14.8019 -0.0549371
2.44              9.96295 0.0714035 505.637              0.198589 -14.9995 -0.0542454
2.45              10.1291 0.122704 507.138              0.205504 -14.9108 -0.0539639
2.46              10.4364 0.0838554 513.189              0.182257 -14.8709 -0.0522599
2.47              10.7095 0.116154 521.76              0.1826 -14.9061 -0.0502487
2.48              10.8847 0.125453 521.004              0.172849 -14.6416 -0.0507764
2.49              10.9436 0.138263 521.1              0.162726 -14.3847 -0.0450105
2.5              11.095 0.229526 534.718              0.183492 -14.3865 -0.0455979
2.51              11.2149 0.119036 542.044              0.132642 -14.202 -0.0427968
2.52              11.5026 0.180957 542.465              0.142021 -13.7971 -0.0405571
2.53              11.4266 0.0452953 549.911              0.0828401 -13.5543 -0.0425448
2.54              11.793 0.181568 552.413              0.108908 -13.0936 -0.0350592
2.55              11.5422 0.239902 556.437              0.118923 -12.696 -0.0305672
2.56              11.5261 0.278555 547.035              0.119889 -12.0604 -0.0281929
2.57              11.6262 0.320652 557.458              0.120989 -11.7019 -0.0289227
2.58              11.3936 0.216806 564.056              0.0632439 -11.2695 -0.0235351
2.59              11.1827 0.180015 572.731              0.0332027 -10.7317 -0.0238208
2.6              11.2407 0.243719 567.586              0.042 -10.0625 -0.0207963
2.61              11.1716 0.26562 572.474              0.0307188 -9.49657 -0.0186506
2.62              10.6918 0.305411 573.219              0.0276034 -8.81601 -0.0177688
2.63              10.5414 0.200107 575.621              -0.0371862 -8.1502 -0.0109714
2.64              10.3153 0.219892 578.511              -0.0367133 -7.53327 -0.00863894
2.65              9.93194 0.266073 575.045              -0.0326985 -6.78462 -0.00620551
2.66              9.79097 0.182857 583.477              -0.088789 -6.09588 0.000117034
2.67              9.18065 0.339081 583.38              -0.0308111 -5.3519 -0.00214203
2.68              8.76321 0.21017 584.069              -0.105687 -4.58385 7.75592e-05
2.69              8.42594 0.231039 582.274              -0.115424 -3.83682 0.00530919
2.7              8.00269 0.227938 584.816              -0.135534 -3.07185 0.00762857
2.71              7.45662 0.220301 587.348              -0.155814 -2.26813 0.00855448
2.72              6.96312 0.194752 585.543              -0.181008 -1.5041 0.010632
2.73              6.38225 0.159194 585.743              -0.210821 -0.70936 0.0148879
2.74              5.71693 0.0893363 581.123              -0.255554 0.0657884 0.0179533
2.75              5.08665 0.138298 585.738              -0.249752 0.902535 0.0184846
2.76              4.60797 0.104339 581.239              -0.277988 1.62803 0.0185809
2.77              3.92896 0.131475 585.035              -0.282494 2.47015 0.0186824
2.78              3.22232 0.0803588 575.892              -0.312024 3.15259 0.0219896
2.79              2.40025 0.0126765 577.37              -0.355624 3.97715 0.021848
2.8              1.82063 0.00921873 571.683              -0.36756 4.69405 0.0244924
2.81              1.2514 -0.0158733 570.038              -0.392824 5.42321 0.02651
2.82              0.174886 -0.0571041 573.148              -0.419857 6.23979 0.0276349
2.83              -0.412238 -0.0622488 569.448              -0.432073 6.89568 0.0280749
2.84              -1.24374 -0.121513 566.839              -0.464271 7.56894 0.0285225
2.85              -1.93863 -0.13038 563.834              -0.476072 8.20203 0.0288719
2.86              -2.71426 -0.236791 560.823              -0.524903 8.78512 0.0312383
2.87              -3.38117 -0.198843 559.924              -0.519576 9.38867 0.0299515
2.88              -4.03887 -0.187258 556.818              -0.515449 9.90813 0.0271291
2.89              -4.69089 -0.239897 552.875              -0.536756 10.3398 0.0311945
2.9              -5.25608 -0.220768 549.841              -0.534412 10.7818 0.0303145
2.91              -5.62767 -0.274464 545.145              -0.55121 11.1474 0.0334225
2.92              -6.19809 -0.343226 541.992              -0.573473 11.4961 0.0350954
2.93              -6.71585 -0.34125 539.068              -0.576501 11.8025 0.0335141
2.94              -6.49451 -0.300477 529.918              -0.560704 11.8335 0.0324284
2.95              -7.53569 -0.381356 530.778              -0.587874 12.2179 0.0316935
2.96              -7.94147 -0.369439 528.678              -0.575218 12.3953 0.0315597
2.97              -8.1408 -0.402556 522.703              -0.57516 12.4082 0.0337501
2.98              -8.79657 -0.39163 522.449              -0.561496 12.5802 0.0306417
2.99              -8.90229 -0.363283 516.502              -0.542657 12.5 0.0252708
3              -9.14004 -0.386125 514.957              -0.538475 12.5421 0.025596
3.01              -9.0296 -0.460437 508.69              -0.547902 12.3035 0.0270525
3.02              -9.35027 -0.363666 508.169              -0.50547 12.3348 0.0217872
3.03              -8.95342 -0.335838 501.006              -0.48594 12.0091 0.0178959
3.04              -9.45425 -0.398528 501.591              -0.487831 11.9424 0.0208848
3.05              -9.65264 -0.413058 498.53              -0.474956 11.7294 0.016801
3.06              -9.69827 -0.397966 495.656              -0.450965 11.4162 0.0173023
3.07              -9.51995 -0.409243 494.547              -0.447119 11.2004 0.0161192
3.08              -9.44036 -0.372703 492.027              -0.412121 10.8452 0.0150041
3.09              -8.68465 -0.376194 482.101              -0.389365 10.1721 0.0146974
3.1              -9.0433 -0.38901 485.344              -0.377534 9.97797 0.0137516
3.11              -8.89817 -0.342723 484.723              -0.341649 9.5965 0.00973362
3.12              -8.73081 -0.329838 482.462              -0.316907 9.15157 0.00729213
3.13              -8.52041 -0.312155 481.241              -0.293873 8.69136 0.00587153
3.14              -8.64113 -0.32729 482.924              -0.27128 8.30483 0.00589554
3.15              -8.39244 -0.308909 482.351              -0.244231 7.81004 0.00397886
3.16              -7.97563 -0.288344 479.821              -0.215842 7.23704 0.00326165
3.17              -7.55249 -0.277482 477.336              -0.19029 6.64617 0.00169206
3.18              -7.49784 -0.244031 480.503              -0.152207 6.12211 -0.000724026
3.19              -6.98214 -0.259438 479.191              -0.135937 5.54234 -0.00104159
3.2              -6.63076 -0.228749 479.147              -0.105235 4.96196 -0.0027629
3.21              -6.04981 -0.207769 476.735              -0.0744361 4.30435 -0.00512277
3.22              -5.86172 -0.183033 480.363              -0.0420991 3.7429 -0.00715109
3.23              -5.49639 -0.150919 479.063              -0.00860809 3.11546 -0.0107916
3.24              -5.02476 -0.140173 480.975              0.0184655 2.52335 -0.00910383
3.25              -4.61448 -0.116942 482.031              0.0487972 1.91973 -0.0110927
3.26              -4.22855 -0.10585 483.982              0.0750913 1.31758 -0.0139053
3.27              -3.785 -0.0693656 484.578              0.108482 0.701311 -0.015974
3.28              -3.26432 -0.0609177 485.395              0.13083 0.0954935 -0.0177322
3.29              -2.87988 -0.0462934 488.297              0.157599 -0.51995 -0.0194737
3.3              -2.40184 -0.0451052 486.575              0.178663 -1.1145 -0.0196483
3.31              -1.98629 -0.0201927 489.175              0.207457 -1.70282 -0.0215334
3.32              -1.5001 0.0113991 492.907              0.239239 -2.3004 -0.0236411
3.33              -1.03591 0.0473923 494.243              0.270295 -2.8726 -0.0249358
3.34              -0.539302 0.0174656 492.922              0.276783 -3.39146 -0.0254483
3.35              -0.158007 0.0664317 497.822              0.314057 -3.97335 -0.0281978
3.36              0.323308 0.0865712 500.948              0.338176 -4.51205 -0.0294604
3.37              0.839393 0.101983 501.031              0.358918 -4.99551 -0.0312957
3.38              1.24639 0.120242 500.627              0.38046 -5.4541 -0.0332081
3.39              1.64003 0.138633 504.004              0.403907 -5.93705 -0.0333272
3.4              2.02155 0.139517 506.535              0.418902 -6.38238 -0.0333944
3.41              2.29444 0.164233 510.946              0.446858 -6.82092 -0.0333258
3.42              2.81439 0.18825 510.62              0.461906 -7.17789 -0.0334691
3.43              3.12208 0.194047 513.036              0.476428 -7.54583 -0.0334306
3.44              3.50974 0.23391 514.659              0.500885 -7.87515 -0.0310838
3.45              3.66211 0.271982 519.568              0.527088 -8.21329 -0.0325485
3.46              4.13678 0.274272 517.169              0.536132 -8.43216 -0.0307548
3.47              4.14956 0.263894 524.441              0.552143 -8.76571 -0.029589
3.48              4.70768 0.287527 521.997              0.558159 -8.91893 -0.0280479
3.49              4.94389 0.288295 522.526              0.5613 -9.0998 -0.0262554
3.5              5.17967 0.326827 525.885              0.584412 -9.29553 -0.0249709
3.51              5.39958 0.354201 528.581              0.599663 -9.45755 -0.0241495
3.52              5.57504 0.293461 530.158              0.583707 -9.56987 -0.023761
3.53              5.92179 0.335915 531.206              0.594947 -9.61419 -0.0197474
3.54              6.07569 0.351364 534.137              0.604762 -9.73271 -0.0204406
3.55              6.2863 0.386596 532.167              0.613946 -9.70098 -0.0187754
3.56              6.47652 0.401984 533.724              0.619975 -9.71158 -0.0171276
3.57              6.62035 0.371652 536.994              0.605614 -9.72714 -0.0156841
3.58              6.76538 0.382546 538.594              0.60625 -9.68463 -0.0141293
3.59              6.93607 0.411925 539.052              0.611165 -9.60073 -0.0124767
3.6              7.06188 0.399644 542.054              0.602691 -9.49169 -0.011629
3.61              7.2165 0.400407 542.319              0.594394 -9.39143 -0.0094925
3.62              7.22027 0.414039 541.316              0.591481 -9.21603 -0.00688302
3.63              7.38565 0.41064 539.834              0.577568 -9.00242 -0.0052035
3.64              7.41427 0.395571 542.732              0.564626 -8.83557 -0.0051053
3.65              7.47524 0.41652 543.666              0.562174 -8.60359 -0.00244122
3.66              7.4308 0.415923 544.209              0.549117 -8.33533 0.000395815
3.67              7.51116 0.419588 543.834              0.535815 -8.04148 0.00282147
3.68              7.35439 0.446237 545.207              0.537475 -7.75244 0.00253016
3.69              7.18711 0.419183 544.806              0.512055 -7.39528 0.00626295
3.7              7.14639 0.401201 543.676              0.487304 -7.0254 0.00756967
3.71              7.01663 0.406645 543.388              0.473677 -6.63878 0.0103987
3.72              6.8055 0.40679 544.615              0.458973 -6.24476 0.0108092
3.73              6.71783 0.380261 541.86              0.426788 -5.77856 0.0121719
3.74              6.37908 0.350529 545.029              0.399973 -5.3774 0.0120521
3.75              6.20944 0.368789 544.034              0.387798 -4.94468 0.0145216
3.76              5.92984 0.34536 543.019              0.357363 -4.43509 0.0145949
3.77              5.67021 0.334007 542.549              0.33449 -3.97273 0.0136306
3.78              5.34235 0.344177 541.554              0.317579 -3.46864 0.0153396
3.79              4.90808 0.330074 543.096              0.292033 -2.98064 0.0134917
3.8              4.73489 0.284248 540.159              0.24654 -2.45787 0.0155799
3.81              4.2709 0.258302 539.728              0.216462 -1.93812 0.0152424
3.82              4.0486 0.231839 537.597              0.183246 -1.41311 0.0148331
3.83              3.68819 0.245281 536.363              0.166921 -0.891241 0.0139975
3.84              3.29454 0.231219 535.582              0.13997 -0.367405 0.0151006
3.85              2.84176 0.218413 535.162              0.114202 0.158602 0.0145463
3.86              2.47693 0.202216 533.599              0.0858034 0.672865 0.0156184
3.87              2.10928 0.179476 531.449              0.0538515 1.19027 0.0146404
3.88              1.56836 0.135691 531.39              0.017009 1.7026 0.0148813
3.89              1.02788 0.118758 530.96              -0.0116091 2.22343 0.0141631
3.9              0.933604 0.11529 526.561              -0.0356913 2.679 0.0146345
3.91              0.265239 0.0698137 527.235              -0.0746394 3.18865 0.0123538
3.92              -0.0831044 0.0308168 524.338              -0.108222 3.63034 0.0140979
3.93              -0.578753 0.0170671 523.911              -0.136554 4.11683 0.0115632
3.94              -0.950633 0.0133508 521.592              -0.158696 4.55173 0.0128021
3.95              -1.42821 -0.0334498 520.65              -0.195324 4.9762 0.0110632
3.96              -1.86311 -0.057869 519.384              -0.223751 5.37683 0.0106621
3.97              -2.25834 -0.0558379 517.419              -0.241111 5.74446 0.00662247
3.98              -2.58466 -0.106256 516.246              -0.279301 6.0992 0.00781189
3.99              -3.05663 -0.135222 515.328              -0.305893 6.42962 0.00702149
4              -3.39012 -0.157343 513.878              -0.332118 6.73257 0.00454874
4.01              -3.81635 -0.197578 513.457              -0.36108 7.02046 0.00341687
4.02              -4.11243 -0.211431 511.847              -0.385375 7.25979 0.00357204
4.03              -4.35104 -0.205917 510.559              -0.395489 7.48593 0.00120119
4.04              -4.75912 -0.231447 508.91              -0.415313 7.63219 -0.000432574
4.05              -4.83729 -0.249265 508.175              -0.433869 7.81487 -0.000807401
4.06              -5.28548 -0.283195 509.358              -0.458727 8.00591 -0.00176431
4.07              -5.42222 -0.282308 507.57              -0.466408 8.10032 -0.00279314
4.08              -5.56452 -0.294383 506.258              -0.48049 8.17112 -0.00383145
4.09              -5.68541 -0.28478 505.339              -0.487033 8.22359 -0.00464662
4.1              -5.95374 -0.352349 505.533              -0.514537 8.26367 -0.00335493
4.11              -5.87703 -0.33384 503.195              -0.513725 8.2281 -0.0046422
4.12              -6.13373 -0.337816 504.578              -0.520113 8.23413 -0.00570863
4.13              -6.24106 -0.347744 504.459              -0.52811 8.18685 -0.00620302
4.14              -6.2469 -0.347834 503.435              -0.531096 8.09618 -0.00710168
4.15              -6.30031 -0.349125 503.45              -0.533047 7.99764 -0.00797731
4.16              -6.36113 -0.314987 503.599              -0.521745 7.87114 -0.0109345
4.17              -6.32823 -0.378875 503.565              -0.546619 7.72089 -0.00750526
4.18              -6.30866 -0.383032 503.707              -0.547668 7.5445 -0.00767721
4.19              -6.23883 -0.35389 503.741              -0.535243 7.33856 -0.00917829
4.2              -6.1849 -0.382479 504.237              -0.54193 7.1206 -0.00848683
4.21              -6.12912 -0.384182 504.032              -0.53929 6.87481 -0.00831618
4.22              -5.96339 -0.379334 504.611              -0.533956 6.61141 -0.00848766
4.23              -5.83399 -0.386649 505.107              -0.532083 6.33266 -0.0079215
4.24              -5.68899 -0.372627 505.799              -0.521285 6.04081 -0.00773842
4.25              -5.59504 -0.370868 507.019              -0.513186 5.7355 -0.00748689
4.26              -5.38031 -0.366064 506.44              -0.503336 5.40212 -0.00677913
4.27              -5.2402 -0.361075 508.072              -0.493056 5.07561 -0.00634599
4.28              -5.03789 -0.354516 508.238              -0.481617 4.72676 -0.00657218
4.29              -4.82192 -0.350335 508.872              -0.469937 4.37007 -0.00696347
4.3              -4.64495 -0.344367 510.68              -0.458192 4.00321 -0.00592459
4.31              -4.41841 -0.342998 511.744              -0.446435 3.62324 -0.00489033
4.32              -4.11833 -0.328607 511.306              -0.426704 3.22959 -0.00393299
4.33              -3.86301 -0.302775 512.288              -0.407211 2.83158 -0.00379212
4.34              -3.5168 -0.329252 511.014              -0.403562 2.42603 -0.00336834
4.35              -3.30387 -0.284649 512.987              -0.372577 2.02425 -0.00301585
4.36              -3.05566 -0.251399 514.989              -0.346623 1.61417 -0.00250389
4.37              -2.74889 -0.232989 516.36              -0.324049 1.19953 -0.00187499
4.38              -2.40668 -0.203758 515.125              -0.297934 0.793225 -0.00185521
4.39              -2.11584 -0.23788 516.506              -0.297894 0.370547 -0.000843202
4.4              -1.84735 -0.201179 518.961              -0.268417 -0.0504277 -0.000565279
4.41              -1.50804 -0.185482 518.514              -0.246653 -0.449521 -0.000745823
4.42              -1.17538 -0.17279 518.737              -0.22646 -0.84401 0.000113515
4.43              -0.923147 -0.16602 521.213              -0.208304 -1.24549 0.000167461
4.44              -0.591096 -0.143894 521.572              -0.18442 -1.62973 0.000205883
4.45              -0.290646 -0.17995 521.202              -0.182759 -1.99364 0.00352813
4.46              -0.0581597 -0.130976 521.471              -0.147532 -2.35135 0.0041309
4.47              0.232008 -0.11965 523.633              -0.127304 -2.72233 0.00344755
4.48              0.414087 -0.0791981 524.563              -0.0932706 -3.0617 0.00335767
4.49              0.826852 -0.121138 524.847              -0.0966106 -3.39858 0.00563177
4.5              1.12163 -0.0725526 525.182              -0.0639217 -3.71616 0.00513647
4.51              1.31317 -0.0518002 526.573              -0.0374484 -4.02717 0.00519624
4.52              1.62191 -0.0405295 526.384              -0.0203627 -4.31072 0.00607224
4.53              1.83586 -0.0427355 527.125              -0.00448503 -4.58481 0.00625127
4.54              2.11201 -0.0268368 527.466              0.0133284 -4.84277 0.00607329
4.55              2.35866 -0.0434728 527.593              0.0202066 -5.07958 0.00729546
4.56              2.57182 -0.0138445 528.66              0.0447275 -5.31874 0.00632111
4.57              2.77957 0.0182301 528.617              0.0711798 -5.51564 0.00699624
4.58              2.99834 0.00196593 528.344              0.0769909 -5.70295 0.00552368
4.59              3.21759 0.00222533 527.593              0.0898091 -5.86287 0.0055161
4.6              3.38559 0.0282655 529.302              0.112959 -6.03877 0.00588356
4.61              3.57332 0.0430016 529.085              0.13056 -6.16762 0.00531608
4.62              3.75442 0.0363985 529.193              0.139192 -6.28551 0.00454012
4.63              3.91244 0.04799 529.516              0.154482 -6.38728 0.004077
4.64              4.07099 0.0708666 529.693              0.174262 -6.47127 0.00414886
4.65              4.21139 0.0815307 529.729              0.188739 -6.53097 0.00375202
4.66              4.34244 0.0949177 529.545              0.203818 -6.56929 0.00320473
4.67              4.45904 0.103811 529.951              0.216449 -6.59893 0.00301159
4.68              4.56521 0.117402 529.929              0.230516 -6.60161 0.00211364
4.69              4.65165 0.134848 529.779              0.245939 -6.58036 0.00201636
4.7              4.72797 0.140241 529.644              0.255305 -6.54123 0.00174553
4.71              4.77758 0.15285 530.133              0.267715 -6.4929 0.000985971
4.72              4.82 0.153944 529.883              0.274898 -6.41136 7.21592e-05
4.73              4.82762 0.161465 529.432              0.283228 -6.30353 -4.26238e-05
4.74              4.83244 0.173498 529.187              0.293618 -6.18034 -0.000810536
4.75              4.81966 0.181735 529.129              0.301482 -6.04148 -0.00166662
4.76              4.83669 0.195261 528.022              0.310897 -5.87421 -0.00178248
4.77              4.78922 0.211181 527.631              0.322353 -5.69482 -0.00191841
4.78              4.71995 0.202823 527.322              0.321349 -5.49862 -0.00270368
4.79              4.64591 0.223853 527.066              0.333006 -5.28924 -0.00294787
4.8              4.55849 0.228016 526.625              0.336516 -5.06356 -0.00257344
4.81              4.50829 0.225717 525.649              0.335648 -4.81444 -0.00219686
4.82              4.38536 0.236743 525.029              0.340945 -4.55445 -0.00208607
4.83              4.26121 0.234864 524.505              0.340714 -4.28148 -0.00326002
4.84              4.09879 0.235592 524.118              0.341444 -3.99652 -0.00328796
4.85              3.91702 0.217154 523.741              0.33269 -3.70093 -0.00394311
4.86              3.73266 0.256719 523.277              0.346769 -3.39056 -0.00316052
4.87              3.56789 0.223314 522.079              0.330933 -3.06411 -0.00201349
4.88              3.42911 0.256848 521.202              0.340056 -2.73462 -0.00176353
4.89              3.28194 0.277716 520.013              0.344839 -2.41177 -0.00178193
4.9              2.87372 0.243234 521.935              0.332963 -2.08486 -0.00108747
4.91              2.70793 0.236601 520.363              0.323749 -1.74248 -0.000344798
4.92              2.4781 0.260346 519.709              0.329907 -1.39615 0.000412716
4.93              2.44712 0.236524 516.152              0.310672 -1.02852 -6.38897e-05
4.94              2.00359 0.232456 518.662              0.307331 -0.682612 0.000623167
4.95              1.81209 0.209534 517.389              0.291495 -0.335637 0.00112222
4.96              1.40273 0.219544 518.639              0.292947 0.00585341 0.00134922
4.97              1.25898 0.187358 516.928              0.274124 0.354152 0.000301334
4.98              0.905299 0.21673 517.542              0.276831 0.695198 0.00139051
4.99              0.653242 0.213132 516.66              0.269776 1.03423 0.000462692
5              0.350251 0.190526 516.755              0.253559 1.36421 0.00130949
5.01              0.137237 0.185052 515.977              0.244102 1.683 0.00156379
5.02              -0.0878719 0.172906 515.29              0.232207 2.0024 0.00180051
5.03              -0.378538 0.174028 515.351              0.225951 2.30995 0.00226684
5.04              -0.605691 0.149552 514.825              0.209369 2.60696 0.00173033
5.05              -0.787793 0.15854 514.005              0.203645 2.8912 0.00175922
5.06              -1.00797 0.135086 513.765              0.186753 3.16632 0.00138064
5.07              -1.14349 0.159274 512.696              0.184525 3.42378 0.00216368
5.08              -1.48384 0.132445 513.456              0.170456 3.67649 0.0014114
5.09              -1.67566 0.119777 513.105              0.157187 3.90759 0.00106346
5.1              -1.95361 0.109283 513.731              0.146401 4.12987 0.000395435
5.11              -2.01405 0.10479 512.235              0.13528 4.32262 -0.000450598
5.12              -2.13175 0.0861283 511.779              0.121107 4.4749 -0.000551636
5.13              -2.50426 0.0822513 513.79              0.11331 4.68876 -0.00108131
5.14              -2.6443 0.0789688 513.322              0.104085 4.84064 -0.00193081
5.15              -2.78742 0.0645676 513.075              0.0911911 4.97851 -0.00241885
5.16              -2.95996 0.0625722 513.449              0.0842419 5.10203 -0.00269412
5.17              -3.07477 0.0577084 513.283              0.0751284 5.20681 -0.00321268
5.18              -3.19397 0.066914 513.382              0.0723358 5.29714 -0.00444613
5.19              -3.32008 0.0457055 513.543              0.0585856 5.37114 -0.00447872
5.2              -3.43078 0.0427031 513.721              0.0502538 5.42529 -0.00529198
5.21              -3.53208 0.0295688 513.952              0.0391206 5.46277 -0.00587765
5.22              -3.59279 0.0187669 513.874              0.0286048 5.48058 -0.00653422
5.23              -3.65035 0.0141624 513.904              0.0210707 5.48232 -0.00738093
5.24              -3.694 0.0129777 513.965              0.0151301 5.46599 -0.00787827
5.25              -3.78471 0.0048338 514.738              0.00739555 5.43818 -0.00828821
5.26              -3.7931 0.0128631 514.732              0.00483476 5.38709 -0.0081917
5.27              -3.81285 0.00267659 514.737              -0.00305658 5.32232 -0.00890405
5.28              -3.85711 0.00130034 515.515              -0.0074683 5.24338 -0.00958654
5.29              -3.8354 -0.00718001 515.397              -0.0153854 5.14518 -0.00931639
5.3              -3.82478 -0.0283262 515.491              -0.0277758 5.03091 -0.00896651
5.31              -3.79624 -0.0212036 515.941              -0.0286998 4.90387 -0.00988981
5.32              -3.78532 -0.0208723 516.667              -0.0315971 4.76397 -0.00974065
5.33              -3.73164 -0.020492 516.879              -0.0352318 4.60868 -0.00988201
5.34              -3.56363 -0.0261231 515.29              -0.0407299 4.42691 -0.00991905
5.35              -3.67332 -0.0438303 518.465              -0.0472612 4.26768 -0.00974189
5.36              -3.55655 -0.0370994 518.389              -0.0495949 4.06251 -0.0100951
5.37              -3.41933 -0.0438411 517.927              -0.0551957 3.85268 -0.0095424
5.38              -3.28114 -0.042215 517.287              -0.0572182 3.63151 -0.00982683
5.39              -3.20798 -0.0602712 519.148              -0.0662999 3.4108 -0.00966244
5.4              -3.14264 -0.0591146 519.501              -0.0678196 3.17373 -0.00968883
5.41              -2.9849 -0.0460561 519.762              -0.0645606 2.92936 -0.00953725
5.42              -2.83817 -0.0700376 519.523              -0.0756935 2.6789 -0.00804678
5.43              -2.69966 -0.0613542 520.087              -0.0736471 2.41959 -0.00747869
5.44              -2.53607 -0.0685494 520.03              -0.0775627 2.15439 -0.00781449
5.45              -2.37521 -0.0734648 520.578              -0.0807955 1.87959 -0.00713411
5.46              -2.12364 -0.0831534 518.225              -0.0854803 1.60695 -0.00746612
5.47              -1.9888 -0.0598138 519.251              -0.0768477 1.33015 -0.00650802
5.48              -1.83639 -0.0716995 519.81              -0.0813063 1.05166 -0.00643778
5.49              -1.79315 -0.0825094 523.076              -0.0860794 0.777246 -0.00536433
5.5              -1.64045 -0.0733481 525.325              -0.0837089 0.488933 -0.00416055
5.51              -1.32021 -0.08661 522.332              -0.0914179 0.213053 -0.00428996
5.52              -1.11655 -0.0736674 522.099              -0.0866263 -0.0673758 -0.00336924
5.53              -0.895108 -0.0895584 520.886              -0.0930949 -0.343473 -0.00216392
5.54              -0.684982 -0.0954256 521.333              -0.0961873 -0.632864 -0.00107215
5.55              -0.504219 -0.06512 523.014              -0.0818174 -0.921532 -0.00149773
5.56              -0.29257 -0.0905937 523.183              -0.0936845 -1.19292 -0.000794057
5.57              -0.0714113 -0.0559353 522.614              -0.0817481 -1.45382 0.000852271
5.58              0.101381 -0.0656929 522.772              -0.0852647 -1.7063 0.00109101
5.59              0.289296 -0.0487895 523              -0.0785037 -1.95944 0.00251906
5.6              0.511099 -0.0492763 522.769              -0.0789692 -2.19939 0.00294233
5.61              0.682563 -0.0563171 523.267              -0.0815002 -2.43434 0.00371646
5.62              0.787813 -0.090344 523.177              -0.0931343 -2.65418 0.00392259
5.63              1.10556 -0.0559177 522.875              -0.0857678 -2.87745 0.00550511
5.64              1.26135 -0.0617207 523.12              -0.086946 -3.09118 0.00597995
5.65              1.44248 -0.0555412 523.271              -0.0849348 -3.29127 0.00637988
5.66              1.64213 -0.0433107 523.161              -0.080825 -3.47804 0.00685231
5.67              1.81179 -0.0423909 522.693              -0.0816645 -3.64825 0.00681504
5.68              1.94466 -0.0434872 523.438              -0.0821389 -3.81701 0.007003
5.69              2.12025 -0.0401618 523.036              -0.0827487 -3.96601 0.00775427
5.7              2.26129 -0.0340101 522.947              -0.0811846 -4.10428 0.00763574
5.71              2.42166 -0.0310661 523.149              -0.0817377 -4.23532 0.00807116
5.72              2.55439 -0.0315398 522.935              -0.0830498 -4.34494 0.00839141
5.73              2.69936 -0.0269673 522.804              -0.0831159 -4.44651 0.00862886
5.74              2.81541 -0.0268342 522.73              -0.0845236 -4.53194 0.00852275
5.75              2.93385 -0.0201417 522.579              -0.0833374 -4.6043 0.00867091
5.76              3.03633 -0.0180142 522.534              -0.0840722 -4.66164 0.00849434
5.77              3.13093 -0.0195809 522.355              -0.0868398 -4.7043 0.00823997
5.78              3.2136 -0.0128281 522.202              -0.0862195 -4.73083 0.0078743
5.79              3.29401 -0.0124078 522.076              -0.088356 -4.74548 0.00749606
5.8              3.35305 -0.0109693 521.934              -0.0900132 -4.74241 0.00687858
5.81              3.40697 -0.00729833 521.755              -0.0912813 -4.72594 0.006581
5.82              3.44179 -0.0101032 521.502              -0.0948475 -4.69093 0.00579134
5.83              3.46889 -0.0100023 521.366              -0.0974352 -4.6447 0.00499768
5.84              3.47659 -0.0147086 521.237              -0.101934 -4.58265 0.00453514
5.85              3.48628 -0.0246121 521.009              -0.109205 -4.50729 0.00372384
5.86              3.48075 -0.0211893 520.766              -0.110329 -4.41487 0.00330182
5.87              3.45203 -0.0238077 520.645              -0.113889 -4.31197 0.00204229
5.88              3.44184 -0.0264219 520.142              -0.118347 -4.18929 0.00157927
5.89              3.3765 -0.0218357 520.302              -0.119345 -4.06579 0.000726162
5.9              3.32453 -0.0371785 520.241              -0.128886 -3.92586 0.000518012
5.91              3.23216 -0.0388122 520.084              -0.131361 -3.77065 -0.000542948
5.92              3.16235 -0.0371554 519.794              -0.13402 -3.60462 -0.0010054
5.93              3.08825 -0.0345327 519.501              -0.134747 -3.42747 -0.00176796
5.94              2.98135 -0.0379385 519.54              -0.138492 -3.24724 -0.00185232
5.95              2.88907 -0.0441017 519.089              -0.14374 -3.05109 -0.00228536
5.96              2.76417 -0.0477605 519.037              -0.147203 -2.84742 -0.00203297
5.97              2.63912 -0.0448756 518.784              -0.148065 -2.63176 -0.00223697
5.98              2.57596 -0.045284 517.735              -0.151051 -2.40924 -0.00260478
5.99              2.37009 -0.0539776 518.372              -0.155583 -2.18374 -0.00267903
6              2.20332 -0.0497971 518.868              -0.155025 -1.96019 -0.00249824
6.01              2.03425 -0.0520536 518.683              -0.156644 -1.72565 -0.0025214
6.02              1.90426 -0.0485755 518.24              -0.156023 -1.48733 -0.00408595
6.03              1.79164 -0.0642768 517.632              -0.163242 -1.24627 -0.00357661
6.04              1.62941 -0.060439 517.182              -0.162628 -0.994474 -0.00356233
6.05              1.42013 -0.0762617 517.771              -0.168501 -0.746537 -0.00287617
6.06              1.20337 -0.0671504 518.254              -0.164853 -0.502654 -0.00284758
6.07              0.985792 -0.06543 518.803              -0.163219 -0.259088 -0.0028195
6.08              0.827521 -0.0706667 518.328              -0.165174 -0.0112331 -0.00270237
6.09              0.645531 -0.0690701 518.386              -0.163924 0.231589 -0.00235443
6.1              0.466876 -0.0787753 518.416              -0.166941 0.470182 -0.00138557
6.11              0.335423 -0.0718897 517.873              -0.164251 0.716104 -0.00189579
6.12              0.150956 -0.072368 517.797              -0.161756 0.955617 -0.00202699
6.13              -0.0491104 -0.0703865 518.285              -0.158381 1.18698 -0.00146805
6.14              -0.200523 -0.0661922 518.37              -0.154158 1.40904 -0.00151101
6.15              -0.380679 -0.0791904 518.67              -0.155994 1.62062 -0.00118183
6.16              -0.510463 -0.0610818 518.255              -0.146658 1.83342 -0.000259067
6.17              -0.680646 -0.0702943 518.432              -0.146238 2.03664 0.000139898
6.18              -0.834362 -0.0719676 518.649              -0.1422 2.23196 0.000340993
6.19              -0.972325 -0.052058 518.925              -0.130707 2.41339 0.000167118
6.2              -1.09915 -0.0871239 518.41              -0.14055 2.59414 0.00237593
6.21              -1.24599 -0.0619674 518.864              -0.124926 2.76565 0.00123319
6.22              -1.38515 -0.061995 519.078              -0.119621 2.9248 0.00186916
6.23              -1.50969 -0.0621666 519.249              -0.114331 3.07402 0.00178056
6.24              -1.62568 -0.0611895 519.365              -0.107902 3.21069 0.00215864
6.25              -1.73972 -0.0510864 519.606              -0.0973001 3.33807 0.00216882
6.26              -1.83974 -0.0619153 519.624              -0.0951607 3.45574 0.00235848
6.27              -1.91735 -0.050828 519.57              -0.0839703 3.55807 0.00210975
6.28              -2.03917 -0.0458416 520.001              -0.0741727 3.65275 0.00261503
6.29              -2.11113 -0.0450133 520.049              -0.066065 3.73206 0.00254471
6.3              -2.17648 -0.0460421 520.08              -0.0581946 3.79975 0.00278922
6.31              -2.27377 -0.033922 520.577              -0.0447291 3.85794 0.00266611
6.32              -2.33642 -0.0272611 520.601              -0.0334026 3.90334 0.00262794
6.33              -2.38165 -0.0283676 520.496              -0.0251776 3.93482 0.00270972
6.34              -2.46201 -0.0131564 521.136              -0.00898968 3.95685 0.00243511
6.35              -2.51759 -0.0100937 521.338              0.00137467 3.96683 0.00221986
6.36              -2.54199 -0.00251064 521.366              0.0137982 3.9615 0.0023166
6.37              -2.58393 0.00356731 521.599              0.0258707 3.94601 0.00223481
6.38              -2.61247 0.00379964 521.846              0.0360135 3.91702 0.002183
6.39              -2.62124 0.0105201 521.933              0.0482752 3.87525 0.00216566
6.4              -2.62923 0.0122917 522.028              0.059065 3.82361 0.00188629
6.41              -2.64946 0.0223911 522.232              0.0732829 3.76167 0.00187996
6.42              -2.63428 0.0238606 522.365              0.0839562 3.68585 0.0014212
6.43              -2.61695 0.0311302 522.416              0.0969991 3.60048 0.000981186
6.44              -2.59106 0.0268694 521.959              0.10576 3.50464 0.00034504
6.45              -2.5403 0.0490496 522.098              0.123497 3.39863 0.000751184
6.46              -2.52652 0.0381778 522.292              0.129932 3.28478 -0.00076855
6.47              -2.50408 0.0486032 522.711              0.143822 3.15969 -0.00111481
6.48              -2.45582 0.0484539 522.655              0.154437 3.02542 -0.00129749
6.49              -2.39521 0.050872 522.354              0.164968 2.88097 -0.00144079
6.5              -2.32741 0.0488288 522.057              0.174371 2.73017 -0.00220385
6.51              -2.25816 0.0555111 522.213              0.186008 2.56806 -0.00330992
6.52              -2.1826 0.054605 522.266              0.194543 2.40111 -0.00379276
6.53              -2.09226 0.061393 522.116              0.205747 2.22598 -0.00418748
6.54              -2.04716 0.0555951 521.788              0.212717 2.0494 -0.00487439
6.55              -1.94064 0.06607 522.847              0.225758 1.86029 -0.00579113
6.56              -1.85214 0.0741075 523.346              0.237493 1.66773 -0.0063049
6.57              -1.74667 0.0813061 523.537              0.248524 1.47104 -0.00666592
6.58              -1.59728 0.0744935 522.174              0.252101 1.27534 -0.0070963
6.59              -1.55159 0.0849228 524.391              0.264854 1.07055 -0.00715164
6.6              -1.43565 0.0974929 524.633              0.277341 0.864069 -0.00805951
6.61              -1.26947 0.107644 523.28              0.286753 0.662499 -0.00875155
6.62              -1.1521 0.110413 523.18              0.295374 0.457985 -0.00931902
6.63              -1.02957 0.0805438 522.193              0.290059 0.249613 -0.0081725
6.64              -0.888339 0.123577 523.394              0.312975 0.041473 -0.00959366
6.65              -0.72561 0.127499 521.816              0.318756 -0.154628 -0.00947406
6.66              -0.579712 0.12829 521.474              0.323652 -0.358314 -0.00955886
6.67              -0.469244 0.140792 523.369              0.333457 -0.573844 -0.00904533
6.68              -0.29029 0.15148 520.856              0.340799 -0.761118 -0.0102021
6.69              -0.137527 0.166179 523.526              0.351161 -0.982839 -0.0100891
6.7              0.0223362 0.170274 521.823              0.354491 -1.17231 -0.00991802
6.71              0.171879 0.165257 520.84              0.353176 -1.35124 -0.00845833
6.72              0.278229 0.173623 521.538              0.358595 -1.53424 -0.00799078
6.73              0.413643 0.180131 521.507              0.36205 -1.70812 -0.00692323
6.74              0.543386 0.184229 521.271              0.363889 -1.87483 -0.0072349
6.75              0.735691 0.216791 520.694              0.373775 -2.03291 -0.00618131
6.76              0.76734 0.186775 521.357              0.363694 -2.18693 -0.00611158
6.77              0.89788 0.187901 520.779              0.361264 -2.32414 -0.00545584
6.78              1.01247 0.210339 520.909              0.367268 -2.45883 -0.00597592
6.79              1.12142 0.20391 520.693              0.362219 -2.58534 -0.00478139
6.8              1.23309 0.209555 520.609              0.360358 -2.70426 -0.00469265
6.81              1.35948 0.202034 519.51              0.351662 -2.80588 -0.00360089
6.82              1.4228 0.215416 520.41              0.352959 -2.90937 -0.00363241
6.83              1.51365 0.221607 519.973              0.350022 -2.99068 -0.00233312
6.84              1.59379 0.209379 520.263              0.338679 -3.07616 -0.00203501
6.85              1.68537 0.23348 519.53              0.342059 -3.13697 -0.0014326
6.86              1.7518 0.211846 519.98              0.324399 -3.20184 -0.000868162
6.87              1.82141 0.213721 520.127              0.317165 -3.25499 0.000218281
6.88              1.88737 0.214272 519.954              0.307869 -3.29166 0.000323789
6.89              1.95413 0.21087 519.586              0.296759 -3.31746 0.00117259
6.9              1.99327 0.259802 518.822              0.305131 -3.34407 -0.000232358
6.91              2.02834 0.233201 519.377              0.285016 -3.34007 0.000728651
6.92              2.1123 0.212442 519.291              0.263811 -3.3342 0.0026291
6.93              2.10952 0.195347 519.301              0.246035 -3.32066 0.00265722
6.94              2.14929 0.187282 518.927              0.229529 -3.29352 0.00291056
6.95              2.18885 0.172476 518.225              0.209829 -3.25222 0.00302725
6.96              2.18136 0.174908 518.826              0.197535 -3.21535 0.00357254
6.97              2.20377 0.169146 518.401              0.180883 -3.15766 0.00377375
6.98              2.18861 0.143253 518.275              0.15632 -3.09472 0.0050047
6.99              2.20522 0.150693 518.015              0.144271 -3.01716 0.00458199
7              2.18458 0.137691 518.317              0.123855 -2.94232 0.00415464
7.01              2.16424 0.131288 518.141              0.106615 -2.8513 0.00478462
7.02              2.15084 0.115248 517.778              0.0840591 -2.74965 0.00489291
7.03              2.11513 0.107207 517.979              0.065453 -2.64837 0.00500002
7.04              2.08733 0.100102 517.697              0.046667 -2.5327 0.00477338
7.05              2.04576 0.0976524 517.592              0.0299549 -2.41261 0.00470536
7.06              2.03905 0.0828023 516.514              0.00640528 -2.2703 0.00434903
7.07              1.94261 0.050173 517.597              -0.0221901 -2.14468 0.00516816
7.08              1.87715 0.0558588 517.034              -0.0374142 -1.9952 0.00326919
7.09              1.82327 0.0311802 516.594              -0.0637161 -1.83808 0.00483436
7.1              1.74044 0.0190513 516.621              -0.0854248 -1.68659 0.00457825
7.11              1.632 -0.000332094 516.766              -0.107603 -1.52611 0.00408435
7.12              1.54804 -0.00934011 516.819              -0.128051 -1.36534 0.00403564
7.13              1.47077 -0.0103774 516.314              -0.143806 -1.1928 0.00409942
7.14              1.34036 -0.0265847 516.659              -0.165592 -1.02643 0.00415605
7.15              1.28775 -0.0503512 515.963              -0.190332 -0.851421 0.00509522
7.16              1.21003 -0.0520912 515.619              -0.206408 -0.674548 0.00423841
7.17              1.0958 -0.0599347 516.202              -0.223998 -0.503432 0.00437711
7.18              0.94323 -0.0734401 516.457              -0.242229 -0.332703 0.00337372
7.19              0.799826 -0.0906548 517.031              -0.262475 -0.161847 0.00275715
7.2              0.683527 -0.0985905 517.125              -0.279971 0.0178387 0.0030019
7.21              0.583975 -0.113497 516.506              -0.298241 0.193374 0.00368559
7.22              0.467255 -0.113739 516.353              -0.310347 0.370221 0.00327461
7.23              0.33816 -0.129781 516.492              -0.328295 0.542626 0.00313085
7.24              0.221391 -0.12967 516.584              -0.339175 0.710769 0.00257645
7.25              0.166905 -0.146508 515.513              -0.35644 0.87878 0.0027266
7.26              -0.0329115 -0.156878 516.953              -0.37006 1.03585 0.00249604
7.27              -0.107743 -0.157802 516.429              -0.380591 1.1926 0.00236281
7.28              -0.287871 -0.178624 517.409              -0.396848 1.34204 0.00221552
7.29              -0.447365 -0.184546 518.274              -0.407465 1.48903 0.002342
7.3              -0.508312 -0.186481 517.468              -0.415587 1.62982 0.00247501
7.31              -0.59847 -0.199462 517.289              -0.427116 1.76531 0.00270404
7.32              -0.672959 -0.192956 517.216              -0.431456 1.89125 0.00317741
7.33              -0.805567 -0.204778 517.654              -0.439227 2.01424 0.00209272
7.34              -0.899319 -0.215698 517.795              -0.448022 2.12741 0.00266098
7.35              -0.972581 -0.219936 517.643              -0.452884 2.23028 0.00310588
7.36              -1.04731 -0.209014 517.665              -0.451822 2.32339 0.00313585
7.37              -1.08673 -0.24303 517.413              -0.465311 2.4088 0.00396017
7.38              -1.17369 -0.232342 517.639              -0.463033 2.48775 0.00391139
7.39              -1.26769 -0.228655 518.353              -0.461208 2.55873 0.0040977
7.4              -1.32006 -0.231201 518.338              -0.461638 2.61785 0.00443467
7.41              -1.34741 -0.223037 517.939              -0.456446 2.66672 0.0040232
7.42              -1.39284 -0.225664 518.047              -0.454557 2.70866 0.00429819
7.43              -1.46744 -0.241944 518.751              -0.458248 2.74316 0.00498553
7.44              -1.49254 -0.235155 518.694              -0.45163 2.76546 0.00474803
7.45              -1.53498 -0.232808 518.962              -0.445822 2.78005 0.00486226
7.46              -1.56206 -0.247033 519.042              -0.445586 2.78584 0.00516264
7.47              -1.56864 -0.231175 518.996              -0.433135 2.77912 0.00503232
7.48              -1.58655 -0.263048 519.112              -0.438076 2.76479 0.00591762
7.49              -1.61137 -0.233809 519.46              -0.419728 2.74357 0.00543499
7.5              -1.59799 -0.23521 519.302              -0.411175 2.71024 0.00550662
7.51              -1.59425 -0.223874 519.469              -0.396892 2.66848 0.00539959
7.52              -1.59983 -0.230549 519.816              -0.390051 2.61803 0.00593838
7.53              -1.57194 -0.253208 519.655              -0.386847 2.56391 0.00751726
7.54              -1.56135 -0.218834 519.774              -0.363454 2.49304 0.00634102
7.55              -1.54446 -0.230751 519.884              -0.354927 2.42085 0.00626357
7.56              -1.51568 -0.214003 520.063              -0.336808 2.33873 0.00700487
7.57              -1.51277 -0.22122 520.398              -0.324883 2.25304 0.00704461
7.58              -1.44133 -0.208823 519.951              -0.30824 2.15665 0.00805644
7.59              -1.41956 -0.203816 520.125              -0.291071 2.0591 0.00843794
7.6              -1.3534 -0.195753 519.609              -0.273545 1.94752 0.00699414
7.61              -1.32724 -0.192325 520.099              -0.257106 1.83398 0.00852015
7.62              -1.2579 -0.181525 519.511              -0.237061 1.71648 0.00775522
7.63              -1.24276 -0.177901 519.832              -0.21888 1.60087 0.00795156
7.64              -1.1635 -0.181021 519.411              -0.204456 1.46619 0.00867468
7.65              -1.13716 -0.16713 519.792              -0.18149 1.33953 0.00762774
7.66              -1.06079 -0.166002 519.579              -0.164384 1.199 0.00888251
7.67              -1.01111 -0.152848 520.04              -0.140724 1.05859 0.00802658
7.68              -0.974335 -0.14742 520.579              -0.120882 0.916177 0.00832006
7.69              -0.975186 -0.165253 523.982              -0.11039 0.756799 0.00924719
7.7              -0.784854 -0.122126 521.184              -0.0790735 0.608395 0.00866722
7.71              -0.694004 -0.118714 520.1              -0.0591392 0.465106 0.00799871
7.72              -0.660208 -0.107085 520.715              -0.0361239 0.320196 0.00784831
7.73              -0.597162 -0.101756 521.296              -0.0158338 0.168881 0.00770735
7.74              -0.497977 -0.0885914 520.439              0.0070122 0.0230839 0.00701991
7.75              -0.464949 -0.0883357 521.347              0.0249119 -0.130541 0.00809667
7.76              -0.386475 -0.0534325 521.703              0.0575455 -0.273177 0.00695718
7.77              -0.308248 -0.0554096 521.584              0.0731853 -0.416447 0.00654549
7.78              -0.216621 -0.0451905 521.347              0.0943012 -0.562189 0.00534127
7.79              -0.127035 -0.020524 521.576              0.121363 -0.712934 0.00511695
7.8              -0.0337456 -0.008277 521.529              0.142119 -0.852979 0.00378286
7.81              0.0508071 -0.0105085 520.895              0.160427 -0.984306 0.00226609
7.82              0.175644 0.0252082 520.743              0.1892 -1.12878 0.000272617
7.83              0.197301 0.0366056 521.593              0.212687 -1.26449 -0.000356811
7.84              0.368039 0.0526976 520.71              0.230191 -1.39099 0.000109028
7.85              0.444451 0.0589487 520.561              0.247311 -1.50931 -0.00010019
7.86              0.500971 0.0735247 521.247              0.268279 -1.62667 -0.000437788
7.87              0.566681 0.0679781 521.227              0.279661 -1.73335 -0.000789406
7.88              0.647037 0.104075 521.272              0.307328 -1.83331 -0.00194423
7.89              0.711727 0.120186 521.329              0.326281 -1.92707 -0.00261814
7.9              0.776297 0.127799 521.235              0.341766 -2.01333 -0.00357758
7.91              0.843457 0.149269 521.34              0.3612 -2.09455 -0.00405708
7.92              0.903984 0.16042 521.307              0.376455 -2.16869 -0.00447311
7.93              0.962285 0.181353 521.454              0.394688 -2.2353 -0.00502055
7.94              1.02196 0.198094 521.536              0.410814 -2.29661 -0.00568066
7.95              1.07528 0.205902 521.573              0.422546 -2.34678 -0.00665835
7.96              1.13201 0.224717 521.504              0.437485 -2.39241 -0.00673767
7.97              1.17554 0.240677 521.707              0.450614 -2.4301 -0.00708476
7.98              1.23092 0.251527 521.796              0.461374 -2.46247 -0.0075199
7.99              1.27517 0.259796 521.852              0.46962 -2.48432 -0.0078884
8              1.32072 0.276614 521.974              0.481176 -2.5014 -0.00813406
