           0.1	   3.999969e+00  -3.065189e-05   3.999994e+00  -6.332618e-06   3.999999e+00  -1.432709e-06   4.000000e+00  -3.356708e-07   4.000000e+00  -7.889253e-08
0.2	   3.999797e+00  -2.032874e-04   3.999960e+00  -3.994132e-05   3.999991e+00  -9.036954e-06   3.999998e+00  -2.133046e-06   3.999999e+00  -5.054694e-07
0.3	   3.999420e+00  -5.802380e-04   3.999891e+00  -1.092298e-04   3.999975e+00  -2.481250e-05   3.999994e+00  -5.922397e-06   3.999999e+00  -1.420090e-06
0.4	   3.998806e+00  -1.193609e-03   3.999782e+00  -2.178733e-04   3.999950e+00  -4.991272e-05   3.999988e+00  -1.209457e-05   3.999997e+00  -2.945106e-06
0.5	   3.997943e+00  -2.056789e-03   3.999630e+00  -3.697239e-04   3.999914e+00  -8.582254e-05   3.999979e+00  -2.118704e-05   3.999995e+00  -5.255288e-06
0.6	   3.996859e+00  -3.140871e-03   3.999434e+00  -5.655635e-04   3.999866e+00  -1.336627e-04   3.999966e+00  -3.373220e-05   3.999991e+00  -8.546235e-06
0.7	   3.995646e+00  -4.354125e-03   3.999199e+00  -8.007815e-04   3.999806e+00  -1.936757e-04   3.999950e+00  -5.014697e-05   3.999987e+00  -1.301312e-05
0.8	   3.994467e+00  -5.533251e-03   3.998935e+00  -1.064868e-03   3.999735e+00  -2.650198e-04   3.999929e+00  -7.066196e-05   3.999981e+00  -1.883070e-05
0.9	   3.993542e+00  -6.457913e-03   3.998653e+00  -1.347122e-03   3.999653e+00  -3.472220e-04   3.999904e+00  -9.569709e-05   3.999974e+00  -2.625391e-05
1	   3.993163e+00  -6.837013e-03   3.998372e+00  -1.628017e-03   3.999562e+00  -4.378985e-04   3.999875e+00  -1.252553e-04   3.999965e+00  -3.546123e-05
1.1	   3.993608e+00  -6.391794e-03   3.998113e+00  -1.886635e-03   3.999465e+00  -5.345967e-04   3.999841e+00  -1.593992e-04   3.999953e+00  -4.668554e-05
1.2	   3.995131e+00  -4.868530e-03   3.997893e+00  -2.106529e-03   3.999364e+00  -6.357123e-04   3.999802e+00  -1.983458e-04   3.999940e+00  -6.020796e-05
1.3	   3.997883e+00  -2.117004e-03   3.997746e+00  -2.253642e-03   3.999264e+00  -7.358490e-04   3.999759e+00  -2.414795e-04   3.999924e+00  -7.615973e-05
1.4	   4.001766e+00   1.765601e-03   3.997706e+00  -2.293971e-03   3.999171e+00  -8.289636e-04   3.999712e+00  -2.878864e-04   3.999905e+00  -9.458916e-05
1.5	   4.006392e+00   6.391788e-03   3.997807e+00  -2.192833e-03   3.999091e+00  -9.094898e-04   3.999663e+00  -3.367939e-04   3.999884e+00  -1.156104e-04
1.6	   4.011184e+00   1.118445e-02   3.998071e+00  -1.928785e-03   3.999027e+00  -9.728427e-04   3.999613e+00  -3.874843e-04   3.999861e+00  -1.393077e-04
1.7	   4.015558e+00   1.555800e-02   3.998512e+00  -1.488163e-03   3.998985e+00  -1.015368e-03   3.999561e+00  -4.393856e-04   3.999834e+00  -1.658332e-04
1.8	   4.018995e+00   1.899461e-02   3.999143e+00  -8.571084e-04   3.998968e+00  -1.032223e-03   3.999509e+00  -4.911607e-04   3.999805e+00  -1.950943e-04
1.9	   4.021014e+00   2.101413e-02   3.999975e+00  -2.505863e-05   3.998984e+00  -1.015662e-03   3.999459e+00  -5.409839e-04   3.999773e+00  -2.268963e-04
2	   4.021230e+00   2.122959e-02   4.001003e+00   1.003300e-03   3.999040e+00  -9.602781e-04   3.999413e+00  -5.868115e-04   3.999739e+00  -2.608868e-04
2.1	   4.019288e+00   1.928821e-02   4.002214e+00   2.214334e-03   3.999141e+00  -8.589370e-04   3.999374e+00  -6.259640e-04   3.999703e+00  -2.965433e-04
2.2	   4.015224e+00   1.522432e-02   4.003583e+00   3.583207e-03   3.999296e+00  -7.037768e-04   3.999345e+00  -6.550121e-04   3.999667e+00  -3.330229e-04
2.3	   4.009318e+00   9.317844e-03   4.005069e+00   5.069361e-03   3.999514e+00  -4.860227e-04   3.999330e+00  -6.700639e-04   3.999631e+00  -3.692093e-04
2.4	   4.002021e+00   2.021438e-03   4.006582e+00   6.581775e-03   3.999794e+00  -2.063630e-04   3.999332e+00  -6.684094e-04   3.999596e+00  -4.041636e-04
2.5	   3.993929e+00  -6.070933e-03   4.007996e+00   7.996018e-03   4.000134e+00   1.338135e-04   3.999353e+00  -6.469277e-04   3.999563e+00  -4.366631e-04
2.6	   3.985812e+00  -1.418830e-02   4.009201e+00   9.200992e-03   4.000538e+00   5.379665e-04   3.999399e+00  -6.009327e-04   3.999535e+00  -4.648525e-04
2.7	   3.978416e+00  -2.158371e-02   4.010051e+00   1.005150e-02   4.001006e+00   1.005677e-03   3.999474e+00  -5.256493e-04   3.999513e+00  -4.866030e-04
2.8	   3.972164e+00  -2.783595e-02   4.010385e+00   1.038464e-02   4.001527e+00   1.527162e-03   3.999582e+00  -4.182969e-04   3.999500e+00  -5.000521e-04
2.9	   3.967662e+00  -3.233832e-02   4.010021e+00   1.002142e-02   4.002085e+00   2.085413e-03   3.999723e+00  -2.770088e-04   3.999497e+00  -5.032781e-04
3	   3.965516e+00  -3.448373e-02   4.008804e+00   8.804261e-03   4.002659e+00   2.658885e-03   3.999899e+00  -1.011791e-04   3.999506e+00  -4.939742e-04
3.1	   3.966151e+00  -3.384932e-02   4.006629e+00   6.629365e-03   4.003222e+00   3.222146e-03   4.000109e+00   1.090455e-04   3.999530e+00  -4.700742e-04
3.2	   3.969944e+00  -3.005578e-02   4.003500e+00   3.499665e-03   4.003747e+00   3.747090e-03   4.000353e+00   3.526732e-04   3.999571e+00  -4.293228e-04
3.3	   3.976465e+00  -2.353514e-02   3.999507e+00  -4.926791e-04   4.004199e+00   4.199237e-03   4.000627e+00   6.273622e-04   3.999631e+00  -3.694824e-04
3.4	   3.985169e+00  -1.483081e-02   3.994865e+00  -5.134730e-03   4.004540e+00   4.540031e-03   4.000928e+00   9.280924e-04   3.999711e+00  -2.890699e-04
3.5	   3.996036e+00  -3.963552e-03   3.989935e+00  -1.006550e-02   4.004738e+00   4.737932e-03   4.001250e+00   1.250031e-03   3.999814e+00  -1.862353e-04
3.6	   4.008329e+00   8.328986e-03   3.985165e+00  -1.483532e-02   4.004758e+00   4.758345e-03   4.001585e+00   1.585296e-03   3.999940e+00  -6.019365e-05
3.7	   4.020839e+00   2.083873e-02   3.981017e+00  -1.898310e-02   4.004549e+00   4.548854e-03   4.001920e+00   1.920420e-03   4.000089e+00   8.867384e-05
3.8	   4.033070e+00   3.307010e-02   3.977874e+00  -2.212569e-02   4.004080e+00   4.079987e-03   4.002243e+00   2.242509e-03   4.000259e+00   2.592017e-04
3.9	   4.044099e+00   4.409888e-02   3.976282e+00  -2.371838e-02   4.003340e+00   3.339930e-03   4.002538e+00   2.537856e-03   4.000450e+00   4.504512e-04
4	   4.052104e+00   5.210368e-02   3.976652e+00  -2.334750e-02   4.002320e+00   2.320424e-03   4.002789e+00   2.789418e-03   4.000659e+00   6.594078e-04
4.1	   4.055487e+00   5.548698e-02   3.979204e+00  -2.079611e-02   4.001025e+00   1.025386e-03   4.002978e+00   2.977694e-03   4.000882e+00   8.819737e-04
4.2	   4.053488e+00   5.348828e-02   3.983887e+00  -1.611315e-02   3.999486e+00  -5.136496e-04   4.003087e+00   3.086584e-03   4.001113e+00   1.113156e-03
4.3	   4.045868e+00   4.586810e-02   3.990661e+00  -9.339478e-03   3.997766e+00  -2.233925e-03   4.003101e+00   3.101362e-03   4.001347e+00   1.347287e-03
4.4	   4.033515e+00   3.351463e-02   3.999112e+00  -8.883144e-04   3.995937e+00  -4.062893e-03   4.003004e+00   3.003883e-03   4.001577e+00   1.577272e-03
4.5	   4.018877e+00   1.887732e-02   4.008606e+00   8.606383e-03   3.994101e+00  -5.899084e-03   4.002784e+00   2.783916e-03   4.001795e+00   1.794601e-03
4.6	   4.003279e+00   3.279056e-03   4.018321e+00   1.832112e-02   3.992380e+00  -7.619515e-03   4.002433e+00   2.433343e-03   4.001990e+00   1.989731e-03
4.7	   3.987370e+00  -1.262952e-02   4.027862e+00   2.786154e-02   3.990924e+00  -9.076398e-03   4.001951e+00   1.951091e-03   4.002153e+00   2.153012e-03
4.8	   3.972410e+00  -2.758986e-02   4.036500e+00   3.650010e-02   3.989901e+00  -1.009931e-02   4.001344e+00   1.344326e-03   4.002275e+00   2.275156e-03
4.9	   3.958328e+00  -4.167174e-02   4.042566e+00   4.256558e-02   3.989425e+00  -1.057488e-02   4.000622e+00   6.223808e-04   4.002347e+00   2.346957e-03
5	   3.946574e+00  -5.342587e-02   4.044782e+00   4.478163e-02   3.989625e+00  -1.037470e-02   3.999804e+00  -1.956307e-04   4.002359e+00   2.359115e-03
5.1	   3.939077e+00  -6.092346e-02   4.042598e+00   4.259824e-02   3.990638e+00  -9.361687e-03   3.998920e+00  -1.079890e-03   4.002303e+00   2.303364e-03
5.2	   3.937031e+00  -6.296919e-02   4.036014e+00   3.601414e-02   3.992524e+00  -7.475586e-03   3.998007e+00  -1.992991e-03   4.002175e+00   2.175226e-03
5.3	   3.940945e+00  -5.905512e-02   4.026089e+00   2.608873e-02   3.995286e+00  -4.714011e-03   3.997108e+00  -2.892218e-03   4.001971e+00   1.970609e-03
5.4	   3.950172e+00  -4.982798e-02   4.015123e+00   1.512315e-02   3.998853e+00  -1.146513e-03   3.996271e+00  -3.729321e-03   4.001688e+00   1.688079e-03
5.5	   3.963590e+00  -3.640974e-02   4.002554e+00   2.553531e-03   4.003096e+00   3.096016e-03   3.995553e+00  -4.446807e-03   4.001331e+00   1.330551e-03
5.6	   3.979484e+00  -2.051602e-02   3.989374e+00  -1.062613e-02   4.007802e+00   7.801931e-03   3.995017e+00  -4.983249e-03   4.000905e+00   9.048025e-04
5.7	   3.996258e+00  -3.741625e-03   3.976595e+00  -2.340469e-02   4.012675e+00   1.267452e-02   3.994716e+00  -5.284403e-03   4.000421e+00   4.214469e-04
5.8	   4.013379e+00   1.337865e-02   3.964122e+00  -3.587826e-02   4.017355e+00   1.735505e-02   3.994701e+00  -5.298886e-03   3.999895e+00  -1.051092e-04
5.9	   4.029562e+00   2.956168e-02   3.953042e+00  -4.695815e-02   4.021441e+00   2.144069e-02   3.995027e+00  -4.972997e-03   3.999343e+00  -6.567736e-04
6	   4.044751e+00   4.475113e-02   3.945333e+00  -5.466675e-02   4.024513e+00   2.451278e-02   3.995725e+00  -4.275298e-03   3.998790e+00  -1.210391e-03
6.1	   4.057384e+00   5.738369e-02   3.942425e+00  -5.757511e-02   4.026034e+00   2.603402e-02   3.996809e+00  -3.190635e-03   3.998260e+00  -1.740426e-03
6.2	   4.065830e+00   6.582973e-02   3.944928e+00  -5.507232e-02   4.025554e+00   2.555425e-02   3.998273e+00  -1.726995e-03   3.997781e+00  -2.218893e-03
6.3	   4.068335e+00   6.833524e-02   3.952773e+00  -4.722722e-02   4.022729e+00   2.272920e-02   4.000082e+00   8.227565e-05   3.997384e+00  -2.615889e-03
6.4	   4.063070e+00   6.306978e-02   3.964759e+00  -3.524120e-02   4.017978e+00   1.797773e-02   4.002176e+00   2.176251e-03   3.997099e+00  -2.901066e-03
6.5	   4.050942e+00   5.094229e-02   3.978960e+00  -2.103960e-02   4.011247e+00   1.124729e-02   4.004469e+00   4.469007e-03   3.996952e+00  -3.048023e-03
6.6	   4.035175e+00   3.517531e-02   3.994050e+00  -5.949664e-03   4.002946e+00   2.945681e-03   4.006842e+00   6.841581e-03   3.996971e+00  -3.028784e-03
6.7	   4.018677e+00   1.867744e-02   4.010400e+00   1.040022e-02   3.993680e+00  -6.319507e-03   4.009149e+00   9.149140e-03   3.997181e+00  -2.819161e-03
6.8	   4.002082e+00   2.081980e-03   4.027016e+00   2.701591e-02   3.984196e+00  -1.580415e-02   4.011228e+00   1.122767e-02   3.997593e+00  -2.407438e-03
6.9	   3.985538e+00  -1.446168e-02   4.044579e+00   4.457916e-02   3.975177e+00  -2.482296e-02   4.012910e+00   1.290994e-02   3.998212e+00  -1.787746e-03
7	   3.970285e+00  -2.971463e-02   4.060306e+00   6.030589e-02   3.966938e+00  -3.306193e-02   4.014007e+00   1.400652e-02   3.999036e+00  -9.644418e-04
7.1	   3.956276e+00  -4.372398e-02   4.070465e+00   7.046517e-02   3.960558e+00  -3.944240e-02   4.014369e+00   1.436916e-02   4.000044e+00   4.441717e-05
7.2	   3.945012e+00  -5.498803e-02   4.072887e+00   7.288683e-02   3.957176e+00  -4.282380e-02   4.013857e+00   1.385706e-02   4.001208e+00   1.208442e-03
7.3	   3.938190e+00  -6.180963e-02   4.066920e+00   6.692027e-02   3.957519e+00  -4.248056e-02   4.012369e+00   1.236918e-02   4.002485e+00   2.484884e-03
7.4	   3.936762e+00  -6.323830e-02   4.053737e+00   5.373723e-02   3.962075e+00  -3.792527e-02   4.009887e+00   9.887018e-03   4.003818e+00   3.818140e-03
7.5	   3.941117e+00  -5.888316e-02   4.036191e+00   3.619097e-02   3.970324e+00  -2.967555e-02   4.006460e+00   6.459686e-03   4.005141e+00   5.140837e-03
7.6	   3.950464e+00  -4.953592e-02   4.018152e+00   1.815152e-02   3.980531e+00  -1.946916e-02   4.002216e+00   2.216482e-03   4.006376e+00   6.375876e-03
7.7	   3.963807e+00  -3.619286e-02   4.000735e+00   7.346005e-04   3.992634e+00  -7.366079e-03   3.997373e+00  -2.626662e-03   4.007441e+00   7.440538e-03
7.8	   3.979576e+00  -2.042411e-02   3.983701e+00  -1.629946e-02   4.006208e+00   6.207683e-03   3.992221e+00  -7.778866e-03   4.008249e+00   8.248658e-03
7.9	   3.996296e+00  -3.704367e-03   3.967559e+00  -3.244131e-02   4.020147e+00   2.014659e-02   3.987107e+00  -1.289332e-02   4.008725e+00   8.725141e-03
8	   4.013397e+00   1.339730e-02   3.952108e+00  -4.789245e-02   4.034507e+00   3.450669e-02   3.982429e+00  -1.757087e-02   4.008805e+00   8.805382e-03
8.1	   4.029565e+00   2.956480e-02   3.939863e+00  -6.013746e-02   4.048148e+00   4.814842e-02   3.978534e+00  -2.146595e-02   4.008411e+00   8.411111e-03
8.2	   4.044846e+00   4.484582e-02   3.933043e+00  -6.695750e-02   4.058248e+00   5.824816e-02   3.975729e+00  -2.427121e-02   4.007515e+00   7.515376e-03
8.3	   4.057609e+00   5.760947e-02   3.932700e+00  -6.729969e-02   4.062517e+00   6.251651e-02   3.974433e+00  -2.556706e-02   4.006105e+00   6.105316e-03
8.4	   4.066050e+00   6.605009e-02   3.939069e+00  -6.093147e-02   4.060117e+00   6.011743e-02   3.974979e+00  -2.502084e-02   4.004207e+00   4.206770e-03
8.5	   4.068364e+00   6.836415e-02   3.950741e+00  -4.925874e-02   4.051078e+00   5.107801e-02   3.977546e+00  -2.245406e-02   4.001874e+00   1.874072e-03
8.6	   4.063019e+00   6.301872e-02   3.965832e+00  -3.416816e-02   4.037292e+00   3.729169e-02   3.981864e+00  -1.813581e-02   3.999202e+00  -7.975401e-04
8.7	   4.050949e+00   5.094861e-02   3.981890e+00  -1.810985e-02   4.021676e+00   2.167582e-02   3.988019e+00  -1.198128e-02   3.996319e+00  -3.681024e-03
8.8	   4.035217e+00   3.521653e-02   3.998159e+00  -1.841215e-03   4.006250e+00   6.249893e-03   3.995741e+00  -4.258766e-03   3.993380e+00  -6.619526e-03
8.9	   4.018679e+00   1.867915e-02   4.014831e+00   1.483119e-02   3.990352e+00  -9.648459e-03   4.004602e+00   4.601989e-03   3.990569e+00  -9.431417e-03
9	   4.002068e+00   2.068255e-03   4.031478e+00   3.147849e-02   3.975045e+00  -2.495539e-02   4.013996e+00   1.399613e-02   3.988076e+00  -1.192391e-02
9.1	   3.985542e+00  -1.445816e-02   4.048351e+00   4.835099e-02   3.959854e+00  -4.014650e-02   4.023364e+00   2.336354e-02   3.986115e+00  -1.388537e-02
9.2	   3.970295e+00  -2.970507e-02   4.062513e+00   6.251296e-02   3.946286e+00  -5.371418e-02   4.032528e+00   3.252779e-02   3.984851e+00  -1.514862e-02
9.3	   3.956295e+00  -4.370491e-02   4.070917e+00   7.091679e-02   3.936839e+00  -6.316137e-02   4.040221e+00   4.022053e-02   3.984426e+00  -1.557392e-02
9.4	   3.945019e+00  -5.498120e-02   4.072083e+00   7.208291e-02   3.933184e+00  -6.681584e-02   4.044918e+00   4.491771e-02   3.984977e+00  -1.502344e-02
9.5	   3.938199e+00  -6.180058e-02   4.065388e+00   6.538758e-02   3.936134e+00  -6.386609e-02   4.045532e+00   4.553245e-02   3.986595e+00  -1.340533e-02
9.6	   3.936763e+00  -6.323687e-02   4.052089e+00   5.208918e-02   3.945522e+00  -5.447757e-02   4.041435e+00   4.143514e-02   3.989278e+00  -1.072169e-02
9.7	   3.941145e+00  -5.885484e-02   4.034672e+00   3.467234e-02   3.959723e+00  -4.027712e-02   4.032960e+00   3.295960e-02   3.992978e+00  -7.021539e-03
9.8	   3.950487e+00  -4.951289e-02   4.016983e+00   1.698329e-02   3.976538e+00  -2.346232e-02   4.021965e+00   2.196494e-02   3.997553e+00  -2.446983e-03
9.9	   3.963830e+00  -3.616976e-02   3.999760e+00  -2.395155e-04   3.993301e+00  -6.698798e-03   4.009723e+00   9.723242e-03   4.002790e+00   2.789677e-03
10	   3.979582e+00  -2.041833e-02   3.983068e+00  -1.693242e-02   4.011205e+00   1.120451e-02   3.996261e+00  -3.739478e-03   4.008391e+00   8.391425e-03
10.1	   3.996293e+00  -3.706730e-03   3.967366e+00  -3.263405e-02   4.029343e+00   2.934325e-02   3.982736e+00  -1.726431e-02   4.013994e+00   1.399410e-02
10.2	   4.013389e+00   1.338939e-02   3.952523e+00  -4.747670e-02   4.048436e+00   4.843630e-02   3.969696e+00  -3.030378e-02   4.019212e+00   1.921160e-02
10.3	   4.029562e+00   2.956245e-02   3.940876e+00  -5.912403e-02   4.064876e+00   6.487623e-02   3.957368e+00  -4.263164e-02   4.023721e+00   2.372073e-02
10.4	   4.044849e+00   4.484923e-02   3.934389e+00  -6.561139e-02   4.074823e+00   7.482326e-02   3.947667e+00  -5.233258e-02   4.027045e+00   2.704485e-02
10.5	   4.057607e+00   5.760707e-02   3.933989e+00  -6.601095e-02   4.076420e+00   7.642024e-02   3.942467e+00  -5.753291e-02   4.028636e+00   2.863610e-02
10.6	   4.066032e+00   6.603240e-02   3.939856e+00  -6.014431e-02   4.069140e+00   6.913970e-02   3.942692e+00  -5.730841e-02   4.028116e+00   2.811603e-02
10.7	   4.068342e+00   6.834228e-02   3.950831e+00  -4.916890e-02   4.054639e+00   5.463929e-02   3.948824e+00  -5.117587e-02   4.025098e+00   2.509840e-02
10.8	   4.063012e+00   6.301171e-02   3.965348e+00  -3.465160e-02   4.036202e+00   3.620187e-02   3.959809e+00  -4.019110e-02   4.020380e+00   2.037983e-02
10.9	   4.050949e+00   5.094896e-02   3.981198e+00  -1.880185e-02   4.017840e+00   1.784037e-02   3.974101e+00  -2.589864e-02   4.013830e+00   1.383043e-02
11	   4.035206e+00   3.520646e-02   3.997529e+00  -2.471197e-03   4.000408e+00   4.079145e-04   3.988903e+00  -1.109664e-02   4.005805e+00   5.804970e-03
11.1	   4.018665e+00   1.866514e-02   4.014573e+00   1.457339e-02   3.983502e+00  -1.649769e-02   4.005225e+00   5.224896e-03   3.996846e+00  -3.153669e-03
11.2	   4.002060e+00   2.060144e-03   4.031730e+00   3.173019e-02   3.967451e+00  -3.254948e-02   4.021872e+00   2.187167e-02   3.987614e+00  -1.238566e-02
11.3	   3.985542e+00  -1.445808e-02   4.048996e+00   4.899594e-02   3.952083e+00  -4.791668e-02   4.039364e+00   3.936375e-02   3.978825e+00  -2.117520e-02
11.4	   3.970294e+00  -2.970589e-02   4.063095e+00   6.309521e-02   3.939908e+00  -6.009172e-02   4.056054e+00   5.605424e-02   3.970722e+00  -2.927846e-02
11.5	   3.956285e+00  -4.371476e-02   4.071128e+00   7.112789e-02   3.933062e+00  -6.693784e-02   4.068134e+00   6.813375e-02   3.964032e+00  -3.596789e-02
11.6	   3.944997e+00  -5.500319e-02   4.071971e+00   7.197107e-02   3.932465e+00  -6.753515e-02   4.072941e+00   7.294098e-02   3.959766e+00  -4.023429e-02
11.7	   3.938168e+00  -6.183179e-02   4.065180e+00   6.518019e-02   3.938534e+00  -6.146645e-02   4.069575e+00   6.957460e-02   3.958746e+00  -4.125415e-02
11.8	   3.936732e+00  -6.326765e-02   4.051922e+00   5.192152e-02   3.949952e+00  -5.004837e-02   4.058368e+00   5.836794e-02   3.961482e+00  -3.851835e-02
11.9	   3.941127e+00  -5.887312e-02   4.034526e+00   3.452575e-02   3.964945e+00  -3.505541e-02   4.041890e+00   4.189015e-02   3.967865e+00  -3.213536e-02
12	   3.950488e+00  -4.951170e-02   4.016870e+00   1.686957e-02   3.980998e+00  -1.900205e-02   4.023471e+00   2.347054e-02   3.976789e+00  -2.321057e-02
12.1	   3.963845e+00  -3.615535e-02   3.999685e+00  -3.148025e-04   3.997164e+00  -2.835819e-03   4.006315e+00   6.314954e-03   3.987411e+00  -1.258943e-02
12.2	   3.979602e+00  -2.039777e-02   3.983066e+00  -1.693377e-02   4.013876e+00   1.387580e-02   3.988944e+00  -1.105590e-02   3.999891e+00  -1.088448e-04
12.3	   3.996315e+00  -3.684958e-03   3.967447e+00  -3.255259e-02   4.030629e+00   3.062880e-02   3.972351e+00  -2.764864e-02   4.013308e+00   1.330847e-02
12.4	   4.013408e+00   1.340821e-02   3.952647e+00  -4.735281e-02   4.047875e+00   4.787511e-02   3.955760e+00  -4.423996e-02   4.026983e+00   2.698347e-02
12.5	   4.029576e+00   2.957588e-02   3.940964e+00  -5.903589e-02   4.062534e+00   6.253361e-02   3.941308e+00  -5.869168e-02   4.041059e+00   4.105902e-02
12.6	   4.044862e+00   4.486233e-02   3.934400e+00  -6.559967e-02   4.071542e+00   7.154184e-02   3.931659e+00  -6.834104e-02   4.053278e+00   5.327826e-02
12.7	   4.057629e+00   5.762875e-02   3.933935e+00  -6.606519e-02   4.073146e+00   7.314585e-02   3.928528e+00  -7.147230e-02   4.060839e+00   6.083939e-02
12.8	   4.066058e+00   6.605753e-02   3.939791e+00  -6.020937e-02   4.066735e+00   6.673516e-02   3.932589e+00  -6.741086e-02   4.062062e+00   6.206155e-02
12.9	   4.068358e+00   6.835783e-02   3.950821e+00  -4.917943e-02   4.053440e+00   5.343977e-02   3.943386e+00  -5.661380e-02   4.056131e+00   5.613112e-02
13	   4.063006e+00   6.300629e-02   3.965411e+00  -3.458859e-02   4.036001e+00   3.600135e-02   3.958898e+00  -4.110237e-02   4.044069e+00   4.406883e-02
13.1	   4.050932e+00   5.093202e-02   3.981297e+00  -1.870343e-02   4.018186e+00   1.818615e-02   3.976791e+00  -2.320946e-02   4.028181e+00   2.818055e-02
13.2	   4.035191e+00   3.519066e-02   3.997630e+00  -2.370473e-03   4.001009e+00   1.009035e-03   3.994270e+00  -5.729883e-03   4.012366e+00   1.236612e-02
13.3	   4.018658e+00   1.865795e-02   4.014632e+00   1.463190e-02   3.984159e+00  -1.584135e-02   4.012630e+00   1.263031e-02   3.995867e+00  -4.132824e-03
13.4	   4.002058e+00   2.057768e-03   4.031740e+00   3.173972e-02   3.968121e+00  -3.187939e-02   4.031178e+00   3.117793e-02   3.979695e+00  -2.030479e-02
13.5	   3.985543e+00  -1.445675e-02   4.048987e+00   4.898677e-02   3.952659e+00  -4.734116e-02   4.050422e+00   5.042158e-02   3.963796e+00  -3.620428e-02
13.6	   3.970299e+00  -2.970091e-02   4.063100e+00   6.309981e-02   3.940262e+00  -5.973766e-02   4.066553e+00   6.655284e-02   3.948815e+00  -5.118544e-02
13.7	   3.956295e+00  -4.370468e-02   4.071140e+00   7.113989e-02   3.933145e+00  -6.685532e-02   4.075757e+00   7.575690e-02   3.937514e+00  -6.248564e-02
13.8	   3.945014e+00  -5.498643e-02   4.071974e+00   7.197439e-02   3.932297e+00  -6.770265e-02   4.076634e+00   7.663378e-02   3.931970e+00  -6.803003e-02
13.9	   3.938189e+00  -6.181073e-02   4.065161e+00   6.516070e-02   3.938191e+00  -6.180859e-02   4.068579e+00   6.857938e-02   3.933185e+00  -6.681517e-02
14	   3.936758e+00  -6.324240e-02   4.051865e+00   5.186521e-02   3.949545e+00  -5.045540e-02   4.053842e+00   5.384222e-02   3.941390e+00  -5.860975e-02
14.1	   3.941152e+00  -5.884793e-02   4.034439e+00   3.443921e-02   3.964551e+00  -3.544912e-02   4.035623e+00   3.562299e-02   3.954980e+00  -4.502011e-02
14.2	   3.950509e+00  -4.949092e-02   4.016787e+00   1.678677e-02   3.980702e+00  -1.929752e-02   4.017704e+00   1.770370e-02   3.971842e+00  -2.815818e-02
14.3	   3.963866e+00  -3.613434e-02   3.999605e+00  -3.947526e-04   3.996922e+00  -3.078407e-03   4.000695e+00   6.952592e-04   3.988832e+00  -1.116791e-02
14.4	   3.979622e+00  -2.037819e-02   3.982994e+00  -1.700564e-02   4.013722e+00   1.372240e-02   3.984178e+00  -1.582163e-02   4.006806e+00   6.806172e-03
14.5	   3.996332e+00  -3.668338e-03   3.967376e+00  -3.262435e-02   4.030595e+00   3.059548e-02   3.968593e+00  -3.140745e-02   4.024973e+00   2.497260e-02
14.6	   4.013415e+00   1.341511e-02   3.952586e+00  -4.741404e-02   4.048038e+00   4.803833e-02   3.953554e+00  -4.644628e-02   4.044332e+00   4.433212e-02
14.7	   4.029566e+00   2.956585e-02   3.940918e+00  -5.908157e-02   4.062941e+00   6.294136e-02   3.941344e+00  -5.865586e-02   4.062248e+00   6.224843e-02
14.8	   4.044835e+00   4.483526e-02   3.934369e+00  -6.563130e-02   4.072111e+00   7.211109e-02   3.934036e+00  -6.596363e-02   4.074552e+00   7.455220e-02
14.9	   4.057589e+00   5.758875e-02   3.933919e+00  -6.608101e-02   4.073679e+00   7.367919e-02   3.932786e+00  -6.721391e-02   4.078816e+00   7.881572e-02
15	   4.066002e+00   6.600228e-02   3.939794e+00  -6.020636e-02   4.066950e+00   6.694965e-02   3.937997e+00  -6.200288e-02   4.074050e+00   7.404997e-02
15.1	   4.068289e+00   6.828902e-02   3.950829e+00  -4.917053e-02   4.053180e+00   5.318033e-02   3.948731e+00  -5.126890e-02   4.060925e+00   6.092542e-02
15.2	   4.062925e+00   6.292473e-02   3.965419e+00  -3.458123e-02   4.035381e+00   3.538117e-02   3.963309e+00  -3.669093e-02   4.042701e+00   4.270111e-02
15.3	   4.050854e+00   5.085420e-02   3.981302e+00  -1.869835e-02   4.017559e+00   1.755942e-02   3.979453e+00  -2.054655e-02   4.022981e+00   2.298060e-02
15.4	   4.035129e+00   3.512880e-02   3.997637e+00  -2.362567e-03   4.000482e+00   4.815321e-04   3.995620e+00  -4.379511e-03   4.005014e+00   5.013939e-03
15.5	   4.018611e+00   1.861090e-02   4.014637e+00   1.463712e-02   3.983900e+00  -1.609990e-02   4.012530e+00   1.253031e-02   3.987120e+00  -1.288005e-02
15.6	   4.002011e+00   2.011374e-03   4.031731e+00   3.173130e-02   3.968193e+00  -3.180748e-02   4.029521e+00   2.952119e-02   3.970062e+00  -2.993846e-02
15.7	   3.985496e+00  -1.450423e-02   4.048952e+00   4.895153e-02   3.953091e+00  -4.690868e-02   4.047209e+00   4.720883e-02   3.953106e+00  -4.689405e-02
15.8	   3.970254e+00  -2.974564e-02   4.063044e+00   6.304372e-02   3.940924e+00  -5.907579e-02   4.062611e+00   6.261116e-02   3.938715e+00  -6.128532e-02
15.9	   3.956257e+00  -4.374275e-02   4.071091e+00   7.109059e-02   3.933803e+00  -6.619746e-02   4.072298e+00   7.229788e-02   3.929610e+00  -7.038967e-02
16	   3.944986e+00  -5.501402e-02   4.071936e+00   7.193616e-02   3.932748e+00  -6.725250e-02   4.074433e+00   7.443327e-02   3.927233e+00  -7.276730e-02
16.1	   3.938169e+00  -6.183132e-02   4.065126e+00   6.512560e-02   3.938296e+00  -6.170407e-02   4.068285e+00   6.828467e-02   3.932303e+00  -6.769682e-02
16.2	   3.936738e+00  -6.326224e-02   4.051813e+00   5.181281e-02   3.949367e+00  -5.063290e-02   4.055022e+00   5.502246e-02   3.943856e+00  -5.614393e-02
16.3	   3.941136e+00  -5.886419e-02   4.034373e+00   3.437281e-02   3.964285e+00  -3.571528e-02   4.037416e+00   3.741588e-02   3.959852e+00  -4.014767e-02
16.4	   3.950502e+00  -4.949834e-02   4.016731e+00   1.673124e-02   3.980554e+00  -1.944597e-02   4.019247e+00   1.924701e-02   3.977787e+00  -2.221294e-02
16.5	   3.963868e+00  -3.613241e-02   3.999558e+00  -4.418339e-04   3.996983e+00  -3.017324e-03   4.001941e+00   1.941191e-03   3.995182e+00  -4.818405e-03
16.6	   3.979630e+00  -2.036959e-02   3.982970e+00  -1.702964e-02   4.014006e+00   1.400598e-02   3.984923e+00  -1.507732e-02   4.013297e+00   1.329669e-02
16.7	   3.996341e+00  -3.659179e-03   3.967387e+00  -3.261261e-02   4.031038e+00   3.103844e-02   3.968803e+00  -3.119725e-02   4.031464e+00   3.146406e-02
16.8	   4.013422e+00   1.342223e-02   3.952648e+00  -4.735195e-02   4.048446e+00   4.844552e-02   3.953130e+00  -4.686954e-02   4.050097e+00   5.009662e-02
16.9	   4.029574e+00   2.957431e-02   3.941024e+00  -5.897635e-02   4.063106e+00   6.310584e-02   3.940361e+00  -5.963882e-02   4.065489e+00   6.548896e-02
17	   4.044850e+00   4.484967e-02   3.934501e+00  -6.549870e-02   4.072033e+00   7.203278e-02   3.932754e+00  -6.724582e-02   4.074285e+00   7.428481e-02
17.1	   4.057611e+00   5.761123e-02   3.934062e+00  -6.593772e-02   4.073513e+00   7.351302e-02   3.931510e+00  -6.849029e-02   4.075057e+00   7.505684e-02
17.2	   4.066037e+00   6.603676e-02   3.939934e+00  -6.006635e-02   4.066835e+00   6.683496e-02   3.937037e+00  -6.296288e-02   4.067548e+00   6.754841e-02
17.3	   4.068328e+00   6.832775e-02   3.950964e+00  -4.903638e-02   4.053137e+00   5.313732e-02   3.948234e+00  -5.176603e-02   4.053554e+00   5.355427e-02
17.4	   4.062957e+00   6.295702e-02   3.965544e+00  -3.445611e-02   4.035343e+00   3.534282e-02   3.963242e+00  -3.675823e-02   4.036043e+00   3.604340e-02
17.5	   4.050881e+00   5.088140e-02   3.981405e+00  -1.859550e-02   4.017496e+00   1.749562e-02   3.979668e+00  -2.033156e-02   4.018584e+00   1.858397e-02
17.6	   4.035164e+00   3.516413e-02   3.997739e+00  -2.261446e-03   4.000386e+00   3.858806e-04   3.995976e+00  -4.024079e-03   4.002000e+00   2.000043e-03
17.7	   4.018653e+00   1.865327e-02   4.014729e+00   1.472887e-02   3.983798e+00  -1.620201e-02   4.012912e+00   1.291178e-02   3.985747e+00  -1.425270e-02
17.8	   4.002059e+00   2.059450e-03   4.031812e+00   3.181166e-02   3.968088e+00  -3.191165e-02   4.029880e+00   2.987974e-02   3.970360e+00  -2.963992e-02
17.9	   3.985548e+00  -1.445234e-02   4.048994e+00   4.899446e-02   3.952997e+00  -4.700313e-02   4.047474e+00   4.747370e-02   3.955319e+00  -4.468109e-02
18	   3.970317e+00  -2.968268e-02   4.063035e+00   6.303549e-02   3.940851e+00  -5.914850e-02   4.062697e+00   6.269687e-02   3.942694e+00  -5.730573e-02
18.1	   3.956337e+00  -4.366274e-02   4.071059e+00   7.105874e-02   3.933749e+00  -6.625147e-02   4.072193e+00   7.219257e-02   3.934700e+00  -6.530007e-02
18.2	   3.945077e+00  -5.492272e-02   4.071913e+00   7.191272e-02   3.932707e+00  -6.729344e-02   4.074187e+00   7.418664e-02   3.932576e+00  -6.742389e-02
18.3	   3.938266e+00  -6.173379e-02   4.065091e+00   6.509052e-02   3.938269e+00  -6.173092e-02   4.067918e+00   6.791753e-02   3.936942e+00  -6.305768e-02
18.4	   3.936821e+00  -6.317932e-02   4.051741e+00   5.174112e-02   3.949362e+00  -5.063847e-02   4.054576e+00   5.457617e-02   3.947063e+00  -5.293683e-02
18.5	   3.941188e+00  -5.881200e-02   4.034272e+00   3.427229e-02   3.964300e+00  -3.569972e-02   4.036938e+00   3.693782e-02   3.961360e+00  -3.864024e-02
18.6	   3.950532e+00  -4.946808e-02   4.016640e+00   1.664009e-02   3.980577e+00  -1.942286e-02   4.018854e+00   1.885362e-02   3.977701e+00  -2.229862e-02
18.7	   3.963889e+00  -3.611106e-02   3.999472e+00  -5.284113e-04   3.996990e+00  -3.009984e-03   4.001599e+00   1.599344e-03   3.993971e+00  -6.029015e-03
18.8	   3.979645e+00  -2.035511e-02   3.982896e+00  -1.710440e-02   4.013977e+00   1.397654e-02   3.984706e+00  -1.529370e-02   4.011270e+00   1.126978e-02
18.9	   3.996344e+00  -3.656494e-03   3.967311e+00  -3.268915e-02   4.030957e+00   3.095739e-02   3.968755e+00  -3.124488e-02   4.028739e+00   2.873851e-02
19	   4.013404e+00   1.340368e-02   3.952573e+00  -4.742706e-02   4.048334e+00   4.833370e-02   3.953320e+00  -4.667978e-02   4.047134e+00   4.713411e-02
19.1	   4.029534e+00   2.953400e-02   3.940951e+00  -5.904916e-02   4.063029e+00   6.302947e-02   3.940797e+00  -5.920332e-02   4.063272e+00   6.327159e-02
19.2	   4.044794e+00   4.479375e-02   3.934420e+00  -6.557986e-02   4.072013e+00   7.201264e-02   3.933361e+00  -6.663905e-02   4.073547e+00   7.354700e-02
19.3	   4.057543e+00   5.754300e-02   3.933970e+00  -6.602988e-02   4.073490e+00   7.349014e-02   3.932174e+00  -6.782567e-02   4.075901e+00   7.590098e-02
19.4	   4.065954e+00   6.595371e-02   3.939841e+00  -6.015875e-02   4.066741e+00   6.674058e-02   3.937628e+00  -6.237241e-02   4.069745e+00   6.974502e-02
19.5	   4.068228e+00   6.822821e-02   3.950886e+00  -4.911361e-02   4.052976e+00   5.297636e-02   3.948647e+00  -5.135276e-02   4.056192e+00   5.619178e-02
19.6	   4.062846e+00   6.284626e-02   3.965492e+00  -3.450806e-02   4.035184e+00   3.518428e-02   3.963445e+00  -3.655527e-02   4.038318e+00   3.831801e-02
19.7	   4.050776e+00   5.077562e-02   3.981381e+00  -1.861925e-02   4.017407e+00   1.740680e-02   3.979690e+00  -2.030985e-02   4.019886e+00   1.988579e-02
19.8	   4.035070e+00   3.507017e-02   3.997731e+00  -2.269485e-03   4.000359e+00   3.585550e-04   3.995922e+00  -4.077860e-03   4.002521e+00   2.520975e-03
19.9	   4.018576e+00   1.857597e-02   4.014728e+00   1.472819e-02   3.983832e+00  -1.616799e-02   4.012888e+00   1.288797e-02   3.985421e+00  -1.457868e-02
20	   4.001989e+00   1.989294e-03   4.031805e+00   3.180509e-02   3.968184e+00  -3.181591e-02   4.030002e+00   3.000213e-02   3.969174e+00  -3.082601e-02
20.1	   3.985488e+00  -1.451193e-02   4.048972e+00   4.897196e-02   3.953151e+00  -4.684881e-02   4.047858e+00   4.785817e-02   3.953323e+00  -4.667742e-02
20.2	   3.970269e+00  -2.973100e-02   4.063022e+00   6.302197e-02   3.941050e+00  -5.895024e-02   4.063291e+00   6.329113e-02   3.940265e+00  -5.973507e-02
20.3	   3.956301e+00  -4.369906e-02   4.071084e+00   7.108420e-02   3.933986e+00  -6.601407e-02   4.072740e+00   7.274020e-02   3.932347e+00  -6.765301e-02
20.4	   3.945047e+00  -5.495285e-02   4.071979e+00   7.197921e-02   3.932967e+00  -6.703275e-02   4.074418e+00   7.441796e-02   3.930723e+00  -6.927735e-02
20.5	   3.938234e+00  -6.176625e-02   4.065170e+00   6.516987e-02   3.938541e+00  -6.145882e-02   4.067640e+00   6.763953e-02   3.935963e+00  -6.403702e-02
20.6	   3.936793e+00  -6.320670e-02   4.051799e+00   5.179896e-02   3.949630e+00  -5.036989e-02   4.053918e+00   5.391842e-02   3.946964e+00  -5.303617e-02
20.7	   3.941178e+00  -5.882246e-02   4.034306e+00   3.430600e-02   3.964551e+00  -3.544945e-02   4.036196e+00   3.619632e-02   3.961932e+00  -3.806805e-02
20.8	   3.950537e+00  -4.946318e-02   4.016672e+00   1.667160e-02   3.980770e+00  -1.923046e-02   4.018322e+00   1.832184e-02   3.978552e+00  -2.144757e-02
20.9	   3.963907e+00  -3.609289e-02   3.999524e+00  -4.756703e-04   3.997145e+00  -2.854699e-03   4.001238e+00   1.237999e-03   3.994926e+00  -5.073711e-03
21	   3.979675e+00  -2.032545e-02   3.982982e+00  -1.701834e-02   4.014072e+00   1.407235e-02   3.984514e+00  -1.548621e-02   4.012059e+00   1.205867e-02
21.1	   3.996387e+00  -3.613478e-03   3.967439e+00  -3.256062e-02   4.030996e+00   3.099642e-02   3.968643e+00  -3.135668e-02   4.029220e+00   2.921976e-02
21.2	   4.013463e+00   1.346347e-02   3.952740e+00  -4.726036e-02   4.048322e+00   4.832205e-02   3.953216e+00  -4.678352e-02   4.047144e+00   4.714366e-02
21.3	   4.029620e+00   2.961951e-02   3.941152e+00  -5.884769e-02   4.062974e+00   6.297436e-02   3.940622e+00  -5.937820e-02   4.062847e+00   6.284679e-02
21.4	   4.044907e+00   4.490720e-02   3.934640e+00  -6.535956e-02   4.071903e+00   7.190278e-02   3.933051e+00  -6.694906e-02   4.072970e+00   7.297016e-02
21.5	   4.057681e+00   5.768095e-02   3.934182e+00  -6.581805e-02   4.073299e+00   7.329859e-02   3.931740e+00  -6.826007e-02   4.075452e+00   7.545187e-02
21.6	   4.066113e+00   6.611345e-02   3.940015e+00  -5.998548e-02   4.066439e+00   6.643882e-02   3.937167e+00  -6.283323e-02   4.069625e+00   6.962488e-02
21.7	   4.068394e+00   6.839390e-02   3.951004e+00  -4.899614e-02   4.052592e+00   5.259155e-02   3.948302e+00  -5.169842e-02   4.056388e+00   5.638811e-02
21.8	   4.062994e+00   6.299383e-02   3.965557e+00  -3.444346e-02   4.034777e+00   3.477669e-02   3.963310e+00  -3.668954e-02   4.038693e+00   3.869301e-02
21.9	   4.050892e+00   5.089214e-02   3.981403e+00  -1.859715e-02   4.017070e+00   1.707017e-02   3.979782e+00  -2.021784e-02   4.020268e+00   2.026752e-02
22	   4.035161e+00   3.516137e-02   3.997724e+00  -2.276138e-03   4.000052e+00   5.151225e-05   3.996182e+00  -3.817517e-03   4.002927e+00   2.927175e-03
22.1	   4.018638e+00   1.863845e-02   4.014690e+00   1.468959e-02   3.983565e+00  -1.643547e-02   4.013230e+00   1.323015e-02   3.985832e+00  -1.416825e-02
22.2	   4.002028e+00   2.028238e-03   4.031707e+00   3.170741e-02   3.967915e+00  -3.208512e-02   4.030370e+00   3.037037e-02   3.969652e+00  -3.034849e-02
22.3	   3.985508e+00  -1.449248e-02   4.048777e+00   4.877733e-02   3.952874e+00  -4.712597e-02   4.048205e+00   4.820489e-02   3.953902e+00  -4.609788e-02
22.4	   3.970274e+00  -2.972561e-02   4.062740e+00   6.274007e-02   3.940785e+00  -5.921508e-02   4.063637e+00   6.363686e-02   3.940908e+00  -5.909165e-02
22.5	   3.956290e+00  -4.371001e-02   4.070762e+00   7.076191e-02   3.933755e+00  -6.624524e-02   4.073161e+00   7.316055e-02   3.932994e+00  -6.700551e-02
22.6	   3.945018e+00  -5.498248e-02   4.071645e+00   7.164483e-02   3.932797e+00  -6.720280e-02   4.074944e+00   7.494448e-02   3.931312e+00  -6.868767e-02
22.7	   3.938184e+00  -6.181579e-02   4.064835e+00   6.483462e-02   3.938485e+00  -6.151481e-02   4.068213e+00   6.821315e-02   3.936412e+00  -6.358761e-02
22.8	   3.936721e+00  -6.327862e-02   4.051467e+00   5.146704e-02   3.949715e+00  -5.028502e-02   4.054416e+00   5.441555e-02   3.947209e+00  -5.279091e-02
22.9	   3.941081e+00  -5.891903e-02   4.033999e+00   3.399878e-02   3.964753e+00  -3.524691e-02   4.036570e+00   3.657023e-02   3.961956e+00  -3.804401e-02
23	   3.950421e+00  -4.957880e-02   4.016439e+00   1.643856e-02   3.981008e+00  -1.899218e-02   4.018581e+00   1.858062e-02   3.978397e+00  -2.160277e-02
23.1	   3.963774e+00  -3.622622e-02   3.999321e+00  -6.793224e-04   3.997431e+00  -2.569344e-03   4.001475e+00   1.474971e-03   3.994627e+00  -5.372553e-03
23.2	   3.979538e+00  -2.046175e-02   3.982817e+00  -1.718344e-02   4.014374e+00   1.437352e-02   3.984738e+00  -1.526187e-02   4.011664e+00   1.166424e-02
23.3	   3.996233e+00  -3.767221e-03   3.967307e+00  -3.269266e-02   4.031352e+00   3.135225e-02   3.968882e+00  -3.111831e-02   4.028728e+00   2.872751e-02
23.4	   4.013296e+00   1.329598e-02   3.952651e+00  -4.734932e-02   4.048770e+00   4.877010e-02   3.953445e+00  -4.655537e-02   4.046563e+00   4.656253e-02
23.5	   4.029434e+00   2.943415e-02   3.941115e+00  -5.888506e-02   4.063519e+00   6.351926e-02   3.940800e+00  -5.919996e-02   4.062216e+00   6.221610e-02
23.6	   4.044712e+00   4.471249e-02   3.934667e+00  -6.533295e-02   4.072497e+00   7.249718e-02   3.933160e+00  -6.684028e-02   4.072264e+00   7.226380e-02
23.7	   4.057499e+00   5.749907e-02   3.934280e+00  -6.571992e-02   4.073881e+00   7.388060e-02   3.931761e+00  -6.823865e-02   4.074574e+00   7.457355e-02
23.8	   4.065960e+00   6.595993e-02   3.940189e+00  -5.981083e-02   4.066940e+00   6.693993e-02   3.937090e+00  -6.290980e-02   4.068446e+00   6.844621e-02
23.9	   4.068271e+00   6.827114e-02   3.951254e+00  -4.874639e-02   4.052971e+00   5.297104e-02   3.948129e+00  -5.187071e-02   4.055002e+00   5.500171e-02
24	   4.062901e+00   6.290064e-02   3.965867e+00  -3.413334e-02   4.035049e+00   3.504931e-02   3.963043e+00  -3.695737e-02   4.037314e+00   3.731402e-02
24.1	   4.050839e+00   5.083876e-02   3.981719e+00  -1.828132e-02   4.017254e+00   1.725420e-02   3.979457e+00  -2.054267e-02   4.019227e+00   1.922672e-02
24.2	   4.035162e+00   3.516184e-02   3.998090e+00  -1.910469e-03   4.000206e+00   2.062025e-04   3.995763e+00  -4.236621e-03   4.002086e+00   2.085813e-03
24.3	   4.018693e+00   1.869292e-02   4.015069e+00   1.506938e-02   3.983682e+00  -1.631806e-02   4.012733e+00   1.273298e-02   3.985301e+00  -1.469850e-02
24.4	   4.002135e+00   2.134835e-03   4.032142e+00   3.214185e-02   3.967985e+00  -3.201498e-02   4.029760e+00   2.975995e-02   3.969469e+00  -3.053065e-02
24.5	   3.985662e+00  -1.433841e-02   4.049256e+00   4.925612e-02   3.952862e+00  -4.713791e-02   4.047472e+00   4.747222e-02   3.954149e+00  -4.585094e-02
24.6	   3.970478e+00  -2.952159e-02   4.063225e+00   6.322520e-02   3.940654e+00  -5.934566e-02   4.062826e+00   6.282614e-02   3.941590e+00  -5.841038e-02
24.7	   3.956547e+00  -4.345336e-02   4.071225e+00   7.122544e-02   3.933490e+00  -6.651025e-02   4.072305e+00   7.230544e-02   3.934021e+00  -6.597905e-02
24.8	   3.945313e+00  -5.468659e-02   4.072064e+00   7.206374e-02   3.932416e+00  -6.758407e-02   4.074045e+00   7.404546e-02   3.932543e+00  -6.745660e-02
24.9	   3.938501e+00  -6.149875e-02   4.065162e+00   6.516199e-02   3.938031e+00  -6.196857e-02   4.067317e+00   6.731652e-02   3.937689e+00  -6.231078e-02
25	   3.937051e+00  -6.294898e-02   4.051676e+00   5.167588e-02   3.949240e+00  -5.075968e-02   4.053631e+00   5.363076e-02   3.948421e+00  -5.157936e-02
25.1	   3.941412e+00  -5.858833e-02   4.034096e+00   3.409620e-02   3.964281e+00  -3.571893e-02   4.035991e+00   3.599069e-02   3.963066e+00  -3.693372e-02
25.2	   3.950738e+00  -4.926156e-02   4.016448e+00   1.644776e-02   3.980588e+00  -1.941182e-02   4.018273e+00   1.827327e-02   3.979310e+00  -2.069010e-02
25.3	   3.964065e+00  -3.593472e-02   3.999268e+00  -7.319281e-04   3.996973e+00  -3.027165e-03   4.001346e+00   1.346398e-03   3.995616e+00  -4.384078e-03
25.4	   3.979770e+00  -2.023020e-02   3.982700e+00  -1.729990e-02   4.013892e+00   1.389230e-02   3.984790e+00  -1.521029e-02   4.012733e+00   1.273335e-02
25.5	   3.996438e+00  -3.562476e-03   3.967095e+00  -3.290474e-02   4.030795e+00   3.079514e-02   3.969148e+00  -3.085164e-02   4.029979e+00   2.997898e-02
25.6	   4.013464e+00   1.346399e-02   3.952324e+00  -4.767640e-02   4.048156e+00   4.815571e-02   3.953999e+00  -4.600112e-02   4.047938e+00   4.793849e-02
25.7	   4.029562e+00   2.956194e-02   3.940676e+00  -5.932433e-02   4.062930e+00   6.292990e-02   3.941651e+00  -5.834880e-02   4.063350e+00   6.335050e-02
25.8	   4.044778e+00   4.477825e-02   3.934122e+00  -6.587776e-02   4.072004e+00   7.200439e-02   3.934270e+00  -6.572953e-02   4.072796e+00   7.279628e-02
25.9	   4.057466e+00   5.746554e-02   3.933650e+00  -6.634988e-02   4.073484e+00   7.348407e-02   3.933064e+00  -6.693636e-02   4.074404e+00   7.440378e-02
26	   4.065804e+00   6.580438e-02   3.939514e+00  -6.048616e-02   4.066627e+00   6.662721e-02   3.938474e+00  -6.152587e-02   4.067627e+00   6.762683e-02
26.1	   4.068010e+00   6.800978e-02   3.950585e+00  -4.941492e-02   4.052756e+00   5.275587e-02   3.949449e+00  -5.055090e-02   4.053867e+00   5.386710e-02
26.2	   4.062554e+00   6.255407e-02   3.965261e+00  -3.473912e-02   4.034977e+00   3.497675e-02   3.964202e+00  -3.579756e-02   4.036106e+00   3.610621e-02
26.3	   4.050452e+00   5.045248e-02   3.981257e+00  -1.874291e-02   4.017342e+00   1.734233e-02   3.980309e+00  -1.969141e-02   4.018157e+00   1.815732e-02
26.4	   4.034760e+00   3.476049e-02   3.997672e+00  -2.327597e-03   4.000451e+00   4.507444e-04   3.996493e+00  -3.507084e-03   4.000921e+00   9.214462e-04
26.5	   4.018314e+00   1.831400e-02   4.014720e+00   1.472016e-02   3.984066e+00  -1.593413e-02   4.013305e+00   1.330480e-02   3.984031e+00  -1.596890e-02
26.6	   4.001736e+00   1.735984e-03   4.031816e+00   3.181616e-02   3.968557e+00  -3.144340e-02   4.030214e+00   3.021420e-02   3.967905e+00  -3.209516e-02
26.7	   3.985251e+00  -1.474870e-02   4.048980e+00   4.897953e-02   3.953642e+00  -4.635751e-02   4.047747e+00   4.774737e-02   3.952265e+00  -4.773541e-02
26.8	   3.970049e+00  -2.995116e-02   4.063069e+00   6.306864e-02   3.941601e+00  -5.839876e-02   4.062784e+00   6.278404e-02   3.939577e+00  -6.042344e-02
26.9	   3.956109e+00  -4.389139e-02   4.071246e+00   7.124553e-02   3.934546e+00  -6.545393e-02   4.071845e+00   7.184466e-02   3.932110e+00  -6.788957e-02
27	   3.944906e+00  -5.509413e-02   4.072260e+00   7.226018e-02   3.933507e+00  -6.649286e-02   4.073137e+00   7.313715e-02   3.930941e+00  -6.905927e-02
27.1	   3.938146e+00  -6.185435e-02   4.065505e+00   6.550496e-02   3.939055e+00  -6.094546e-02   4.065998e+00   6.599766e-02   3.936605e+00  -6.339484e-02
27.2	   3.936743e+00  -6.325720e-02   4.052096e+00   5.209611e-02   3.950111e+00  -4.988895e-02   4.052114e+00   5.211426e-02   3.947924e+00  -5.207611e-02
27.3	   3.941168e+00  -5.883200e-02   4.034551e+00   3.455110e-02   3.964959e+00  -3.504077e-02   4.034471e+00   3.447084e-02   3.963118e+00  -3.688228e-02
27.4	   3.950576e+00  -4.942428e-02   4.016889e+00   1.688936e-02   3.981009e+00  -1.899088e-02   4.016978e+00   1.697805e-02   3.979751e+00  -2.024893e-02
27.5	   3.963998e+00  -3.600244e-02   3.999788e+00  -2.116962e-04   3.997231e+00  -2.768619e-03   4.000022e+00   2.210889e-05   3.996360e+00  -3.639587e-03
27.6	   3.979804e+00  -2.019570e-02   3.983296e+00  -1.670409e-02   4.013950e+00   1.395040e-02   3.983469e+00  -1.653070e-02   4.013712e+00   1.371190e-02
27.7	   3.996567e+00  -3.433138e-03   3.967845e+00  -3.215505e-02   4.030625e+00   3.062513e-02   3.967692e+00  -3.230831e-02   4.031313e+00   3.131334e-02
27.8	   4.013688e+00   1.368785e-02   3.953205e+00  -4.679492e-02   4.047707e+00   4.770679e-02   3.952472e+00  -4.752758e-02   4.049744e+00   4.974409e-02
27.9	   4.029910e+00   2.990951e-02   3.941595e+00  -5.840525e-02   4.062188e+00   6.218795e-02   3.940275e+00  -5.972496e-02   4.065560e+00   6.555978e-02
28	   4.045283e+00   4.528299e-02   3.934986e+00  -6.501409e-02   4.070967e+00   7.096742e-02   3.933229e+00  -6.677051e-02   4.075185e+00   7.518532e-02
28.1	   4.058124e+00   5.812437e-02   3.934379e+00  -6.562101e-02   4.072168e+00   7.216762e-02   3.932465e+00  -6.753536e-02   4.076793e+00   7.679317e-02
28.2	   4.066574e+00   6.657409e-02   3.940044e+00  -5.995623e-02   4.065078e+00   6.507757e-02   3.938380e+00  -6.162034e-02   4.069714e+00   6.971362e-02
28.3	   4.068812e+00   6.881197e-02   3.950894e+00  -4.910556e-02   4.051139e+00   5.113921e-02   3.949794e+00  -5.020554e-02   4.055456e+00   5.545606e-02
28.4	   4.063310e+00   6.331017e-02   3.965348e+00  -3.465214e-02   4.033470e+00   3.346953e-02   3.964875e+00  -3.512484e-02   4.037168e+00   3.716801e-02
28.5	   4.051106e+00   5.110583e-02   3.981142e+00  -1.885821e-02   4.016160e+00   1.615996e-02   3.981114e+00  -1.888590e-02   4.018679e+00   1.867927e-02
28.6	   4.035302e+00   3.530171e-02   3.997380e+00  -2.619769e-03   3.999368e+00  -6.318908e-04   3.997516e+00  -2.483865e-03   4.001113e+00   1.112835e-03
28.7	   4.018702e+00   1.870218e-02   4.014240e+00   1.423999e-02   3.983119e+00  -1.688101e-02   4.014524e+00   1.452363e-02   3.983865e+00  -1.613477e-02
28.8	   4.002007e+00   2.006843e-03   4.031044e+00   3.104435e-02   3.967652e+00  -3.234767e-02   4.031806e+00   3.180609e-02   3.967277e+00  -3.272325e-02
28.9	   3.985398e+00  -1.460242e-02   4.047839e+00   4.783894e-02   3.952841e+00  -4.715888e-02   4.049736e+00   4.973591e-02   3.951064e+00  -4.893640e-02
29	   3.970080e+00  -2.991954e-02   4.061608e+00   6.160840e-02   3.941035e+00  -5.896467e-02   4.064927e+00   6.492678e-02   3.937829e+00  -6.217111e-02
29.1	   3.956014e+00  -4.398569e-02   4.069610e+00   6.961000e-02   3.934306e+00  -6.569362e-02   4.073856e+00   7.385578e-02   3.929925e+00  -7.007465e-02
29.2	   3.944676e+00  -5.532449e-02   4.070583e+00   7.058343e-02   3.933640e+00  -6.636037e-02   4.074867e+00   7.486726e-02   3.928472e+00  -7.152787e-02
29.3	   3.937790e+00  -6.221042e-02   4.063900e+00   6.390008e-02   3.939562e+00  -6.043795e-02   4.067295e+00   6.729483e-02   3.934060e+00  -6.593961e-02
29.4	   3.936257e+00  -6.374302e-02   4.050646e+00   5.064596e-02   3.950904e+00  -4.909585e-02   4.052933e+00   5.293268e-02   3.945520e+00  -5.448023e-02
29.5	   3.940529e+00  -5.947085e-02   4.033336e+00   3.333590e-02   3.965926e+00  -3.407414e-02   4.034831e+00   3.483064e-02   3.961012e+00  -3.898848e-02
29.6	   3.949826e+00  -5.017437e-02   4.016030e+00   1.603012e-02   3.981970e+00  -1.802960e-02   4.016934e+00   1.693413e-02   3.978208e+00  -2.179191e-02
29.7	   3.963195e+00  -3.680465e-02   3.999097e+00  -9.030326e-04   3.998304e+00  -1.695768e-03   3.999630e+00  -3.697988e-04   3.995045e+00  -4.954855e-03
29.8	   3.979041e+00  -2.095862e-02   3.982794e+00  -1.720591e-02   4.015078e+00   1.507822e-02   3.982728e+00  -1.727194e-02   4.012712e+00   1.271162e-02
29.9	   3.995740e+00  -4.260036e-03   3.967510e+00  -3.248996e-02   4.031930e+00   3.193007e-02   3.966440e+00  -3.355997e-02   4.030600e+00   3.059986e-02
30	   4.012819e+00   1.281930e-02   3.953132e+00  -4.686763e-02   4.049160e+00   4.916033e-02   3.950647e+00  -4.935325e-02   4.049455e+00   4.945528e-02
30.1	   4.028982e+00   2.898209e-02   3.941854e+00  -5.814649e-02   4.063621e+00   6.362055e-02   3.937971e+00  -6.202925e-02   4.065852e+00   6.585158e-02
30.2	   4.044346e+00   4.434620e-02   3.935579e+00  -6.442091e-02   4.072180e+00   7.218019e-02   3.930623e+00  -6.937657e-02   4.076093e+00   7.609283e-02
30.3	   4.057287e+00   5.728686e-02   3.935268e+00  -6.473211e-02   4.073009e+00   7.300933e-02   3.929783e+00  -7.021734e-02   4.078355e+00   7.835493e-02
30.4	   4.065926e+00   6.592627e-02   3.941162e+00  -5.883801e-02   4.065437e+00   6.543731e-02   3.935880e+00  -6.411964e-02   4.071737e+00   7.173704e-02
30.5	   4.068387e+00   6.838692e-02   3.952143e+00  -4.785724e-02   4.051083e+00   5.108345e-02   3.947666e+00  -5.233382e-02   4.057684e+00   5.768418e-02
30.6	   4.063137e+00   6.313716e-02   3.966631e+00  -3.336938e-02   4.033098e+00   3.309828e-02   3.963206e+00  -3.679374e-02   4.039381e+00   3.938056e-02
30.7	   4.051162e+00   5.116239e-02   3.982269e+00  -1.773072e-02   4.015589e+00   1.558936e-02   3.980038e+00  -1.996237e-02   4.020480e+00   2.048031e-02
30.8	   4.035555e+00   3.555504e-02   3.998527e+00  -1.473150e-03   3.998538e+00  -1.462368e-03   3.996749e+00  -3.251425e-03   4.002863e+00   2.863100e-03
30.9	   4.019082e+00   1.908152e-02   4.015325e+00   1.532543e-02   3.982045e+00  -1.795536e-02   4.014122e+00   1.412159e-02   3.985461e+00  -1.453891e-02
31	   4.002529e+00   2.529024e-03   4.032145e+00   3.214538e-02   3.966157e+00  -3.384330e-02   4.031797e+00   3.179723e-02   3.968830e+00  -3.117001e-02
31.1	   3.986040e+00  -1.396046e-02   4.048858e+00   4.885801e-02   3.950913e+00  -4.908665e-02   4.050285e+00   5.028469e-02   3.952427e+00  -4.757272e-02
31.2	   3.970838e+00  -2.916153e-02   4.062374e+00   6.237379e-02   3.938828e+00  -6.117180e-02   4.066121e+00   6.612069e-02   3.938718e+00  -6.128222e-02
31.3	   3.956869e+00  -4.313096e-02   4.069974e+00   6.997412e-02   3.932049e+00  -6.795088e-02   4.075598e+00   7.559781e-02   3.930157e+00  -6.984296e-02
31.4	   3.945558e+00  -5.444208e-02   4.070474e+00   7.047406e-02   3.931543e+00  -6.845718e-02   4.077074e+00   7.707438e-02   3.927976e+00  -7.202396e-02
31.5	   3.938633e+00  -6.136655e-02   4.063303e+00   6.330314e-02   3.937806e+00  -6.219360e-02   4.069730e+00   6.972970e-02   3.932790e+00  -6.720992e-02
31.6	   3.937049e+00  -6.295114e-02   4.049686e+00   4.968561e-02   3.949594e+00  -5.040591e-02   4.055346e+00   5.534595e-02   3.943632e+00  -5.636758e-02
31.7	   3.941254e+00  -5.874634e-02   4.032166e+00   3.216583e-02   3.965097e+00  -3.490285e-02   4.037036e+00   3.703592e-02   3.958718e+00  -4.128214e-02
31.8	   3.950426e+00  -4.957388e-02   4.014857e+00   1.485690e-02   3.981617e+00  -1.838283e-02   4.018624e+00   1.862356e-02   3.975924e+00  -2.407569e-02
31.9	   3.963595e+00  -3.640451e-02   3.997766e+00  -2.233952e-03   3.998258e+00  -1.741823e-03   4.001134e+00   1.133975e-03   3.992618e+00  -7.381963e-03
32	   3.979180e+00  -2.082014e-02   3.981357e+00  -1.864269e-02   4.015332e+00   1.533178e-02   3.983942e+00  -1.605774e-02   4.010222e+00   1.022227e-02
32.1	   3.995650e+00  -4.350073e-03   3.965762e+00  -3.423784e-02   4.032579e+00   3.257916e-02   3.967416e+00  -3.258441e-02   4.027892e+00   2.789243e-02
32.2	   4.012498e+00   1.249811e-02   3.951114e+00  -4.888587e-02   4.050353e+00   5.035340e-02   3.951226e+00  -4.877440e-02   4.046540e+00   4.654046e-02
32.3	   4.028379e+00   2.837899e-02   3.939761e+00  -6.023888e-02   4.065350e+00   6.535012e-02   3.938000e+00  -6.199952e-02   4.063141e+00   6.314100e-02
32.4	   4.043364e+00   4.336401e-02   3.933595e+00  -6.640514e-02   4.074288e+00   7.428790e-02   3.930026e+00  -6.997428e-02   4.073975e+00   7.397482e-02
32.5	   4.055903e+00   5.590318e-02   3.933552e+00  -6.644841e-02   4.075327e+00   7.532742e-02   3.928551e+00  -7.144859e-02   4.076858e+00   7.685796e-02
32.6	   4.064244e+00   6.424370e-02   3.939850e+00  -6.015046e-02   4.067750e+00   6.775014e-02   3.934077e+00  -6.592250e-02   4.071256e+00   7.125633e-02
32.7	   4.066567e+00   6.656712e-02   3.951310e+00  -4.869039e-02   4.053140e+00   5.313994e-02   3.945472e+00  -5.452775e-02   4.058145e+00   5.814520e-02
32.8	   4.061323e+00   6.132302e-02   3.966282e+00  -3.371814e-02   4.034755e+00   3.475530e-02   3.960827e+00  -3.917308e-02   4.040535e+00   4.053496e-02
32.9	   4.049512e+00   4.951192e-02   3.982353e+00  -1.764699e-02   4.016717e+00   1.671728e-02   3.977892e+00  -2.210786e-02   4.021922e+00   2.192224e-02
33	   4.034131e+00   3.413140e-02   3.998971e+00  -1.028571e-03   3.999385e+00  -6.145824e-04   3.994509e+00  -5.491285e-03   4.004705e+00   4.705185e-03
33.1	   4.018006e+00   1.800645e-02   4.016147e+00   1.614706e-02   3.982548e+00  -1.745159e-02   4.011942e+00   1.194213e-02   3.987652e+00  -1.234775e-02
33.2	   4.001674e+00   1.673741e-03   4.033507e+00   3.350708e-02   3.966279e+00  -3.372060e-02   4.029524e+00   2.952417e-02   3.971572e+00  -2.842821e-02
33.3	   3.985425e+00  -1.457459e-02   4.050788e+00   5.078842e-02   3.950502e+00  -4.949768e-02   4.048031e+00   4.803081e-02   3.955771e+00  -4.422878e-02
33.4	   3.970448e+00  -2.955242e-02   4.064743e+00   6.474302e-02   3.937778e+00  -6.222224e-02   4.064250e+00   6.425048e-02   3.942254e+00  -5.774606e-02
33.5	   3.956705e+00  -4.329491e-02   4.072571e+00   7.257076e-02   3.930363e+00  -6.963670e-02   4.074381e+00   7.438110e-02   3.933406e+00  -6.659358e-02
33.6	   3.945632e+00  -5.436835e-02   4.073095e+00   7.309498e-02   3.929356e+00  -7.064359e-02   4.076497e+00   7.649711e-02   3.930559e+00  -6.944098e-02
33.7	   3.938948e+00  -6.105161e-02   4.065671e+00   6.567054e-02   3.935399e+00  -6.460060e-02   4.070014e+00   7.001379e-02   3.934300e+00  -6.570005e-02
33.8	   3.937586e+00  -6.241389e-02   4.051588e+00   5.158810e-02   3.947216e+00  -5.278382e-02   4.056383e+00   5.638265e-02   3.944008e+00  -5.599216e-02
33.9	   3.942008e+00  -5.799186e-02   4.033515e+00   3.351511e-02   3.962874e+00  -3.712626e-02   4.038617e+00   3.861683e-02   3.958043e+00  -4.195745e-02
34	   3.951387e+00  -4.861296e-02   4.015606e+00   1.560624e-02   3.979823e+00  -2.017692e-02   4.020325e+00   2.032535e-02   3.974515e+00  -2.548526e-02
34.1	   3.964683e+00  -3.531719e-02   3.998116e+00  -1.884136e-03   3.996540e+00  -3.460213e-03   4.003131e+00   3.130851e-03   3.990656e+00  -9.344171e-03
34.2	   3.980242e+00  -1.975805e-02   3.981285e+00  -1.871529e-02   4.013794e+00   1.379373e-02   3.986135e+00  -1.386545e-02   4.007781e+00   7.781163e-03
34.3	   3.996781e+00  -3.218770e-03   3.965180e+00  -3.481990e-02   4.031132e+00   3.113202e-02   3.970016e+00  -2.998439e-02   4.024874e+00   2.487353e-02
34.4	   4.013627e+00   1.362718e-02   3.949895e+00  -5.010460e-02   4.049191e+00   4.919064e-02   3.954170e+00  -4.583028e-02   4.042738e+00   4.273819e-02
34.5	   4.029498e+00   2.949788e-02   3.937883e+00  -6.211706e-02   4.064787e+00   6.478699e-02   3.940895e+00  -5.910531e-02   4.058954e+00   5.895359e-02
34.6	   4.044388e+00   4.438760e-02   3.931172e+00  -6.882792e-02   4.074485e+00   7.448530e-02   3.932501e+00  -6.749928e-02   4.069897e+00   6.989670e-02
34.7	   4.056674e+00   5.667366e-02   3.930778e+00  -6.922171e-02   4.076223e+00   7.622274e-02   3.930330e+00  -6.966975e-02   4.073229e+00   7.322908e-02
34.8	   4.064619e+00   6.461870e-02   3.936961e+00  -6.303853e-02   4.069283e+00   6.928293e-02   3.934879e+00  -6.512055e-02   4.068483e+00   6.848265e-02
34.9	   4.066517e+00   6.651707e-02   3.948521e+00  -5.147920e-02   4.055077e+00   5.507728e-02   3.945279e+00  -5.472055e-02   4.056470e+00   5.647041e-02
35	   4.060750e+00   6.074957e-02   3.963811e+00  -3.618941e-02   4.036887e+00   3.688724e-02   3.959781e+00  -4.021950e-02   4.039979e+00   3.997851e-02
