           0.1	(   7.556740e-01   0.000000e+00  3.065189e-05) (   3.778370e+00   0.000000e+00  6.332618e-06) (   7.556740e+00   0.000000e+00  1.432709e-06) (   1.133511e+01   0.000000e+00  3.356708e-07) (   1.511348e+01   0.000000e+00  7.889253e-08) 
0.2	(   7.556740e-01   0.000000e+00  2.032874e-04) (   3.778370e+00   0.000000e+00  3.994132e-05) (   7.556740e+00   0.000000e+00  9.036954e-06) (   1.133511e+01   0.000000e+00  2.133046e-06) (   1.511348e+01   0.000000e+00  5.054694e-07) 
0.3	(   7.556740e-01   0.000000e+00  5.802380e-04) (   3.778370e+00   0.000000e+00  1.092298e-04) (   7.556740e+00   0.000000e+00  2.481250e-05) (   1.133511e+01   0.000000e+00  5.922397e-06) (   1.511348e+01   0.000000e+00  1.420090e-06) 
0.4	(   7.556740e-01   0.000000e+00  1.193609e-03) (   3.778370e+00   0.000000e+00  2.178733e-04) (   7.556740e+00   0.000000e+00  4.991272e-05) (   1.133511e+01   0.000000e+00  1.209457e-05) (   1.511348e+01   0.000000e+00  2.945106e-06) 
0.5	(   7.556740e-01   0.000000e+00  2.056789e-03) (   3.778370e+00   0.000000e+00  3.697239e-04) (   7.556740e+00   0.000000e+00  8.582254e-05) (   1.133511e+01   0.000000e+00  2.118704e-05) (   1.511348e+01   0.000000e+00  5.255288e-06) 
0.6	(   7.556740e-01   0.000000e+00  3.140871e-03) (   3.778370e+00   0.000000e+00  5.655635e-04) (   7.556740e+00   0.000000e+00  1.336627e-04) (   1.133511e+01   0.000000e+00  3.373220e-05) (   1.511348e+01   0.000000e+00  8.546235e-06) 
0.7	(   7.556740e-01   0.000000e+00  4.354125e-03) (   3.778370e+00   0.000000e+00  8.007815e-04) (   7.556740e+00   0.000000e+00  1.936757e-04) (   1.133511e+01   0.000000e+00  5.014697e-05) (   1.511348e+01   0.000000e+00  1.301312e-05) 
0.8	(   7.556740e-01   0.000000e+00  5.533251e-03) (   3.778370e+00   0.000000e+00  1.064868e-03) (   7.556740e+00   0.000000e+00  2.650198e-04) (   1.133511e+01   0.000000e+00  7.066196e-05) (   1.511348e+01   0.000000e+00  1.883070e-05) 
0.9	(   7.556740e-01   0.000000e+00  6.457913e-03) (   3.778370e+00   0.000000e+00  1.347122e-03) (   7.556740e+00   0.000000e+00  3.472220e-04) (   1.133511e+01   0.000000e+00  9.569709e-05) (   1.511348e+01   0.000000e+00  2.625391e-05) 
1	(   7.556740e-01   0.000000e+00  6.837013e-03) (   3.778370e+00   0.000000e+00  1.628017e-03) (   7.556740e+00   0.000000e+00  4.378985e-04) (   1.133511e+01   0.000000e+00  1.252553e-04) (   1.511348e+01   0.000000e+00  3.546123e-05) 
1.1	(   7.556740e-01   0.000000e+00  6.391794e-03) (   3.778370e+00   0.000000e+00  1.886635e-03) (   7.556740e+00   0.000000e+00  5.345967e-04) (   1.133511e+01   0.000000e+00  1.593992e-04) (   1.511348e+01   0.000000e+00  4.668554e-05) 
1.2	(   7.556740e-01   0.000000e+00  4.868530e-03) (   3.778370e+00   0.000000e+00  2.106529e-03) (   7.556740e+00   0.000000e+00  6.357123e-04) (   1.133511e+01   0.000000e+00  1.983458e-04) (   1.511348e+01   0.000000e+00  6.020796e-05) 
1.3	(   7.556740e-01   0.000000e+00  2.117004e-03) (   3.778370e+00   0.000000e+00  2.253642e-03) (   7.556740e+00   0.000000e+00  7.358490e-04) (   1.133511e+01   0.000000e+00  2.414795e-04) (   1.511348e+01   0.000000e+00  7.615973e-05) 
1.4	(   7.556740e-01   0.000000e+00 -1.765601e-03) (   3.778370e+00   0.000000e+00  2.293971e-03) (   7.556740e+00   0.000000e+00  8.289636e-04) (   1.133511e+01   0.000000e+00  2.878864e-04) (   1.511348e+01   0.000000e+00  9.458916e-05) 
1.5	(   7.556740e-01   0.000000e+00 -6.391788e-03) (   3.778370e+00   0.000000e+00  2.192833e-03) (   7.556740e+00   0.000000e+00  9.094898e-04) (   1.133511e+01   0.000000e+00  3.367939e-04) (   1.511348e+01   0.000000e+00  1.156104e-04) 
1.6	(   7.556740e-01   0.000000e+00 -1.118445e-02) (   3.778370e+00   0.000000e+00  1.928785e-03) (   7.556740e+00   0.000000e+00  9.728427e-04) (   1.133511e+01   0.000000e+00  3.874843e-04) (   1.511348e+01   0.000000e+00  1.393077e-04) 
1.7	(   7.556740e-01   0.000000e+00 -1.555800e-02) (   3.778370e+00   0.000000e+00  1.488163e-03) (   7.556740e+00   0.000000e+00  1.015368e-03) (   1.133511e+01   0.000000e+00  4.393856e-04) (   1.511348e+01   0.000000e+00  1.658332e-04) 
1.8	(   7.556740e-01   0.000000e+00 -1.899461e-02) (   3.778370e+00   0.000000e+00  8.571084e-04) (   7.556740e+00   0.000000e+00  1.032223e-03) (   1.133511e+01   0.000000e+00  4.911607e-04) (   1.511348e+01   0.000000e+00  1.950943e-04) 
1.9	(   7.556740e-01   0.000000e+00 -2.101413e-02) (   3.778370e+00   0.000000e+00  2.505863e-05) (   7.556740e+00   0.000000e+00  1.015662e-03) (   1.133511e+01   0.000000e+00  5.409839e-04) (   1.511348e+01   0.000000e+00  2.268963e-04) 
2	(   7.556740e-01   0.000000e+00 -2.122959e-02) (   3.778370e+00   0.000000e+00 -1.003300e-03) (   7.556740e+00   0.000000e+00  9.602781e-04) (   1.133511e+01   0.000000e+00  5.868115e-04) (   1.511348e+01   0.000000e+00  2.608868e-04) 
2.1	(   7.556740e-01   0.000000e+00 -1.928821e-02) (   3.778370e+00   0.000000e+00 -2.214334e-03) (   7.556740e+00   0.000000e+00  8.589370e-04) (   1.133511e+01   0.000000e+00  6.259640e-04) (   1.511348e+01   0.000000e+00  2.965433e-04) 
2.2	(   7.556740e-01   0.000000e+00 -1.522432e-02) (   3.778370e+00   0.000000e+00 -3.583207e-03) (   7.556740e+00   0.000000e+00  7.037768e-04) (   1.133511e+01   0.000000e+00  6.550121e-04) (   1.511348e+01   0.000000e+00  3.330229e-04) 
2.3	(   7.556740e-01   0.000000e+00 -9.317844e-03) (   3.778370e+00   0.000000e+00 -5.069361e-03) (   7.556740e+00   0.000000e+00  4.860227e-04) (   1.133511e+01   0.000000e+00  6.700639e-04) (   1.511348e+01   0.000000e+00  3.692093e-04) 
2.4	(   7.556740e-01   0.000000e+00 -2.021438e-03) (   3.778370e+00   0.000000e+00 -6.581775e-03) (   7.556740e+00   0.000000e+00  2.063630e-04) (   1.133511e+01   0.000000e+00  6.684094e-04) (   1.511348e+01   0.000000e+00  4.041636e-04) 
2.5	(   7.556740e-01   0.000000e+00  6.070933e-03) (   3.778370e+00   0.000000e+00 -7.996018e-03) (   7.556740e+00   0.000000e+00 -1.338135e-04) (   1.133511e+01   0.000000e+00  6.469277e-04) (   1.511348e+01   0.000000e+00  4.366631e-04) 
2.6	(   7.556740e-01   0.000000e+00  1.418830e-02) (   3.778370e+00   0.000000e+00 -9.200992e-03) (   7.556740e+00   0.000000e+00 -5.379665e-04) (   1.133511e+01   0.000000e+00  6.009327e-04) (   1.511348e+01   0.000000e+00  4.648525e-04) 
2.7	(   7.556740e-01   0.000000e+00  2.158371e-02) (   3.778370e+00   0.000000e+00 -1.005150e-02) (   7.556740e+00   0.000000e+00 -1.005677e-03) (   1.133511e+01   0.000000e+00  5.256493e-04) (   1.511348e+01   0.000000e+00  4.866030e-04) 
2.8	(   7.556740e-01   0.000000e+00  2.783595e-02) (   3.778370e+00   0.000000e+00 -1.038464e-02) (   7.556740e+00   0.000000e+00 -1.527162e-03) (   1.133511e+01   0.000000e+00  4.182969e-04) (   1.511348e+01   0.000000e+00  5.000521e-04) 
2.9	(   7.556740e-01   0.000000e+00  3.233832e-02) (   3.778370e+00   0.000000e+00 -1.002142e-02) (   7.556740e+00   0.000000e+00 -2.085413e-03) (   1.133511e+01   0.000000e+00  2.770088e-04) (   1.511348e+01   0.000000e+00  5.032781e-04) 
3	(   7.556740e-01   0.000000e+00  3.448373e-02) (   3.778370e+00   0.000000e+00 -8.804261e-03) (   7.556740e+00   0.000000e+00 -2.658885e-03) (   1.133511e+01   0.000000e+00  1.011791e-04) (   1.511348e+01   0.000000e+00  4.939742e-04) 
3.1	(   7.556740e-01   0.000000e+00  3.384932e-02) (   3.778370e+00   0.000000e+00 -6.629365e-03) (   7.556740e+00   0.000000e+00 -3.222146e-03) (   1.133511e+01   0.000000e+00 -1.090455e-04) (   1.511348e+01   0.000000e+00  4.700742e-04) 
3.2	(   7.556740e-01   0.000000e+00  3.005578e-02) (   3.778370e+00   0.000000e+00 -3.499665e-03) (   7.556740e+00   0.000000e+00 -3.747090e-03) (   1.133511e+01   0.000000e+00 -3.526732e-04) (   1.511348e+01   0.000000e+00  4.293228e-04) 
3.3	(   7.556740e-01   0.000000e+00  2.353514e-02) (   3.778370e+00   0.000000e+00  4.926791e-04) (   7.556740e+00   0.000000e+00 -4.199237e-03) (   1.133511e+01   0.000000e+00 -6.273622e-04) (   1.511348e+01   0.000000e+00  3.694824e-04) 
3.4	(   7.556740e-01   0.000000e+00  1.483081e-02) (   3.778370e+00   0.000000e+00  5.134730e-03) (   7.556740e+00   0.000000e+00 -4.540031e-03) (   1.133511e+01   0.000000e+00 -9.280924e-04) (   1.511348e+01   0.000000e+00  2.890699e-04) 
3.5	(   7.556740e-01   0.000000e+00  3.963552e-03) (   3.778370e+00   0.000000e+00  1.006550e-02) (   7.556740e+00   0.000000e+00 -4.737932e-03) (   1.133511e+01   0.000000e+00 -1.250031e-03) (   1.511348e+01   0.000000e+00  1.862353e-04) 
3.6	(   7.556740e-01   0.000000e+00 -8.328986e-03) (   3.778370e+00   0.000000e+00  1.483532e-02) (   7.556740e+00   0.000000e+00 -4.758345e-03) (   1.133511e+01   0.000000e+00 -1.585296e-03) (   1.511348e+01   0.000000e+00  6.019365e-05) 
3.7	(   7.556740e-01   0.000000e+00 -2.083873e-02) (   3.778370e+00   0.000000e+00  1.898310e-02) (   7.556740e+00   0.000000e+00 -4.548854e-03) (   1.133511e+01   0.000000e+00 -1.920420e-03) (   1.511348e+01   0.000000e+00 -8.867384e-05) 
3.8	(   7.556740e-01   0.000000e+00 -3.307010e-02) (   3.778370e+00   0.000000e+00  2.212569e-02) (   7.556740e+00   0.000000e+00 -4.079987e-03) (   1.133511e+01   0.000000e+00 -2.242509e-03) (   1.511348e+01   0.000000e+00 -2.592017e-04) 
3.9	(   7.556740e-01   0.000000e+00 -4.409888e-02) (   3.778370e+00   0.000000e+00  2.371838e-02) (   7.556740e+00   0.000000e+00 -3.339930e-03) (   1.133511e+01   0.000000e+00 -2.537856e-03) (   1.511348e+01   0.000000e+00 -4.504512e-04) 
4	(   7.556740e-01   0.000000e+00 -5.210368e-02) (   3.778370e+00   0.000000e+00  2.334750e-02) (   7.556740e+00   0.000000e+00 -2.320424e-03) (   1.133511e+01   0.000000e+00 -2.789418e-03) (   1.511348e+01   0.000000e+00 -6.594078e-04) 
4.1	(   7.556740e-01   0.000000e+00 -5.548698e-02) (   3.778370e+00   0.000000e+00  2.079611e-02) (   7.556740e+00   0.000000e+00 -1.025386e-03) (   1.133511e+01   0.000000e+00 -2.977694e-03) (   1.511348e+01   0.000000e+00 -8.819737e-04) 
4.2	(   7.556740e-01   0.000000e+00 -5.348828e-02) (   3.778370e+00   0.000000e+00  1.611315e-02) (   7.556740e+00   0.000000e+00  5.136496e-04) (   1.133511e+01   0.000000e+00 -3.086584e-03) (   1.511348e+01   0.000000e+00 -1.113156e-03) 
4.3	(   7.556740e-01   0.000000e+00 -4.586810e-02) (   3.778370e+00   0.000000e+00  9.339478e-03) (   7.556740e+00   0.000000e+00  2.233925e-03) (   1.133511e+01   0.000000e+00 -3.101362e-03) (   1.511348e+01   0.000000e+00 -1.347287e-03) 
4.4	(   7.556740e-01   0.000000e+00 -3.351463e-02) (   3.778370e+00   0.000000e+00  8.883144e-04) (   7.556740e+00   0.000000e+00  4.062893e-03) (   1.133511e+01   0.000000e+00 -3.003883e-03) (   1.511348e+01   0.000000e+00 -1.577272e-03) 
4.5	(   7.556740e-01   0.000000e+00 -1.887732e-02) (   3.778370e+00   0.000000e+00 -8.606383e-03) (   7.556740e+00   0.000000e+00  5.899084e-03) (   1.133511e+01   0.000000e+00 -2.783916e-03) (   1.511348e+01   0.000000e+00 -1.794601e-03) 
4.6	(   7.556740e-01   0.000000e+00 -3.279056e-03) (   3.778370e+00   0.000000e+00 -1.832112e-02) (   7.556740e+00   0.000000e+00  7.619515e-03) (   1.133511e+01   0.000000e+00 -2.433343e-03) (   1.511348e+01   0.000000e+00 -1.989731e-03) 
4.7	(   7.556740e-01   0.000000e+00  1.262952e-02) (   3.778370e+00   0.000000e+00 -2.786154e-02) (   7.556740e+00   0.000000e+00  9.076398e-03) (   1.133511e+01   0.000000e+00 -1.951091e-03) (   1.511348e+01   0.000000e+00 -2.153012e-03) 
4.8	(   7.556740e-01   0.000000e+00  2.758986e-02) (   3.778370e+00   0.000000e+00 -3.650010e-02) (   7.556740e+00   0.000000e+00  1.009931e-02) (   1.133511e+01   0.000000e+00 -1.344326e-03) (   1.511348e+01   0.000000e+00 -2.275156e-03) 
4.9	(   7.556740e-01   0.000000e+00  4.167174e-02) (   3.778370e+00   0.000000e+00 -4.256558e-02) (   7.556740e+00   0.000000e+00  1.057488e-02) (   1.133511e+01   0.000000e+00 -6.223808e-04) (   1.511348e+01   0.000000e+00 -2.346957e-03) 
5	(   7.556740e-01   0.000000e+00  5.342587e-02) (   3.778370e+00   0.000000e+00 -4.478163e-02) (   7.556740e+00   0.000000e+00  1.037470e-02) (   1.133511e+01   0.000000e+00  1.956307e-04) (   1.511348e+01   0.000000e+00 -2.359115e-03) 
5.1	(   7.556740e-01   0.000000e+00  6.092346e-02) (   3.778370e+00   0.000000e+00 -4.259824e-02) (   7.556740e+00   0.000000e+00  9.361687e-03) (   1.133511e+01   0.000000e+00  1.079890e-03) (   1.511348e+01   0.000000e+00 -2.303364e-03) 
5.2	(   7.556740e-01   0.000000e+00  6.296919e-02) (   3.778370e+00   0.000000e+00 -3.601414e-02) (   7.556740e+00   0.000000e+00  7.475586e-03) (   1.133511e+01   0.000000e+00  1.992991e-03) (   1.511348e+01   0.000000e+00 -2.175226e-03) 
5.3	(   7.556740e-01   0.000000e+00  5.905512e-02) (   3.778370e+00   0.000000e+00 -2.608873e-02) (   7.556740e+00   0.000000e+00  4.714011e-03) (   1.133511e+01   0.000000e+00  2.892218e-03) (   1.511348e+01   0.000000e+00 -1.970609e-03) 
5.4	(   7.556740e-01   0.000000e+00  4.982798e-02) (   3.778370e+00   0.000000e+00 -1.512315e-02) (   7.556740e+00   0.000000e+00  1.146513e-03) (   1.133511e+01   0.000000e+00  3.729321e-03) (   1.511348e+01   0.000000e+00 -1.688079e-03) 
5.5	(   7.556740e-01   0.000000e+00  3.640974e-02) (   3.778370e+00   0.000000e+00 -2.553531e-03) (   7.556740e+00   0.000000e+00 -3.096016e-03) (   1.133511e+01   0.000000e+00  4.446807e-03) (   1.511348e+01   0.000000e+00 -1.330551e-03) 
5.6	(   7.556740e-01   0.000000e+00  2.051602e-02) (   3.778370e+00   0.000000e+00  1.062613e-02) (   7.556740e+00   0.000000e+00 -7.801931e-03) (   1.133511e+01   0.000000e+00  4.983249e-03) (   1.511348e+01   0.000000e+00 -9.048025e-04) 
5.7	(   7.556740e-01   0.000000e+00  3.741625e-03) (   3.778370e+00   0.000000e+00  2.340469e-02) (   7.556740e+00   0.000000e+00 -1.267452e-02) (   1.133511e+01   0.000000e+00  5.284403e-03) (   1.511348e+01   0.000000e+00 -4.214469e-04) 
5.8	(   7.556740e-01   0.000000e+00 -1.337865e-02) (   3.778370e+00   0.000000e+00  3.587826e-02) (   7.556740e+00   0.000000e+00 -1.735505e-02) (   1.133511e+01   0.000000e+00  5.298886e-03) (   1.511348e+01   0.000000e+00  1.051092e-04) 
5.9	(   7.556740e-01   0.000000e+00 -2.956168e-02) (   3.778370e+00   0.000000e+00  4.695815e-02) (   7.556740e+00   0.000000e+00 -2.144069e-02) (   1.133511e+01   0.000000e+00  4.972997e-03) (   1.511348e+01   0.000000e+00  6.567736e-04) 
6	(   7.556740e-01   0.000000e+00 -4.475113e-02) (   3.778370e+00   0.000000e+00  5.466675e-02) (   7.556740e+00   0.000000e+00 -2.451278e-02) (   1.133511e+01   0.000000e+00  4.275298e-03) (   1.511348e+01   0.000000e+00  1.210391e-03) 
6.1	(   7.556740e-01   0.000000e+00 -5.738369e-02) (   3.778370e+00   0.000000e+00  5.757511e-02) (   7.556740e+00   0.000000e+00 -2.603402e-02) (   1.133511e+01   0.000000e+00  3.190635e-03) (   1.511348e+01   0.000000e+00  1.740426e-03) 
6.2	(   7.556740e-01   0.000000e+00 -6.582973e-02) (   3.778370e+00   0.000000e+00  5.507232e-02) (   7.556740e+00   0.000000e+00 -2.555425e-02) (   1.133511e+01   0.000000e+00  1.726995e-03) (   1.511348e+01   0.000000e+00  2.218893e-03) 
6.3	(   7.556740e-01   0.000000e+00 -6.833524e-02) (   3.778370e+00   0.000000e+00  4.722722e-02) (   7.556740e+00   0.000000e+00 -2.272920e-02) (   1.133511e+01   0.000000e+00 -8.227565e-05) (   1.511348e+01   0.000000e+00  2.615889e-03) 
6.4	(   7.556740e-01   0.000000e+00 -6.306978e-02) (   3.778370e+00   0.000000e+00  3.524120e-02) (   7.556740e+00   0.000000e+00 -1.797773e-02) (   1.133511e+01   0.000000e+00 -2.176251e-03) (   1.511348e+01   0.000000e+00  2.901066e-03) 
6.5	(   7.556740e-01   0.000000e+00 -5.094229e-02) (   3.778370e+00   0.000000e+00  2.103960e-02) (   7.556740e+00   0.000000e+00 -1.124729e-02) (   1.133511e+01   0.000000e+00 -4.469007e-03) (   1.511348e+01   0.000000e+00  3.048023e-03) 
6.6	(   7.556740e-01   0.000000e+00 -3.517531e-02) (   3.778370e+00   0.000000e+00  5.949664e-03) (   7.556740e+00   0.000000e+00 -2.945681e-03) (   1.133511e+01   0.000000e+00 -6.841581e-03) (   1.511348e+01   0.000000e+00  3.028784e-03) 
6.7	(   7.556740e-01   0.000000e+00 -1.867744e-02) (   3.778370e+00   0.000000e+00 -1.040022e-02) (   7.556740e+00   0.000000e+00  6.319507e-03) (   1.133511e+01   0.000000e+00 -9.149140e-03) (   1.511348e+01   0.000000e+00  2.819161e-03) 
6.8	(   7.556740e-01   0.000000e+00 -2.081980e-03) (   3.778370e+00   0.000000e+00 -2.701591e-02) (   7.556740e+00   0.000000e+00  1.580415e-02) (   1.133511e+01   0.000000e+00 -1.122767e-02) (   1.511348e+01   0.000000e+00  2.407438e-03) 
6.9	(   7.556740e-01   0.000000e+00  1.446168e-02) (   3.778370e+00   0.000000e+00 -4.457916e-02) (   7.556740e+00   0.000000e+00  2.482296e-02) (   1.133511e+01   0.000000e+00 -1.290994e-02) (   1.511348e+01   0.000000e+00  1.787746e-03) 
7	(   7.556740e-01   0.000000e+00  2.971463e-02) (   3.778370e+00   0.000000e+00 -6.030589e-02) (   7.556740e+00   0.000000e+00  3.306193e-02) (   1.133511e+01   0.000000e+00 -1.400652e-02) (   1.511348e+01   0.000000e+00  9.644418e-04) 
7.1	(   7.556740e-01   0.000000e+00  4.372398e-02) (   3.778370e+00   0.000000e+00 -7.046517e-02) (   7.556740e+00   0.000000e+00  3.944240e-02) (   1.133511e+01   0.000000e+00 -1.436916e-02) (   1.511348e+01   0.000000e+00 -4.441717e-05) 
7.2	(   7.556740e-01   0.000000e+00  5.498803e-02) (   3.778370e+00   0.000000e+00 -7.288683e-02) (   7.556740e+00   0.000000e+00  4.282380e-02) (   1.133511e+01   0.000000e+00 -1.385706e-02) (   1.511348e+01   0.000000e+00 -1.208442e-03) 
7.3	(   7.556740e-01   0.000000e+00  6.180963e-02) (   3.778370e+00   0.000000e+00 -6.692027e-02) (   7.556740e+00   0.000000e+00  4.248056e-02) (   1.133511e+01   0.000000e+00 -1.236918e-02) (   1.511348e+01   0.000000e+00 -2.484884e-03) 
7.4	(   7.556740e-01   0.000000e+00  6.323830e-02) (   3.778370e+00   0.000000e+00 -5.373723e-02) (   7.556740e+00   0.000000e+00  3.792527e-02) (   1.133511e+01   0.000000e+00 -9.887018e-03) (   1.511348e+01   0.000000e+00 -3.818140e-03) 
7.5	(   7.556740e-01   0.000000e+00  5.888316e-02) (   3.778370e+00   0.000000e+00 -3.619097e-02) (   7.556740e+00   0.000000e+00  2.967555e-02) (   1.133511e+01   0.000000e+00 -6.459686e-03) (   1.511348e+01   0.000000e+00 -5.140837e-03) 
7.6	(   7.556740e-01   0.000000e+00  4.953592e-02) (   3.778370e+00   0.000000e+00 -1.815152e-02) (   7.556740e+00   0.000000e+00  1.946916e-02) (   1.133511e+01   0.000000e+00 -2.216482e-03) (   1.511348e+01   0.000000e+00 -6.375876e-03) 
7.7	(   7.556740e-01   0.000000e+00  3.619286e-02) (   3.778370e+00   0.000000e+00 -7.346005e-04) (   7.556740e+00   0.000000e+00  7.366079e-03) (   1.133511e+01   0.000000e+00  2.626662e-03) (   1.511348e+01   0.000000e+00 -7.440538e-03) 
7.8	(   7.556740e-01   0.000000e+00  2.042411e-02) (   3.778370e+00   0.000000e+00  1.629946e-02) (   7.556740e+00   0.000000e+00 -6.207683e-03) (   1.133511e+01   0.000000e+00  7.778866e-03) (   1.511348e+01   0.000000e+00 -8.248658e-03) 
7.9	(   7.556740e-01   0.000000e+00  3.704367e-03) (   3.778370e+00   0.000000e+00  3.244131e-02) (   7.556740e+00   0.000000e+00 -2.014659e-02) (   1.133511e+01   0.000000e+00  1.289332e-02) (   1.511348e+01   0.000000e+00 -8.725141e-03) 
8	(   7.556740e-01   0.000000e+00 -1.339730e-02) (   3.778370e+00   0.000000e+00  4.789245e-02) (   7.556740e+00   0.000000e+00 -3.450669e-02) (   1.133511e+01   0.000000e+00  1.757087e-02) (   1.511348e+01   0.000000e+00 -8.805382e-03) 
8.1	(   7.556740e-01   0.000000e+00 -2.956480e-02) (   3.778370e+00   0.000000e+00  6.013746e-02) (   7.556740e+00   0.000000e+00 -4.814842e-02) (   1.133511e+01   0.000000e+00  2.146595e-02) (   1.511348e+01   0.000000e+00 -8.411111e-03) 
8.2	(   7.556740e-01   0.000000e+00 -4.484582e-02) (   3.778370e+00   0.000000e+00  6.695750e-02) (   7.556740e+00   0.000000e+00 -5.824816e-02) (   1.133511e+01   0.000000e+00  2.427121e-02) (   1.511348e+01   0.000000e+00 -7.515376e-03) 
8.3	(   7.556740e-01   0.000000e+00 -5.760947e-02) (   3.778370e+00   0.000000e+00  6.729969e-02) (   7.556740e+00   0.000000e+00 -6.251651e-02) (   1.133511e+01   0.000000e+00  2.556706e-02) (   1.511348e+01   0.000000e+00 -6.105316e-03) 
8.4	(   7.556740e-01   0.000000e+00 -6.605009e-02) (   3.778370e+00   0.000000e+00  6.093147e-02) (   7.556740e+00   0.000000e+00 -6.011743e-02) (   1.133511e+01   0.000000e+00  2.502084e-02) (   1.511348e+01   0.000000e+00 -4.206770e-03) 
8.5	(   7.556740e-01   0.000000e+00 -6.836415e-02) (   3.778370e+00   0.000000e+00  4.925874e-02) (   7.556740e+00   0.000000e+00 -5.107801e-02) (   1.133511e+01   0.000000e+00  2.245406e-02) (   1.511348e+01   0.000000e+00 -1.874072e-03) 
8.6	(   7.556740e-01   0.000000e+00 -6.301872e-02) (   3.778370e+00   0.000000e+00  3.416816e-02) (   7.556740e+00   0.000000e+00 -3.729169e-02) (   1.133511e+01   0.000000e+00  1.813581e-02) (   1.511348e+01   0.000000e+00  7.975401e-04) 
8.7	(   7.556740e-01   0.000000e+00 -5.094861e-02) (   3.778370e+00   0.000000e+00  1.810985e-02) (   7.556740e+00   0.000000e+00 -2.167582e-02) (   1.133511e+01   0.000000e+00  1.198128e-02) (   1.511348e+01   0.000000e+00  3.681024e-03) 
8.8	(   7.556740e-01   0.000000e+00 -3.521653e-02) (   3.778370e+00   0.000000e+00  1.841215e-03) (   7.556740e+00   0.000000e+00 -6.249893e-03) (   1.133511e+01   0.000000e+00  4.258766e-03) (   1.511348e+01   0.000000e+00  6.619526e-03) 
8.9	(   7.556740e-01   0.000000e+00 -1.867915e-02) (   3.778370e+00   0.000000e+00 -1.483119e-02) (   7.556740e+00   0.000000e+00  9.648459e-03) (   1.133511e+01   0.000000e+00 -4.601989e-03) (   1.511348e+01   0.000000e+00  9.431417e-03) 
9	(   7.556740e-01   0.000000e+00 -2.068255e-03) (   3.778370e+00   0.000000e+00 -3.147849e-02) (   7.556740e+00   0.000000e+00  2.495539e-02) (   1.133511e+01   0.000000e+00 -1.399613e-02) (   1.511348e+01   0.000000e+00  1.192391e-02) 
9.1	(   7.556740e-01   0.000000e+00  1.445816e-02) (   3.778370e+00   0.000000e+00 -4.835099e-02) (   7.556740e+00   0.000000e+00  4.014650e-02) (   1.133511e+01   0.000000e+00 -2.336354e-02) (   1.511348e+01   0.000000e+00  1.388537e-02) 
9.2	(   7.556740e-01   0.000000e+00  2.970507e-02) (   3.778370e+00   0.000000e+00 -6.251296e-02) (   7.556740e+00   0.000000e+00  5.371418e-02) (   1.133511e+01   0.000000e+00 -3.252779e-02) (   1.511348e+01   0.000000e+00  1.514862e-02) 
9.3	(   7.556740e-01   0.000000e+00  4.370491e-02) (   3.778370e+00   0.000000e+00 -7.091679e-02) (   7.556740e+00   0.000000e+00  6.316137e-02) (   1.133511e+01   0.000000e+00 -4.022053e-02) (   1.511348e+01   0.000000e+00  1.557392e-02) 
9.4	(   7.556740e-01   0.000000e+00  5.498120e-02) (   3.778370e+00   0.000000e+00 -7.208291e-02) (   7.556740e+00   0.000000e+00  6.681584e-02) (   1.133511e+01   0.000000e+00 -4.491771e-02) (   1.511348e+01   0.000000e+00  1.502344e-02) 
9.5	(   7.556740e-01   0.000000e+00  6.180058e-02) (   3.778370e+00   0.000000e+00 -6.538758e-02) (   7.556740e+00   0.000000e+00  6.386609e-02) (   1.133511e+01   0.000000e+00 -4.553245e-02) (   1.511348e+01   0.000000e+00  1.340533e-02) 
9.6	(   7.556740e-01   0.000000e+00  6.323687e-02) (   3.778370e+00   0.000000e+00 -5.208918e-02) (   7.556740e+00   0.000000e+00  5.447757e-02) (   1.133511e+01   0.000000e+00 -4.143514e-02) (   1.511348e+01   0.000000e+00  1.072169e-02) 
9.7	(   7.556740e-01   0.000000e+00  5.885484e-02) (   3.778370e+00   0.000000e+00 -3.467234e-02) (   7.556740e+00   0.000000e+00  4.027712e-02) (   1.133511e+01   0.000000e+00 -3.295960e-02) (   1.511348e+01   0.000000e+00  7.021539e-03) 
9.8	(   7.556740e-01   0.000000e+00  4.951289e-02) (   3.778370e+00   0.000000e+00 -1.698329e-02) (   7.556740e+00   0.000000e+00  2.346232e-02) (   1.133511e+01   0.000000e+00 -2.196494e-02) (   1.511348e+01   0.000000e+00  2.446983e-03) 
9.9	(   7.556740e-01   0.000000e+00  3.616976e-02) (   3.778370e+00   0.000000e+00  2.395155e-04) (   7.556740e+00   0.000000e+00  6.698798e-03) (   1.133511e+01   0.000000e+00 -9.723242e-03) (   1.511348e+01   0.000000e+00 -2.789677e-03) 
10	(   7.556740e-01   0.000000e+00  2.041833e-02) (   3.778370e+00   0.000000e+00  1.693242e-02) (   7.556740e+00   0.000000e+00 -1.120451e-02) (   1.133511e+01   0.000000e+00  3.739478e-03) (   1.511348e+01   0.000000e+00 -8.391425e-03) 
10.1	(   7.556740e-01   0.000000e+00  3.706730e-03) (   3.778370e+00   0.000000e+00  3.263405e-02) (   7.556740e+00   0.000000e+00 -2.934325e-02) (   1.133511e+01   0.000000e+00  1.726431e-02) (   1.511348e+01   0.000000e+00 -1.399410e-02) 
10.2	(   7.556740e-01   0.000000e+00 -1.338939e-02) (   3.778370e+00   0.000000e+00  4.747670e-02) (   7.556740e+00   0.000000e+00 -4.843630e-02) (   1.133511e+01   0.000000e+00  3.030378e-02) (   1.511348e+01   0.000000e+00 -1.921160e-02) 
10.3	(   7.556740e-01   0.000000e+00 -2.956245e-02) (   3.778370e+00   0.000000e+00  5.912403e-02) (   7.556740e+00   0.000000e+00 -6.487623e-02) (   1.133511e+01   0.000000e+00  4.263164e-02) (   1.511348e+01   0.000000e+00 -2.372073e-02) 
10.4	(   7.556740e-01   0.000000e+00 -4.484923e-02) (   3.778370e+00   0.000000e+00  6.561139e-02) (   7.556740e+00   0.000000e+00 -7.482326e-02) (   1.133511e+01   0.000000e+00  5.233258e-02) (   1.511348e+01   0.000000e+00 -2.704485e-02) 
10.5	(   7.556740e-01   0.000000e+00 -5.760707e-02) (   3.778370e+00   0.000000e+00  6.601095e-02) (   7.556740e+00   0.000000e+00 -7.642024e-02) (   1.133511e+01   0.000000e+00  5.753291e-02) (   1.511348e+01   0.000000e+00 -2.863610e-02) 
10.6	(   7.556740e-01   0.000000e+00 -6.603240e-02) (   3.778370e+00   0.000000e+00  6.014431e-02) (   7.556740e+00   0.000000e+00 -6.913970e-02) (   1.133511e+01   0.000000e+00  5.730841e-02) (   1.511348e+01   0.000000e+00 -2.811603e-02) 
10.7	(   7.556740e-01   0.000000e+00 -6.834228e-02) (   3.778370e+00   0.000000e+00  4.916890e-02) (   7.556740e+00   0.000000e+00 -5.463929e-02) (   1.133511e+01   0.000000e+00  5.117587e-02) (   1.511348e+01   0.000000e+00 -2.509840e-02) 
10.8	(   7.556740e-01   0.000000e+00 -6.301171e-02) (   3.778370e+00   0.000000e+00  3.465160e-02) (   7.556740e+00   0.000000e+00 -3.620187e-02) (   1.133511e+01   0.000000e+00  4.019110e-02) (   1.511348e+01   0.000000e+00 -2.037983e-02) 
10.9	(   7.556740e-01   0.000000e+00 -5.094896e-02) (   3.778370e+00   0.000000e+00  1.880185e-02) (   7.556740e+00   0.000000e+00 -1.784037e-02) (   1.133511e+01   0.000000e+00  2.589864e-02) (   1.511348e+01   0.000000e+00 -1.383043e-02) 
11	(   7.556740e-01   0.000000e+00 -3.520646e-02) (   3.778370e+00   0.000000e+00  2.471197e-03) (   7.556740e+00   0.000000e+00 -4.079145e-04) (   1.133511e+01   0.000000e+00  1.109664e-02) (   1.511348e+01   0.000000e+00 -5.804970e-03) 
11.1	(   7.556740e-01   0.000000e+00 -1.866514e-02) (   3.778370e+00   0.000000e+00 -1.457339e-02) (   7.556740e+00   0.000000e+00  1.649769e-02) (   1.133511e+01   0.000000e+00 -5.224896e-03) (   1.511348e+01   0.000000e+00  3.153669e-03) 
11.2	(   7.556740e-01   0.000000e+00 -2.060144e-03) (   3.778370e+00   0.000000e+00 -3.173019e-02) (   7.556740e+00   0.000000e+00  3.254948e-02) (   1.133511e+01   0.000000e+00 -2.187167e-02) (   1.511348e+01   0.000000e+00  1.238566e-02) 
11.3	(   7.556740e-01   0.000000e+00  1.445808e-02) (   3.778370e+00   0.000000e+00 -4.899594e-02) (   7.556740e+00   0.000000e+00  4.791668e-02) (   1.133511e+01   0.000000e+00 -3.936375e-02) (   1.511348e+01   0.000000e+00  2.117520e-02) 
11.4	(   7.556740e-01   0.000000e+00  2.970589e-02) (   3.778370e+00   0.000000e+00 -6.309521e-02) (   7.556740e+00   0.000000e+00  6.009172e-02) (   1.133511e+01   0.000000e+00 -5.605424e-02) (   1.511348e+01   0.000000e+00  2.927846e-02) 
11.5	(   7.556740e-01   0.000000e+00  4.371476e-02) (   3.778370e+00   0.000000e+00 -7.112789e-02) (   7.556740e+00   0.000000e+00  6.693784e-02) (   1.133511e+01   0.000000e+00 -6.813375e-02) (   1.511348e+01   0.000000e+00  3.596789e-02) 
11.6	(   7.556740e-01   0.000000e+00  5.500319e-02) (   3.778370e+00   0.000000e+00 -7.197107e-02) (   7.556740e+00   0.000000e+00  6.753515e-02) (   1.133511e+01   0.000000e+00 -7.294098e-02) (   1.511348e+01   0.000000e+00  4.023429e-02) 
11.7	(   7.556740e-01   0.000000e+00  6.183179e-02) (   3.778370e+00   0.000000e+00 -6.518019e-02) (   7.556740e+00   0.000000e+00  6.146645e-02) (   1.133511e+01   0.000000e+00 -6.957460e-02) (   1.511348e+01   0.000000e+00  4.125415e-02) 
11.8	(   7.556740e-01   0.000000e+00  6.326765e-02) (   3.778370e+00   0.000000e+00 -5.192152e-02) (   7.556740e+00   0.000000e+00  5.004837e-02) (   1.133511e+01   0.000000e+00 -5.836794e-02) (   1.511348e+01   0.000000e+00  3.851835e-02) 
11.9	(   7.556740e-01   0.000000e+00  5.887312e-02) (   3.778370e+00   0.000000e+00 -3.452575e-02) (   7.556740e+00   0.000000e+00  3.505541e-02) (   1.133511e+01   0.000000e+00 -4.189015e-02) (   1.511348e+01   0.000000e+00  3.213536e-02) 
12	(   7.556740e-01   0.000000e+00  4.951170e-02) (   3.778370e+00   0.000000e+00 -1.686957e-02) (   7.556740e+00   0.000000e+00  1.900205e-02) (   1.133511e+01   0.000000e+00 -2.347054e-02) (   1.511348e+01   0.000000e+00  2.321057e-02) 
12.1	(   7.556740e-01   0.000000e+00  3.615535e-02) (   3.778370e+00   0.000000e+00  3.148025e-04) (   7.556740e+00   0.000000e+00  2.835819e-03) (   1.133511e+01   0.000000e+00 -6.314954e-03) (   1.511348e+01   0.000000e+00  1.258943e-02) 
12.2	(   7.556740e-01   0.000000e+00  2.039777e-02) (   3.778370e+00   0.000000e+00  1.693377e-02) (   7.556740e+00   0.000000e+00 -1.387580e-02) (   1.133511e+01   0.000000e+00  1.105590e-02) (   1.511348e+01   0.000000e+00  1.088448e-04) 
12.3	(   7.556740e-01   0.000000e+00  3.684958e-03) (   3.778370e+00   0.000000e+00  3.255259e-02) (   7.556740e+00   0.000000e+00 -3.062880e-02) (   1.133511e+01   0.000000e+00  2.764864e-02) (   1.511348e+01   0.000000e+00 -1.330847e-02) 
12.4	(   7.556740e-01   0.000000e+00 -1.340821e-02) (   3.778370e+00   0.000000e+00  4.735281e-02) (   7.556740e+00   0.000000e+00 -4.787511e-02) (   1.133511e+01   0.000000e+00  4.423996e-02) (   1.511348e+01   0.000000e+00 -2.698347e-02) 
12.5	(   7.556740e-01   0.000000e+00 -2.957588e-02) (   3.778370e+00   0.000000e+00  5.903589e-02) (   7.556740e+00   0.000000e+00 -6.253361e-02) (   1.133511e+01   0.000000e+00  5.869168e-02) (   1.511348e+01   0.000000e+00 -4.105902e-02) 
12.6	(   7.556740e-01   0.000000e+00 -4.486233e-02) (   3.778370e+00   0.000000e+00  6.559967e-02) (   7.556740e+00   0.000000e+00 -7.154184e-02) (   1.133511e+01   0.000000e+00  6.834104e-02) (   1.511348e+01   0.000000e+00 -5.327826e-02) 
12.7	(   7.556740e-01   0.000000e+00 -5.762875e-02) (   3.778370e+00   0.000000e+00  6.606519e-02) (   7.556740e+00   0.000000e+00 -7.314585e-02) (   1.133511e+01   0.000000e+00  7.147230e-02) (   1.511348e+01   0.000000e+00 -6.083939e-02) 
12.8	(   7.556740e-01   0.000000e+00 -6.605753e-02) (   3.778370e+00   0.000000e+00  6.020937e-02) (   7.556740e+00   0.000000e+00 -6.673516e-02) (   1.133511e+01   0.000000e+00  6.741086e-02) (   1.511348e+01   0.000000e+00 -6.206155e-02) 
12.9	(   7.556740e-01   0.000000e+00 -6.835783e-02) (   3.778370e+00   0.000000e+00  4.917943e-02) (   7.556740e+00   0.000000e+00 -5.343977e-02) (   1.133511e+01   0.000000e+00  5.661380e-02) (   1.511348e+01   0.000000e+00 -5.613112e-02) 
13	(   7.556740e-01   0.000000e+00 -6.300629e-02) (   3.778370e+00   0.000000e+00  3.458859e-02) (   7.556740e+00   0.000000e+00 -3.600135e-02) (   1.133511e+01   0.000000e+00  4.110237e-02) (   1.511348e+01   0.000000e+00 -4.406883e-02) 
13.1	(   7.556740e-01   0.000000e+00 -5.093202e-02) (   3.778370e+00   0.000000e+00  1.870343e-02) (   7.556740e+00   0.000000e+00 -1.818615e-02) (   1.133511e+01   0.000000e+00  2.320946e-02) (   1.511348e+01   0.000000e+00 -2.818055e-02) 
13.2	(   7.556740e-01   0.000000e+00 -3.519066e-02) (   3.778370e+00   0.000000e+00  2.370473e-03) (   7.556740e+00   0.000000e+00 -1.009035e-03) (   1.133511e+01   0.000000e+00  5.729883e-03) (   1.511348e+01   0.000000e+00 -1.236612e-02) 
13.3	(   7.556740e-01   0.000000e+00 -1.865795e-02) (   3.778370e+00   0.000000e+00 -1.463190e-02) (   7.556740e+00   0.000000e+00  1.584135e-02) (   1.133511e+01   0.000000e+00 -1.263031e-02) (   1.511348e+01   0.000000e+00  4.132824e-03) 
13.4	(   7.556740e-01   0.000000e+00 -2.057768e-03) (   3.778370e+00   0.000000e+00 -3.173972e-02) (   7.556740e+00   0.000000e+00  3.187939e-02) (   1.133511e+01   0.000000e+00 -3.117793e-02) (   1.511348e+01   0.000000e+00  2.030479e-02) 
13.5	(   7.556740e-01   0.000000e+00  1.445675e-02) (   3.778370e+00   0.000000e+00 -4.898677e-02) (   7.556740e+00   0.000000e+00  4.734116e-02) (   1.133511e+01   0.000000e+00 -5.042158e-02) (   1.511348e+01   0.000000e+00  3.620428e-02) 
13.6	(   7.556740e-01   0.000000e+00  2.970091e-02) (   3.778370e+00   0.000000e+00 -6.309981e-02) (   7.556740e+00   0.000000e+00  5.973766e-02) (   1.133511e+01   0.000000e+00 -6.655284e-02) (   1.511348e+01   0.000000e+00  5.118544e-02) 
13.7	(   7.556740e-01   0.000000e+00  4.370468e-02) (   3.778370e+00   0.000000e+00 -7.113989e-02) (   7.556740e+00   0.000000e+00  6.685532e-02) (   1.133511e+01   0.000000e+00 -7.575690e-02) (   1.511348e+01   0.000000e+00  6.248564e-02) 
13.8	(   7.556740e-01   0.000000e+00  5.498643e-02) (   3.778370e+00   0.000000e+00 -7.197439e-02) (   7.556740e+00   0.000000e+00  6.770265e-02) (   1.133511e+01   0.000000e+00 -7.663378e-02) (   1.511348e+01   0.000000e+00  6.803003e-02) 
13.9	(   7.556740e-01   0.000000e+00  6.181073e-02) (   3.778370e+00   0.000000e+00 -6.516070e-02) (   7.556740e+00   0.000000e+00  6.180859e-02) (   1.133511e+01   0.000000e+00 -6.857938e-02) (   1.511348e+01   0.000000e+00  6.681517e-02) 
14	(   7.556740e-01   0.000000e+00  6.324240e-02) (   3.778370e+00   0.000000e+00 -5.186521e-02) (   7.556740e+00   0.000000e+00  5.045540e-02) (   1.133511e+01   0.000000e+00 -5.384222e-02) (   1.511348e+01   0.000000e+00  5.860975e-02) 
14.1	(   7.556740e-01   0.000000e+00  5.884793e-02) (   3.778370e+00   0.000000e+00 -3.443921e-02) (   7.556740e+00   0.000000e+00  3.544912e-02) (   1.133511e+01   0.000000e+00 -3.562299e-02) (   1.511348e+01   0.000000e+00  4.502011e-02) 
14.2	(   7.556740e-01   0.000000e+00  4.949092e-02) (   3.778370e+00   0.000000e+00 -1.678677e-02) (   7.556740e+00   0.000000e+00  1.929752e-02) (   1.133511e+01   0.000000e+00 -1.770370e-02) (   1.511348e+01   0.000000e+00  2.815818e-02) 
14.3	(   7.556740e-01   0.000000e+00  3.613434e-02) (   3.778370e+00   0.000000e+00  3.947526e-04) (   7.556740e+00   0.000000e+00  3.078407e-03) (   1.133511e+01   0.000000e+00 -6.952592e-04) (   1.511348e+01   0.000000e+00  1.116791e-02) 
14.4	(   7.556740e-01   0.000000e+00  2.037819e-02) (   3.778370e+00   0.000000e+00  1.700564e-02) (   7.556740e+00   0.000000e+00 -1.372240e-02) (   1.133511e+01   0.000000e+00  1.582163e-02) (   1.511348e+01   0.000000e+00 -6.806172e-03) 
14.5	(   7.556740e-01   0.000000e+00  3.668338e-03) (   3.778370e+00   0.000000e+00  3.262435e-02) (   7.556740e+00   0.000000e+00 -3.059548e-02) (   1.133511e+01   0.000000e+00  3.140745e-02) (   1.511348e+01   0.000000e+00 -2.497260e-02) 
14.6	(   7.556740e-01   0.000000e+00 -1.341511e-02) (   3.778370e+00   0.000000e+00  4.741404e-02) (   7.556740e+00   0.000000e+00 -4.803833e-02) (   1.133511e+01   0.000000e+00  4.644628e-02) (   1.511348e+01   0.000000e+00 -4.433212e-02) 
14.7	(   7.556740e-01   0.000000e+00 -2.956585e-02) (   3.778370e+00   0.000000e+00  5.908157e-02) (   7.556740e+00   0.000000e+00 -6.294136e-02) (   1.133511e+01   0.000000e+00  5.865586e-02) (   1.511348e+01   0.000000e+00 -6.224843e-02) 
14.8	(   7.556740e-01   0.000000e+00 -4.483526e-02) (   3.778370e+00   0.000000e+00  6.563130e-02) (   7.556740e+00   0.000000e+00 -7.211109e-02) (   1.133511e+01   0.000000e+00  6.596363e-02) (   1.511348e+01   0.000000e+00 -7.455220e-02) 
14.9	(   7.556740e-01   0.000000e+00 -5.758875e-02) (   3.778370e+00   0.000000e+00  6.608101e-02) (   7.556740e+00   0.000000e+00 -7.367919e-02) (   1.133511e+01   0.000000e+00  6.721391e-02) (   1.511348e+01   0.000000e+00 -7.881572e-02) 
15	(   7.556740e-01   0.000000e+00 -6.600228e-02) (   3.778370e+00   0.000000e+00  6.020636e-02) (   7.556740e+00   0.000000e+00 -6.694965e-02) (   1.133511e+01   0.000000e+00  6.200288e-02) (   1.511348e+01   0.000000e+00 -7.404997e-02) 
15.1	(   7.556740e-01   0.000000e+00 -6.828902e-02) (   3.778370e+00   0.000000e+00  4.917053e-02) (   7.556740e+00   0.000000e+00 -5.318033e-02) (   1.133511e+01   0.000000e+00  5.126890e-02) (   1.511348e+01   0.000000e+00 -6.092542e-02) 
15.2	(   7.556740e-01   0.000000e+00 -6.292473e-02) (   3.778370e+00   0.000000e+00  3.458123e-02) (   7.556740e+00   0.000000e+00 -3.538117e-02) (   1.133511e+01   0.000000e+00  3.669093e-02) (   1.511348e+01   0.000000e+00 -4.270111e-02) 
15.3	(   7.556740e-01   0.000000e+00 -5.085420e-02) (   3.778370e+00   0.000000e+00  1.869835e-02) (   7.556740e+00   0.000000e+00 -1.755942e-02) (   1.133511e+01   0.000000e+00  2.054655e-02) (   1.511348e+01   0.000000e+00 -2.298060e-02) 
15.4	(   7.556740e-01   0.000000e+00 -3.512880e-02) (   3.778370e+00   0.000000e+00  2.362567e-03) (   7.556740e+00   0.000000e+00 -4.815321e-04) (   1.133511e+01   0.000000e+00  4.379511e-03) (   1.511348e+01   0.000000e+00 -5.013939e-03) 
15.5	(   7.556740e-01   0.000000e+00 -1.861090e-02) (   3.778370e+00   0.000000e+00 -1.463712e-02) (   7.556740e+00   0.000000e+00  1.609990e-02) (   1.133511e+01   0.000000e+00 -1.253031e-02) (   1.511348e+01   0.000000e+00  1.288005e-02) 
15.6	(   7.556740e-01   0.000000e+00 -2.011374e-03) (   3.778370e+00   0.000000e+00 -3.173130e-02) (   7.556740e+00   0.000000e+00  3.180748e-02) (   1.133511e+01   0.000000e+00 -2.952119e-02) (   1.511348e+01   0.000000e+00  2.993846e-02) 
15.7	(   7.556740e-01   0.000000e+00  1.450423e-02) (   3.778370e+00   0.000000e+00 -4.895153e-02) (   7.556740e+00   0.000000e+00  4.690868e-02) (   1.133511e+01   0.000000e+00 -4.720883e-02) (   1.511348e+01   0.000000e+00  4.689405e-02) 
15.8	(   7.556740e-01   0.000000e+00  2.974564e-02) (   3.778370e+00   0.000000e+00 -6.304372e-02) (   7.556740e+00   0.000000e+00  5.907579e-02) (   1.133511e+01   0.000000e+00 -6.261116e-02) (   1.511348e+01   0.000000e+00  6.128532e-02) 
15.9	(   7.556740e-01   0.000000e+00  4.374275e-02) (   3.778370e+00   0.000000e+00 -7.109059e-02) (   7.556740e+00   0.000000e+00  6.619746e-02) (   1.133511e+01   0.000000e+00 -7.229788e-02) (   1.511348e+01   0.000000e+00  7.038967e-02) 
16	(   7.556740e-01   0.000000e+00  5.501402e-02) (   3.778370e+00   0.000000e+00 -7.193616e-02) (   7.556740e+00   0.000000e+00  6.725250e-02) (   1.133511e+01   0.000000e+00 -7.443327e-02) (   1.511348e+01   0.000000e+00  7.276730e-02) 
16.1	(   7.556740e-01   0.000000e+00  6.183132e-02) (   3.778370e+00   0.000000e+00 -6.512560e-02) (   7.556740e+00   0.000000e+00  6.170407e-02) (   1.133511e+01   0.000000e+00 -6.828467e-02) (   1.511348e+01   0.000000e+00  6.769682e-02) 
16.2	(   7.556740e-01   0.000000e+00  6.326224e-02) (   3.778370e+00   0.000000e+00 -5.181281e-02) (   7.556740e+00   0.000000e+00  5.063290e-02) (   1.133511e+01   0.000000e+00 -5.502246e-02) (   1.511348e+01   0.000000e+00  5.614393e-02) 
16.3	(   7.556740e-01   0.000000e+00  5.886419e-02) (   3.778370e+00   0.000000e+00 -3.437281e-02) (   7.556740e+00   0.000000e+00  3.571528e-02) (   1.133511e+01   0.000000e+00 -3.741588e-02) (   1.511348e+01   0.000000e+00  4.014767e-02) 
16.4	(   7.556740e-01   0.000000e+00  4.949834e-02) (   3.778370e+00   0.000000e+00 -1.673124e-02) (   7.556740e+00   0.000000e+00  1.944597e-02) (   1.133511e+01   0.000000e+00 -1.924701e-02) (   1.511348e+01   0.000000e+00  2.221294e-02) 
16.5	(   7.556740e-01   0.000000e+00  3.613241e-02) (   3.778370e+00   0.000000e+00  4.418339e-04) (   7.556740e+00   0.000000e+00  3.017324e-03) (   1.133511e+01   0.000000e+00 -1.941191e-03) (   1.511348e+01   0.000000e+00  4.818405e-03) 
16.6	(   7.556740e-01   0.000000e+00  2.036959e-02) (   3.778370e+00   0.000000e+00  1.702964e-02) (   7.556740e+00   0.000000e+00 -1.400598e-02) (   1.133511e+01   0.000000e+00  1.507732e-02) (   1.511348e+01   0.000000e+00 -1.329669e-02) 
16.7	(   7.556740e-01   0.000000e+00  3.659179e-03) (   3.778370e+00   0.000000e+00  3.261261e-02) (   7.556740e+00   0.000000e+00 -3.103844e-02) (   1.133511e+01   0.000000e+00  3.119725e-02) (   1.511348e+01   0.000000e+00 -3.146406e-02) 
16.8	(   7.556740e-01   0.000000e+00 -1.342223e-02) (   3.778370e+00   0.000000e+00  4.735195e-02) (   7.556740e+00   0.000000e+00 -4.844552e-02) (   1.133511e+01   0.000000e+00  4.686954e-02) (   1.511348e+01   0.000000e+00 -5.009662e-02) 
16.9	(   7.556740e-01   0.000000e+00 -2.957431e-02) (   3.778370e+00   0.000000e+00  5.897635e-02) (   7.556740e+00   0.000000e+00 -6.310584e-02) (   1.133511e+01   0.000000e+00  5.963882e-02) (   1.511348e+01   0.000000e+00 -6.548896e-02) 
17	(   7.556740e-01   0.000000e+00 -4.484967e-02) (   3.778370e+00   0.000000e+00  6.549870e-02) (   7.556740e+00   0.000000e+00 -7.203278e-02) (   1.133511e+01   0.000000e+00  6.724582e-02) (   1.511348e+01   0.000000e+00 -7.428481e-02) 
17.1	(   7.556740e-01   0.000000e+00 -5.761123e-02) (   3.778370e+00   0.000000e+00  6.593772e-02) (   7.556740e+00   0.000000e+00 -7.351302e-02) (   1.133511e+01   0.000000e+00  6.849029e-02) (   1.511348e+01   0.000000e+00 -7.505684e-02) 
17.2	(   7.556740e-01   0.000000e+00 -6.603676e-02) (   3.778370e+00   0.000000e+00  6.006635e-02) (   7.556740e+00   0.000000e+00 -6.683496e-02) (   1.133511e+01   0.000000e+00  6.296288e-02) (   1.511348e+01   0.000000e+00 -6.754841e-02) 
17.3	(   7.556740e-01   0.000000e+00 -6.832775e-02) (   3.778370e+00   0.000000e+00  4.903638e-02) (   7.556740e+00   0.000000e+00 -5.313732e-02) (   1.133511e+01   0.000000e+00  5.176603e-02) (   1.511348e+01   0.000000e+00 -5.355427e-02) 
17.4	(   7.556740e-01   0.000000e+00 -6.295702e-02) (   3.778370e+00   0.000000e+00  3.445611e-02) (   7.556740e+00   0.000000e+00 -3.534282e-02) (   1.133511e+01   0.000000e+00  3.675823e-02) (   1.511348e+01   0.000000e+00 -3.604340e-02) 
17.5	(   7.556740e-01   0.000000e+00 -5.088140e-02) (   3.778370e+00   0.000000e+00  1.859550e-02) (   7.556740e+00   0.000000e+00 -1.749562e-02) (   1.133511e+01   0.000000e+00  2.033156e-02) (   1.511348e+01   0.000000e+00 -1.858397e-02) 
17.6	(   7.556740e-01   0.000000e+00 -3.516413e-02) (   3.778370e+00   0.000000e+00  2.261446e-03) (   7.556740e+00   0.000000e+00 -3.858806e-04) (   1.133511e+01   0.000000e+00  4.024079e-03) (   1.511348e+01   0.000000e+00 -2.000043e-03) 
17.7	(   7.556740e-01   0.000000e+00 -1.865327e-02) (   3.778370e+00   0.000000e+00 -1.472887e-02) (   7.556740e+00   0.000000e+00  1.620201e-02) (   1.133511e+01   0.000000e+00 -1.291178e-02) (   1.511348e+01   0.000000e+00  1.425270e-02) 
17.8	(   7.556740e-01   0.000000e+00 -2.059450e-03) (   3.778370e+00   0.000000e+00 -3.181166e-02) (   7.556740e+00   0.000000e+00  3.191165e-02) (   1.133511e+01   0.000000e+00 -2.987974e-02) (   1.511348e+01   0.000000e+00  2.963992e-02) 
17.9	(   7.556740e-01   0.000000e+00  1.445234e-02) (   3.778370e+00   0.000000e+00 -4.899446e-02) (   7.556740e+00   0.000000e+00  4.700313e-02) (   1.133511e+01   0.000000e+00 -4.747370e-02) (   1.511348e+01   0.000000e+00  4.468109e-02) 
18	(   7.556740e-01   0.000000e+00  2.968268e-02) (   3.778370e+00   0.000000e+00 -6.303549e-02) (   7.556740e+00   0.000000e+00  5.914850e-02) (   1.133511e+01   0.000000e+00 -6.269687e-02) (   1.511348e+01   0.000000e+00  5.730573e-02) 
18.1	(   7.556740e-01   0.000000e+00  4.366274e-02) (   3.778370e+00   0.000000e+00 -7.105874e-02) (   7.556740e+00   0.000000e+00  6.625147e-02) (   1.133511e+01   0.000000e+00 -7.219257e-02) (   1.511348e+01   0.000000e+00  6.530007e-02) 
18.2	(   7.556740e-01   0.000000e+00  5.492272e-02) (   3.778370e+00   0.000000e+00 -7.191272e-02) (   7.556740e+00   0.000000e+00  6.729344e-02) (   1.133511e+01   0.000000e+00 -7.418664e-02) (   1.511348e+01   0.000000e+00  6.742389e-02) 
18.3	(   7.556740e-01   0.000000e+00  6.173379e-02) (   3.778370e+00   0.000000e+00 -6.509052e-02) (   7.556740e+00   0.000000e+00  6.173092e-02) (   1.133511e+01   0.000000e+00 -6.791753e-02) (   1.511348e+01   0.000000e+00  6.305768e-02) 
18.4	(   7.556740e-01   0.000000e+00  6.317932e-02) (   3.778370e+00   0.000000e+00 -5.174112e-02) (   7.556740e+00   0.000000e+00  5.063847e-02) (   1.133511e+01   0.000000e+00 -5.457617e-02) (   1.511348e+01   0.000000e+00  5.293683e-02) 
18.5	(   7.556740e-01   0.000000e+00  5.881200e-02) (   3.778370e+00   0.000000e+00 -3.427229e-02) (   7.556740e+00   0.000000e+00  3.569972e-02) (   1.133511e+01   0.000000e+00 -3.693782e-02) (   1.511348e+01   0.000000e+00  3.864024e-02) 
18.6	(   7.556740e-01   0.000000e+00  4.946808e-02) (   3.778370e+00   0.000000e+00 -1.664009e-02) (   7.556740e+00   0.000000e+00  1.942286e-02) (   1.133511e+01   0.000000e+00 -1.885362e-02) (   1.511348e+01   0.000000e+00  2.229862e-02) 
18.7	(   7.556740e-01   0.000000e+00  3.611106e-02) (   3.778370e+00   0.000000e+00  5.284113e-04) (   7.556740e+00   0.000000e+00  3.009984e-03) (   1.133511e+01   0.000000e+00 -1.599344e-03) (   1.511348e+01   0.000000e+00  6.029015e-03) 
18.8	(   7.556740e-01   0.000000e+00  2.035511e-02) (   3.778370e+00   0.000000e+00  1.710440e-02) (   7.556740e+00   0.000000e+00 -1.397654e-02) (   1.133511e+01   0.000000e+00  1.529370e-02) (   1.511348e+01   0.000000e+00 -1.126978e-02) 
18.9	(   7.556740e-01   0.000000e+00  3.656494e-03) (   3.778370e+00   0.000000e+00  3.268915e-02) (   7.556740e+00   0.000000e+00 -3.095739e-02) (   1.133511e+01   0.000000e+00  3.124488e-02) (   1.511348e+01   0.000000e+00 -2.873851e-02) 
19	(   7.556740e-01   0.000000e+00 -1.340368e-02) (   3.778370e+00   0.000000e+00  4.742706e-02) (   7.556740e+00   0.000000e+00 -4.833370e-02) (   1.133511e+01   0.000000e+00  4.667978e-02) (   1.511348e+01   0.000000e+00 -4.713411e-02) 
19.1	(   7.556740e-01   0.000000e+00 -2.953400e-02) (   3.778370e+00   0.000000e+00  5.904916e-02) (   7.556740e+00   0.000000e+00 -6.302947e-02) (   1.133511e+01   0.000000e+00  5.920332e-02) (   1.511348e+01   0.000000e+00 -6.327159e-02) 
19.2	(   7.556740e-01   0.000000e+00 -4.479375e-02) (   3.778370e+00   0.000000e+00  6.557986e-02) (   7.556740e+00   0.000000e+00 -7.201264e-02) (   1.133511e+01   0.000000e+00  6.663905e-02) (   1.511348e+01   0.000000e+00 -7.354700e-02) 
19.3	(   7.556740e-01   0.000000e+00 -5.754300e-02) (   3.778370e+00   0.000000e+00  6.602988e-02) (   7.556740e+00   0.000000e+00 -7.349014e-02) (   1.133511e+01   0.000000e+00  6.782567e-02) (   1.511348e+01   0.000000e+00 -7.590098e-02) 
19.4	(   7.556740e-01   0.000000e+00 -6.595371e-02) (   3.778370e+00   0.000000e+00  6.015875e-02) (   7.556740e+00   0.000000e+00 -6.674058e-02) (   1.133511e+01   0.000000e+00  6.237241e-02) (   1.511348e+01   0.000000e+00 -6.974502e-02) 
19.5	(   7.556740e-01   0.000000e+00 -6.822821e-02) (   3.778370e+00   0.000000e+00  4.911361e-02) (   7.556740e+00   0.000000e+00 -5.297636e-02) (   1.133511e+01   0.000000e+00  5.135276e-02) (   1.511348e+01   0.000000e+00 -5.619178e-02) 
19.6	(   7.556740e-01   0.000000e+00 -6.284626e-02) (   3.778370e+00   0.000000e+00  3.450806e-02) (   7.556740e+00   0.000000e+00 -3.518428e-02) (   1.133511e+01   0.000000e+00  3.655527e-02) (   1.511348e+01   0.000000e+00 -3.831801e-02) 
19.7	(   7.556740e-01   0.000000e+00 -5.077562e-02) (   3.778370e+00   0.000000e+00  1.861925e-02) (   7.556740e+00   0.000000e+00 -1.740680e-02) (   1.133511e+01   0.000000e+00  2.030985e-02) (   1.511348e+01   0.000000e+00 -1.988579e-02) 
19.8	(   7.556740e-01   0.000000e+00 -3.507017e-02) (   3.778370e+00   0.000000e+00  2.269485e-03) (   7.556740e+00   0.000000e+00 -3.585550e-04) (   1.133511e+01   0.000000e+00  4.077860e-03) (   1.511348e+01   0.000000e+00 -2.520975e-03) 
19.9	(   7.556740e-01   0.000000e+00 -1.857597e-02) (   3.778370e+00   0.000000e+00 -1.472819e-02) (   7.556740e+00   0.000000e+00  1.616799e-02) (   1.133511e+01   0.000000e+00 -1.288797e-02) (   1.511348e+01   0.000000e+00  1.457868e-02) 
20	(   7.556740e-01   0.000000e+00 -1.989294e-03) (   3.778370e+00   0.000000e+00 -3.180509e-02) (   7.556740e+00   0.000000e+00  3.181591e-02) (   1.133511e+01   0.000000e+00 -3.000213e-02) (   1.511348e+01   0.000000e+00  3.082601e-02) 
20.1	(   7.556740e-01   0.000000e+00  1.451193e-02) (   3.778370e+00   0.000000e+00 -4.897196e-02) (   7.556740e+00   0.000000e+00  4.684881e-02) (   1.133511e+01   0.000000e+00 -4.785817e-02) (   1.511348e+01   0.000000e+00  4.667742e-02) 
20.2	(   7.556740e-01   0.000000e+00  2.973100e-02) (   3.778370e+00   0.000000e+00 -6.302197e-02) (   7.556740e+00   0.000000e+00  5.895024e-02) (   1.133511e+01   0.000000e+00 -6.329113e-02) (   1.511348e+01   0.000000e+00  5.973507e-02) 
20.3	(   7.556740e-01   0.000000e+00  4.369906e-02) (   3.778370e+00   0.000000e+00 -7.108420e-02) (   7.556740e+00   0.000000e+00  6.601407e-02) (   1.133511e+01   0.000000e+00 -7.274020e-02) (   1.511348e+01   0.000000e+00  6.765301e-02) 
20.4	(   7.556740e-01   0.000000e+00  5.495285e-02) (   3.778370e+00   0.000000e+00 -7.197921e-02) (   7.556740e+00   0.000000e+00  6.703275e-02) (   1.133511e+01   0.000000e+00 -7.441796e-02) (   1.511348e+01   0.000000e+00  6.927735e-02) 
20.5	(   7.556740e-01   0.000000e+00  6.176625e-02) (   3.778370e+00   0.000000e+00 -6.516987e-02) (   7.556740e+00   0.000000e+00  6.145882e-02) (   1.133511e+01   0.000000e+00 -6.763953e-02) (   1.511348e+01   0.000000e+00  6.403702e-02) 
20.6	(   7.556740e-01   0.000000e+00  6.320670e-02) (   3.778370e+00   0.000000e+00 -5.179896e-02) (   7.556740e+00   0.000000e+00  5.036989e-02) (   1.133511e+01   0.000000e+00 -5.391842e-02) (   1.511348e+01   0.000000e+00  5.303617e-02) 
20.7	(   7.556740e-01   0.000000e+00  5.882246e-02) (   3.778370e+00   0.000000e+00 -3.430600e-02) (   7.556740e+00   0.000000e+00  3.544945e-02) (   1.133511e+01   0.000000e+00 -3.619632e-02) (   1.511348e+01   0.000000e+00  3.806805e-02) 
20.8	(   7.556740e-01   0.000000e+00  4.946318e-02) (   3.778370e+00   0.000000e+00 -1.667160e-02) (   7.556740e+00   0.000000e+00  1.923046e-02) (   1.133511e+01   0.000000e+00 -1.832184e-02) (   1.511348e+01   0.000000e+00  2.144757e-02) 
20.9	(   7.556740e-01   0.000000e+00  3.609289e-02) (   3.778370e+00   0.000000e+00  4.756703e-04) (   7.556740e+00   0.000000e+00  2.854699e-03) (   1.133511e+01   0.000000e+00 -1.237999e-03) (   1.511348e+01   0.000000e+00  5.073711e-03) 
21	(   7.556740e-01   0.000000e+00  2.032545e-02) (   3.778370e+00   0.000000e+00  1.701834e-02) (   7.556740e+00   0.000000e+00 -1.407235e-02) (   1.133511e+01   0.000000e+00  1.548621e-02) (   1.511348e+01   0.000000e+00 -1.205867e-02) 
21.1	(   7.556740e-01   0.000000e+00  3.613478e-03) (   3.778370e+00   0.000000e+00  3.256062e-02) (   7.556740e+00   0.000000e+00 -3.099642e-02) (   1.133511e+01   0.000000e+00  3.135668e-02) (   1.511348e+01   0.000000e+00 -2.921976e-02) 
21.2	(   7.556740e-01   0.000000e+00 -1.346347e-02) (   3.778370e+00   0.000000e+00  4.726036e-02) (   7.556740e+00   0.000000e+00 -4.832205e-02) (   1.133511e+01   0.000000e+00  4.678352e-02) (   1.511348e+01   0.000000e+00 -4.714366e-02) 
21.3	(   7.556740e-01   0.000000e+00 -2.961951e-02) (   3.778370e+00   0.000000e+00  5.884769e-02) (   7.556740e+00   0.000000e+00 -6.297436e-02) (   1.133511e+01   0.000000e+00  5.937820e-02) (   1.511348e+01   0.000000e+00 -6.284679e-02) 
21.4	(   7.556740e-01   0.000000e+00 -4.490720e-02) (   3.778370e+00   0.000000e+00  6.535956e-02) (   7.556740e+00   0.000000e+00 -7.190278e-02) (   1.133511e+01   0.000000e+00  6.694906e-02) (   1.511348e+01   0.000000e+00 -7.297016e-02) 
21.5	(   7.556740e-01   0.000000e+00 -5.768095e-02) (   3.778370e+00   0.000000e+00  6.581805e-02) (   7.556740e+00   0.000000e+00 -7.329859e-02) (   1.133511e+01   0.000000e+00  6.826007e-02) (   1.511348e+01   0.000000e+00 -7.545187e-02) 
21.6	(   7.556740e-01   0.000000e+00 -6.611345e-02) (   3.778370e+00   0.000000e+00  5.998548e-02) (   7.556740e+00   0.000000e+00 -6.643882e-02) (   1.133511e+01   0.000000e+00  6.283323e-02) (   1.511348e+01   0.000000e+00 -6.962488e-02) 
21.7	(   7.556740e-01   0.000000e+00 -6.839390e-02) (   3.778370e+00   0.000000e+00  4.899614e-02) (   7.556740e+00   0.000000e+00 -5.259155e-02) (   1.133511e+01   0.000000e+00  5.169842e-02) (   1.511348e+01   0.000000e+00 -5.638811e-02) 
21.8	(   7.556740e-01   0.000000e+00 -6.299383e-02) (   3.778370e+00   0.000000e+00  3.444346e-02) (   7.556740e+00   0.000000e+00 -3.477669e-02) (   1.133511e+01   0.000000e+00  3.668954e-02) (   1.511348e+01   0.000000e+00 -3.869301e-02) 
21.9	(   7.556740e-01   0.000000e+00 -5.089214e-02) (   3.778370e+00   0.000000e+00  1.859715e-02) (   7.556740e+00   0.000000e+00 -1.707017e-02) (   1.133511e+01   0.000000e+00  2.021784e-02) (   1.511348e+01   0.000000e+00 -2.026752e-02) 
22	(   7.556740e-01   0.000000e+00 -3.516137e-02) (   3.778370e+00   0.000000e+00  2.276138e-03) (   7.556740e+00   0.000000e+00 -5.151225e-05) (   1.133511e+01   0.000000e+00  3.817517e-03) (   1.511348e+01   0.000000e+00 -2.927175e-03) 
22.1	(   7.556740e-01   0.000000e+00 -1.863845e-02) (   3.778370e+00   0.000000e+00 -1.468959e-02) (   7.556740e+00   0.000000e+00  1.643547e-02) (   1.133511e+01   0.000000e+00 -1.323015e-02) (   1.511348e+01   0.000000e+00  1.416825e-02) 
22.2	(   7.556740e-01   0.000000e+00 -2.028238e-03) (   3.778370e+00   0.000000e+00 -3.170741e-02) (   7.556740e+00   0.000000e+00  3.208512e-02) (   1.133511e+01   0.000000e+00 -3.037037e-02) (   1.511348e+01   0.000000e+00  3.034849e-02) 
22.3	(   7.556740e-01   0.000000e+00  1.449248e-02) (   3.778370e+00   0.000000e+00 -4.877733e-02) (   7.556740e+00   0.000000e+00  4.712597e-02) (   1.133511e+01   0.000000e+00 -4.820489e-02) (   1.511348e+01   0.000000e+00  4.609788e-02) 
22.4	(   7.556740e-01   0.000000e+00  2.972561e-02) (   3.778370e+00   0.000000e+00 -6.274007e-02) (   7.556740e+00   0.000000e+00  5.921508e-02) (   1.133511e+01   0.000000e+00 -6.363686e-02) (   1.511348e+01   0.000000e+00  5.909165e-02) 
22.5	(   7.556740e-01   0.000000e+00  4.371001e-02) (   3.778370e+00   0.000000e+00 -7.076191e-02) (   7.556740e+00   0.000000e+00  6.624524e-02) (   1.133511e+01   0.000000e+00 -7.316055e-02) (   1.511348e+01   0.000000e+00  6.700551e-02) 
22.6	(   7.556740e-01   0.000000e+00  5.498248e-02) (   3.778370e+00   0.000000e+00 -7.164483e-02) (   7.556740e+00   0.000000e+00  6.720280e-02) (   1.133511e+01   0.000000e+00 -7.494448e-02) (   1.511348e+01   0.000000e+00  6.868767e-02) 
22.7	(   7.556740e-01   0.000000e+00  6.181579e-02) (   3.778370e+00   0.000000e+00 -6.483462e-02) (   7.556740e+00   0.000000e+00  6.151481e-02) (   1.133511e+01   0.000000e+00 -6.821315e-02) (   1.511348e+01   0.000000e+00  6.358761e-02) 
22.8	(   7.556740e-01   0.000000e+00  6.327862e-02) (   3.778370e+00   0.000000e+00 -5.146704e-02) (   7.556740e+00   0.000000e+00  5.028502e-02) (   1.133511e+01   0.000000e+00 -5.441555e-02) (   1.511348e+01   0.000000e+00  5.279091e-02) 
22.9	(   7.556740e-01   0.000000e+00  5.891903e-02) (   3.778370e+00   0.000000e+00 -3.399878e-02) (   7.556740e+00   0.000000e+00  3.524691e-02) (   1.133511e+01   0.000000e+00 -3.657023e-02) (   1.511348e+01   0.000000e+00  3.804401e-02) 
23	(   7.556740e-01   0.000000e+00  4.957880e-02) (   3.778370e+00   0.000000e+00 -1.643856e-02) (   7.556740e+00   0.000000e+00  1.899218e-02) (   1.133511e+01   0.000000e+00 -1.858062e-02) (   1.511348e+01   0.000000e+00  2.160277e-02) 
23.1	(   7.556740e-01   0.000000e+00  3.622622e-02) (   3.778370e+00   0.000000e+00  6.793224e-04) (   7.556740e+00   0.000000e+00  2.569344e-03) (   1.133511e+01   0.000000e+00 -1.474971e-03) (   1.511348e+01   0.000000e+00  5.372553e-03) 
23.2	(   7.556740e-01   0.000000e+00  2.046175e-02) (   3.778370e+00   0.000000e+00  1.718344e-02) (   7.556740e+00   0.000000e+00 -1.437352e-02) (   1.133511e+01   0.000000e+00  1.526187e-02) (   1.511348e+01   0.000000e+00 -1.166424e-02) 
23.3	(   7.556740e-01   0.000000e+00  3.767221e-03) (   3.778370e+00   0.000000e+00  3.269266e-02) (   7.556740e+00   0.000000e+00 -3.135225e-02) (   1.133511e+01   0.000000e+00  3.111831e-02) (   1.511348e+01   0.000000e+00 -2.872751e-02) 
23.4	(   7.556740e-01   0.000000e+00 -1.329598e-02) (   3.778370e+00   0.000000e+00  4.734932e-02) (   7.556740e+00   0.000000e+00 -4.877010e-02) (   1.133511e+01   0.000000e+00  4.655537e-02) (   1.511348e+01   0.000000e+00 -4.656253e-02) 
23.5	(   7.556740e-01   0.000000e+00 -2.943415e-02) (   3.778370e+00   0.000000e+00  5.888506e-02) (   7.556740e+00   0.000000e+00 -6.351926e-02) (   1.133511e+01   0.000000e+00  5.919996e-02) (   1.511348e+01   0.000000e+00 -6.221610e-02) 
23.6	(   7.556740e-01   0.000000e+00 -4.471249e-02) (   3.778370e+00   0.000000e+00  6.533295e-02) (   7.556740e+00   0.000000e+00 -7.249718e-02) (   1.133511e+01   0.000000e+00  6.684028e-02) (   1.511348e+01   0.000000e+00 -7.226380e-02) 
23.7	(   7.556740e-01   0.000000e+00 -5.749907e-02) (   3.778370e+00   0.000000e+00  6.571992e-02) (   7.556740e+00   0.000000e+00 -7.388060e-02) (   1.133511e+01   0.000000e+00  6.823865e-02) (   1.511348e+01   0.000000e+00 -7.457355e-02) 
23.8	(   7.556740e-01   0.000000e+00 -6.595993e-02) (   3.778370e+00   0.000000e+00  5.981083e-02) (   7.556740e+00   0.000000e+00 -6.693993e-02) (   1.133511e+01   0.000000e+00  6.290980e-02) (   1.511348e+01   0.000000e+00 -6.844621e-02) 
23.9	(   7.556740e-01   0.000000e+00 -6.827114e-02) (   3.778370e+00   0.000000e+00  4.874639e-02) (   7.556740e+00   0.000000e+00 -5.297104e-02) (   1.133511e+01   0.000000e+00  5.187071e-02) (   1.511348e+01   0.000000e+00 -5.500171e-02) 
24	(   7.556740e-01   0.000000e+00 -6.290064e-02) (   3.778370e+00   0.000000e+00  3.413334e-02) (   7.556740e+00   0.000000e+00 -3.504931e-02) (   1.133511e+01   0.000000e+00  3.695737e-02) (   1.511348e+01   0.000000e+00 -3.731402e-02) 
24.1	(   7.556740e-01   0.000000e+00 -5.083876e-02) (   3.778370e+00   0.000000e+00  1.828132e-02) (   7.556740e+00   0.000000e+00 -1.725420e-02) (   1.133511e+01   0.000000e+00  2.054267e-02) (   1.511348e+01   0.000000e+00 -1.922672e-02) 
24.2	(   7.556740e-01   0.000000e+00 -3.516184e-02) (   3.778370e+00   0.000000e+00  1.910469e-03) (   7.556740e+00   0.000000e+00 -2.062025e-04) (   1.133511e+01   0.000000e+00  4.236621e-03) (   1.511348e+01   0.000000e+00 -2.085813e-03) 
24.3	(   7.556740e-01   0.000000e+00 -1.869292e-02) (   3.778370e+00   0.000000e+00 -1.506938e-02) (   7.556740e+00   0.000000e+00  1.631806e-02) (   1.133511e+01   0.000000e+00 -1.273298e-02) (   1.511348e+01   0.000000e+00  1.469850e-02) 
24.4	(   7.556740e-01   0.000000e+00 -2.134835e-03) (   3.778370e+00   0.000000e+00 -3.214185e-02) (   7.556740e+00   0.000000e+00  3.201498e-02) (   1.133511e+01   0.000000e+00 -2.975995e-02) (   1.511348e+01   0.000000e+00  3.053065e-02) 
24.5	(   7.556740e-01   0.000000e+00  1.433841e-02) (   3.778370e+00   0.000000e+00 -4.925612e-02) (   7.556740e+00   0.000000e+00  4.713791e-02) (   1.133511e+01   0.000000e+00 -4.747222e-02) (   1.511348e+01   0.000000e+00  4.585094e-02) 
24.6	(   7.556740e-01   0.000000e+00  2.952159e-02) (   3.778370e+00   0.000000e+00 -6.322520e-02) (   7.556740e+00   0.000000e+00  5.934566e-02) (   1.133511e+01   0.000000e+00 -6.282614e-02) (   1.511348e+01   0.000000e+00  5.841038e-02) 
24.7	(   7.556740e-01   0.000000e+00  4.345336e-02) (   3.778370e+00   0.000000e+00 -7.122544e-02) (   7.556740e+00   0.000000e+00  6.651025e-02) (   1.133511e+01   0.000000e+00 -7.230544e-02) (   1.511348e+01   0.000000e+00  6.597905e-02) 
24.8	(   7.556740e-01   0.000000e+00  5.468659e-02) (   3.778370e+00   0.000000e+00 -7.206374e-02) (   7.556740e+00   0.000000e+00  6.758407e-02) (   1.133511e+01   0.000000e+00 -7.404546e-02) (   1.511348e+01   0.000000e+00  6.745660e-02) 
24.9	(   7.556740e-01   0.000000e+00  6.149875e-02) (   3.778370e+00   0.000000e+00 -6.516199e-02) (   7.556740e+00   0.000000e+00  6.196857e-02) (   1.133511e+01   0.000000e+00 -6.731652e-02) (   1.511348e+01   0.000000e+00  6.231078e-02) 
25	(   7.556740e-01   0.000000e+00  6.294898e-02) (   3.778370e+00   0.000000e+00 -5.167588e-02) (   7.556740e+00   0.000000e+00  5.075968e-02) (   1.133511e+01   0.000000e+00 -5.363076e-02) (   1.511348e+01   0.000000e+00  5.157936e-02) 
25.1	(   7.556740e-01   0.000000e+00  5.858833e-02) (   3.778370e+00   0.000000e+00 -3.409620e-02) (   7.556740e+00   0.000000e+00  3.571893e-02) (   1.133511e+01   0.000000e+00 -3.599069e-02) (   1.511348e+01   0.000000e+00  3.693372e-02) 
25.2	(   7.556740e-01   0.000000e+00  4.926156e-02) (   3.778370e+00   0.000000e+00 -1.644776e-02) (   7.556740e+00   0.000000e+00  1.941182e-02) (   1.133511e+01   0.000000e+00 -1.827327e-02) (   1.511348e+01   0.000000e+00  2.069010e-02) 
25.3	(   7.556740e-01   0.000000e+00  3.593472e-02) (   3.778370e+00   0.000000e+00  7.319281e-04) (   7.556740e+00   0.000000e+00  3.027165e-03) (   1.133511e+01   0.000000e+00 -1.346398e-03) (   1.511348e+01   0.000000e+00  4.384078e-03) 
25.4	(   7.556740e-01   0.000000e+00  2.023020e-02) (   3.778370e+00   0.000000e+00  1.729990e-02) (   7.556740e+00   0.000000e+00 -1.389230e-02) (   1.133511e+01   0.000000e+00  1.521029e-02) (   1.511348e+01   0.000000e+00 -1.273335e-02) 
25.5	(   7.556740e-01   0.000000e+00  3.562476e-03) (   3.778370e+00   0.000000e+00  3.290474e-02) (   7.556740e+00   0.000000e+00 -3.079514e-02) (   1.133511e+01   0.000000e+00  3.085164e-02) (   1.511348e+01   0.000000e+00 -2.997898e-02) 
25.6	(   7.556740e-01   0.000000e+00 -1.346399e-02) (   3.778370e+00   0.000000e+00  4.767640e-02) (   7.556740e+00   0.000000e+00 -4.815571e-02) (   1.133511e+01   0.000000e+00  4.600112e-02) (   1.511348e+01   0.000000e+00 -4.793849e-02) 
25.7	(   7.556740e-01   0.000000e+00 -2.956194e-02) (   3.778370e+00   0.000000e+00  5.932433e-02) (   7.556740e+00   0.000000e+00 -6.292990e-02) (   1.133511e+01   0.000000e+00  5.834880e-02) (   1.511348e+01   0.000000e+00 -6.335050e-02) 
25.8	(   7.556740e-01   0.000000e+00 -4.477825e-02) (   3.778370e+00   0.000000e+00  6.587776e-02) (   7.556740e+00   0.000000e+00 -7.200439e-02) (   1.133511e+01   0.000000e+00  6.572953e-02) (   1.511348e+01   0.000000e+00 -7.279628e-02) 
25.9	(   7.556740e-01   0.000000e+00 -5.746554e-02) (   3.778370e+00   0.000000e+00  6.634988e-02) (   7.556740e+00   0.000000e+00 -7.348407e-02) (   1.133511e+01   0.000000e+00  6.693636e-02) (   1.511348e+01   0.000000e+00 -7.440378e-02) 
26	(   7.556740e-01   0.000000e+00 -6.580438e-02) (   3.778370e+00   0.000000e+00  6.048616e-02) (   7.556740e+00   0.000000e+00 -6.662721e-02) (   1.133511e+01   0.000000e+00  6.152587e-02) (   1.511348e+01   0.000000e+00 -6.762683e-02) 
26.1	(   7.556740e-01   0.000000e+00 -6.800978e-02) (   3.778370e+00   0.000000e+00  4.941492e-02) (   7.556740e+00   0.000000e+00 -5.275587e-02) (   1.133511e+01   0.000000e+00  5.055090e-02) (   1.511348e+01   0.000000e+00 -5.386710e-02) 
26.2	(   7.556740e-01   0.000000e+00 -6.255407e-02) (   3.778370e+00   0.000000e+00  3.473912e-02) (   7.556740e+00   0.000000e+00 -3.497675e-02) (   1.133511e+01   0.000000e+00  3.579756e-02) (   1.511348e+01   0.000000e+00 -3.610621e-02) 
26.3	(   7.556740e-01   0.000000e+00 -5.045248e-02) (   3.778370e+00   0.000000e+00  1.874291e-02) (   7.556740e+00   0.000000e+00 -1.734233e-02) (   1.133511e+01   0.000000e+00  1.969141e-02) (   1.511348e+01   0.000000e+00 -1.815732e-02) 
26.4	(   7.556740e-01   0.000000e+00 -3.476049e-02) (   3.778370e+00   0.000000e+00  2.327597e-03) (   7.556740e+00   0.000000e+00 -4.507444e-04) (   1.133511e+01   0.000000e+00  3.507084e-03) (   1.511348e+01   0.000000e+00 -9.214462e-04) 
26.5	(   7.556740e-01   0.000000e+00 -1.831400e-02) (   3.778370e+00   0.000000e+00 -1.472016e-02) (   7.556740e+00   0.000000e+00  1.593413e-02) (   1.133511e+01   0.000000e+00 -1.330480e-02) (   1.511348e+01   0.000000e+00  1.596890e-02) 
26.6	(   7.556740e-01   0.000000e+00 -1.735984e-03) (   3.778370e+00   0.000000e+00 -3.181616e-02) (   7.556740e+00   0.000000e+00  3.144340e-02) (   1.133511e+01   0.000000e+00 -3.021420e-02) (   1.511348e+01   0.000000e+00  3.209516e-02) 
26.7	(   7.556740e-01   0.000000e+00  1.474870e-02) (   3.778370e+00   0.000000e+00 -4.897953e-02) (   7.556740e+00   0.000000e+00  4.635751e-02) (   1.133511e+01   0.000000e+00 -4.774737e-02) (   1.511348e+01   0.000000e+00  4.773541e-02) 
26.8	(   7.556740e-01   0.000000e+00  2.995116e-02) (   3.778370e+00   0.000000e+00 -6.306864e-02) (   7.556740e+00   0.000000e+00  5.839876e-02) (   1.133511e+01   0.000000e+00 -6.278404e-02) (   1.511348e+01   0.000000e+00  6.042344e-02) 
26.9	(   7.556740e-01   0.000000e+00  4.389139e-02) (   3.778370e+00   0.000000e+00 -7.124553e-02) (   7.556740e+00   0.000000e+00  6.545393e-02) (   1.133511e+01   0.000000e+00 -7.184466e-02) (   1.511348e+01   0.000000e+00  6.788957e-02) 
27	(   7.556740e-01   0.000000e+00  5.509413e-02) (   3.778370e+00   0.000000e+00 -7.226018e-02) (   7.556740e+00   0.000000e+00  6.649286e-02) (   1.133511e+01   0.000000e+00 -7.313715e-02) (   1.511348e+01   0.000000e+00  6.905927e-02) 
27.1	(   7.556740e-01   0.000000e+00  6.185435e-02) (   3.778370e+00   0.000000e+00 -6.550496e-02) (   7.556740e+00   0.000000e+00  6.094546e-02) (   1.133511e+01   0.000000e+00 -6.599766e-02) (   1.511348e+01   0.000000e+00  6.339484e-02) 
27.2	(   7.556740e-01   0.000000e+00  6.325720e-02) (   3.778370e+00   0.000000e+00 -5.209611e-02) (   7.556740e+00   0.000000e+00  4.988895e-02) (   1.133511e+01   0.000000e+00 -5.211426e-02) (   1.511348e+01   0.000000e+00  5.207611e-02) 
27.3	(   7.556740e-01   0.000000e+00  5.883200e-02) (   3.778370e+00   0.000000e+00 -3.455110e-02) (   7.556740e+00   0.000000e+00  3.504077e-02) (   1.133511e+01   0.000000e+00 -3.447084e-02) (   1.511348e+01   0.000000e+00  3.688228e-02) 
27.4	(   7.556740e-01   0.000000e+00  4.942428e-02) (   3.778370e+00   0.000000e+00 -1.688936e-02) (   7.556740e+00   0.000000e+00  1.899088e-02) (   1.133511e+01   0.000000e+00 -1.697805e-02) (   1.511348e+01   0.000000e+00  2.024893e-02) 
27.5	(   7.556740e-01   0.000000e+00  3.600244e-02) (   3.778370e+00   0.000000e+00  2.116962e-04) (   7.556740e+00   0.000000e+00  2.768619e-03) (   1.133511e+01   0.000000e+00 -2.210889e-05) (   1.511348e+01   0.000000e+00  3.639587e-03) 
27.6	(   7.556740e-01   0.000000e+00  2.019570e-02) (   3.778370e+00   0.000000e+00  1.670409e-02) (   7.556740e+00   0.000000e+00 -1.395040e-02) (   1.133511e+01   0.000000e+00  1.653070e-02) (   1.511348e+01   0.000000e+00 -1.371190e-02) 
27.7	(   7.556740e-01   0.000000e+00  3.433138e-03) (   3.778370e+00   0.000000e+00  3.215505e-02) (   7.556740e+00   0.000000e+00 -3.062513e-02) (   1.133511e+01   0.000000e+00  3.230831e-02) (   1.511348e+01   0.000000e+00 -3.131334e-02) 
27.8	(   7.556740e-01   0.000000e+00 -1.368785e-02) (   3.778370e+00   0.000000e+00  4.679492e-02) (   7.556740e+00   0.000000e+00 -4.770679e-02) (   1.133511e+01   0.000000e+00  4.752758e-02) (   1.511348e+01   0.000000e+00 -4.974409e-02) 
27.9	(   7.556740e-01   0.000000e+00 -2.990951e-02) (   3.778370e+00   0.000000e+00  5.840525e-02) (   7.556740e+00   0.000000e+00 -6.218795e-02) (   1.133511e+01   0.000000e+00  5.972496e-02) (   1.511348e+01   0.000000e+00 -6.555978e-02) 
28	(   7.556740e-01   0.000000e+00 -4.528299e-02) (   3.778370e+00   0.000000e+00  6.501409e-02) (   7.556740e+00   0.000000e+00 -7.096742e-02) (   1.133511e+01   0.000000e+00  6.677051e-02) (   1.511348e+01   0.000000e+00 -7.518532e-02) 
28.1	(   7.556740e-01   0.000000e+00 -5.812437e-02) (   3.778370e+00   0.000000e+00  6.562101e-02) (   7.556740e+00   0.000000e+00 -7.216762e-02) (   1.133511e+01   0.000000e+00  6.753536e-02) (   1.511348e+01   0.000000e+00 -7.679317e-02) 
28.2	(   7.556740e-01   0.000000e+00 -6.657409e-02) (   3.778370e+00   0.000000e+00  5.995623e-02) (   7.556740e+00   0.000000e+00 -6.507757e-02) (   1.133511e+01   0.000000e+00  6.162034e-02) (   1.511348e+01   0.000000e+00 -6.971362e-02) 
28.3	(   7.556740e-01   0.000000e+00 -6.881197e-02) (   3.778370e+00   0.000000e+00  4.910556e-02) (   7.556740e+00   0.000000e+00 -5.113921e-02) (   1.133511e+01   0.000000e+00  5.020554e-02) (   1.511348e+01   0.000000e+00 -5.545606e-02) 
28.4	(   7.556740e-01   0.000000e+00 -6.331017e-02) (   3.778370e+00   0.000000e+00  3.465214e-02) (   7.556740e+00   0.000000e+00 -3.346953e-02) (   1.133511e+01   0.000000e+00  3.512484e-02) (   1.511348e+01   0.000000e+00 -3.716801e-02) 
28.5	(   7.556740e-01   0.000000e+00 -5.110583e-02) (   3.778370e+00   0.000000e+00  1.885821e-02) (   7.556740e+00   0.000000e+00 -1.615996e-02) (   1.133511e+01   0.000000e+00  1.888590e-02) (   1.511348e+01   0.000000e+00 -1.867927e-02) 
28.6	(   7.556740e-01   0.000000e+00 -3.530171e-02) (   3.778370e+00   0.000000e+00  2.619769e-03) (   7.556740e+00   0.000000e+00  6.318908e-04) (   1.133511e+01   0.000000e+00  2.483865e-03) (   1.511348e+01   0.000000e+00 -1.112835e-03) 
28.7	(   7.556740e-01   0.000000e+00 -1.870218e-02) (   3.778370e+00   0.000000e+00 -1.423999e-02) (   7.556740e+00   0.000000e+00  1.688101e-02) (   1.133511e+01   0.000000e+00 -1.452363e-02) (   1.511348e+01   0.000000e+00  1.613477e-02) 
28.8	(   7.556740e-01   0.000000e+00 -2.006843e-03) (   3.778370e+00   0.000000e+00 -3.104435e-02) (   7.556740e+00   0.000000e+00  3.234767e-02) (   1.133511e+01   0.000000e+00 -3.180609e-02) (   1.511348e+01   0.000000e+00  3.272325e-02) 
28.9	(   7.556740e-01   0.000000e+00  1.460242e-02) (   3.778370e+00   0.000000e+00 -4.783894e-02) (   7.556740e+00   0.000000e+00  4.715888e-02) (   1.133511e+01   0.000000e+00 -4.973591e-02) (   1.511348e+01   0.000000e+00  4.893640e-02) 
29	(   7.556740e-01   0.000000e+00  2.991954e-02) (   3.778370e+00   0.000000e+00 -6.160840e-02) (   7.556740e+00   0.000000e+00  5.896467e-02) (   1.133511e+01   0.000000e+00 -6.492678e-02) (   1.511348e+01   0.000000e+00  6.217111e-02) 
29.1	(   7.556740e-01   0.000000e+00  4.398569e-02) (   3.778370e+00   0.000000e+00 -6.961000e-02) (   7.556740e+00   0.000000e+00  6.569362e-02) (   1.133511e+01   0.000000e+00 -7.385578e-02) (   1.511348e+01   0.000000e+00  7.007465e-02) 
29.2	(   7.556740e-01   0.000000e+00  5.532449e-02) (   3.778370e+00   0.000000e+00 -7.058343e-02) (   7.556740e+00   0.000000e+00  6.636037e-02) (   1.133511e+01   0.000000e+00 -7.486726e-02) (   1.511348e+01   0.000000e+00  7.152787e-02) 
29.3	(   7.556740e-01   0.000000e+00  6.221042e-02) (   3.778370e+00   0.000000e+00 -6.390008e-02) (   7.556740e+00   0.000000e+00  6.043795e-02) (   1.133511e+01   0.000000e+00 -6.729483e-02) (   1.511348e+01   0.000000e+00  6.593961e-02) 
29.4	(   7.556740e-01   0.000000e+00  6.374302e-02) (   3.778370e+00   0.000000e+00 -5.064596e-02) (   7.556740e+00   0.000000e+00  4.909585e-02) (   1.133511e+01   0.000000e+00 -5.293268e-02) (   1.511348e+01   0.000000e+00  5.448023e-02) 
29.5	(   7.556740e-01   0.000000e+00  5.947085e-02) (   3.778370e+00   0.000000e+00 -3.333590e-02) (   7.556740e+00   0.000000e+00  3.407414e-02) (   1.133511e+01   0.000000e+00 -3.483064e-02) (   1.511348e+01   0.000000e+00  3.898848e-02) 
29.6	(   7.556740e-01   0.000000e+00  5.017437e-02) (   3.778370e+00   0.000000e+00 -1.603012e-02) (   7.556740e+00   0.000000e+00  1.802960e-02) (   1.133511e+01   0.000000e+00 -1.693413e-02) (   1.511348e+01   0.000000e+00  2.179191e-02) 
29.7	(   7.556740e-01   0.000000e+00  3.680465e-02) (   3.778370e+00   0.000000e+00  9.030326e-04) (   7.556740e+00   0.000000e+00  1.695768e-03) (   1.133511e+01   0.000000e+00  3.697988e-04) (   1.511348e+01   0.000000e+00  4.954855e-03) 
29.8	(   7.556740e-01   0.000000e+00  2.095862e-02) (   3.778370e+00   0.000000e+00  1.720591e-02) (   7.556740e+00   0.000000e+00 -1.507822e-02) (   1.133511e+01   0.000000e+00  1.727194e-02) (   1.511348e+01   0.000000e+00 -1.271162e-02) 
29.9	(   7.556740e-01   0.000000e+00  4.260036e-03) (   3.778370e+00   0.000000e+00  3.248996e-02) (   7.556740e+00   0.000000e+00 -3.193007e-02) (   1.133511e+01   0.000000e+00  3.355997e-02) (   1.511348e+01   0.000000e+00 -3.059986e-02) 
30	(   7.556740e-01   0.000000e+00 -1.281930e-02) (   3.778370e+00   0.000000e+00  4.686763e-02) (   7.556740e+00   0.000000e+00 -4.916033e-02) (   1.133511e+01   0.000000e+00  4.935325e-02) (   1.511348e+01   0.000000e+00 -4.945528e-02) 
30.1	(   7.556740e-01   0.000000e+00 -2.898209e-02) (   3.778370e+00   0.000000e+00  5.814649e-02) (   7.556740e+00   0.000000e+00 -6.362055e-02) (   1.133511e+01   0.000000e+00  6.202925e-02) (   1.511348e+01   0.000000e+00 -6.585158e-02) 
30.2	(   7.556740e-01   0.000000e+00 -4.434620e-02) (   3.778370e+00   0.000000e+00  6.442091e-02) (   7.556740e+00   0.000000e+00 -7.218019e-02) (   1.133511e+01   0.000000e+00  6.937657e-02) (   1.511348e+01   0.000000e+00 -7.609283e-02) 
30.3	(   7.556740e-01   0.000000e+00 -5.728686e-02) (   3.778370e+00   0.000000e+00  6.473211e-02) (   7.556740e+00   0.000000e+00 -7.300933e-02) (   1.133511e+01   0.000000e+00  7.021734e-02) (   1.511348e+01   0.000000e+00 -7.835493e-02) 
30.4	(   7.556740e-01   0.000000e+00 -6.592627e-02) (   3.778370e+00   0.000000e+00  5.883801e-02) (   7.556740e+00   0.000000e+00 -6.543731e-02) (   1.133511e+01   0.000000e+00  6.411964e-02) (   1.511348e+01   0.000000e+00 -7.173704e-02) 
30.5	(   7.556740e-01   0.000000e+00 -6.838692e-02) (   3.778370e+00   0.000000e+00  4.785724e-02) (   7.556740e+00   0.000000e+00 -5.108345e-02) (   1.133511e+01   0.000000e+00  5.233382e-02) (   1.511348e+01   0.000000e+00 -5.768418e-02) 
30.6	(   7.556740e-01   0.000000e+00 -6.313716e-02) (   3.778370e+00   0.000000e+00  3.336938e-02) (   7.556740e+00   0.000000e+00 -3.309828e-02) (   1.133511e+01   0.000000e+00  3.679374e-02) (   1.511348e+01   0.000000e+00 -3.938056e-02) 
30.7	(   7.556740e-01   0.000000e+00 -5.116239e-02) (   3.778370e+00   0.000000e+00  1.773072e-02) (   7.556740e+00   0.000000e+00 -1.558936e-02) (   1.133511e+01   0.000000e+00  1.996237e-02) (   1.511348e+01   0.000000e+00 -2.048031e-02) 
30.8	(   7.556740e-01   0.000000e+00 -3.555504e-02) (   3.778370e+00   0.000000e+00  1.473150e-03) (   7.556740e+00   0.000000e+00  1.462368e-03) (   1.133511e+01   0.000000e+00  3.251425e-03) (   1.511348e+01   0.000000e+00 -2.863100e-03) 
30.9	(   7.556740e-01   0.000000e+00 -1.908152e-02) (   3.778370e+00   0.000000e+00 -1.532543e-02) (   7.556740e+00   0.000000e+00  1.795536e-02) (   1.133511e+01   0.000000e+00 -1.412159e-02) (   1.511348e+01   0.000000e+00  1.453891e-02) 
31	(   7.556740e-01   0.000000e+00 -2.529024e-03) (   3.778370e+00   0.000000e+00 -3.214538e-02) (   7.556740e+00   0.000000e+00  3.384330e-02) (   1.133511e+01   0.000000e+00 -3.179723e-02) (   1.511348e+01   0.000000e+00  3.117001e-02) 
31.1	(   7.556740e-01   0.000000e+00  1.396046e-02) (   3.778370e+00   0.000000e+00 -4.885801e-02) (   7.556740e+00   0.000000e+00  4.908665e-02) (   1.133511e+01   0.000000e+00 -5.028469e-02) (   1.511348e+01   0.000000e+00  4.757272e-02) 
31.2	(   7.556740e-01   0.000000e+00  2.916153e-02) (   3.778370e+00   0.000000e+00 -6.237379e-02) (   7.556740e+00   0.000000e+00  6.117180e-02) (   1.133511e+01   0.000000e+00 -6.612069e-02) (   1.511348e+01   0.000000e+00  6.128222e-02) 
31.3	(   7.556740e-01   0.000000e+00  4.313096e-02) (   3.778370e+00   0.000000e+00 -6.997412e-02) (   7.556740e+00   0.000000e+00  6.795088e-02) (   1.133511e+01   0.000000e+00 -7.559781e-02) (   1.511348e+01   0.000000e+00  6.984296e-02) 
31.4	(   7.556740e-01   0.000000e+00  5.444208e-02) (   3.778370e+00   0.000000e+00 -7.047406e-02) (   7.556740e+00   0.000000e+00  6.845718e-02) (   1.133511e+01   0.000000e+00 -7.707438e-02) (   1.511348e+01   0.000000e+00  7.202396e-02) 
31.5	(   7.556740e-01   0.000000e+00  6.136655e-02) (   3.778370e+00   0.000000e+00 -6.330314e-02) (   7.556740e+00   0.000000e+00  6.219360e-02) (   1.133511e+01   0.000000e+00 -6.972970e-02) (   1.511348e+01   0.000000e+00  6.720992e-02) 
31.6	(   7.556740e-01   0.000000e+00  6.295114e-02) (   3.778370e+00   0.000000e+00 -4.968561e-02) (   7.556740e+00   0.000000e+00  5.040591e-02) (   1.133511e+01   0.000000e+00 -5.534595e-02) (   1.511348e+01   0.000000e+00  5.636758e-02) 
31.7	(   7.556740e-01   0.000000e+00  5.874634e-02) (   3.778370e+00   0.000000e+00 -3.216583e-02) (   7.556740e+00   0.000000e+00  3.490285e-02) (   1.133511e+01   0.000000e+00 -3.703592e-02) (   1.511348e+01   0.000000e+00  4.128214e-02) 
31.8	(   7.556740e-01   0.000000e+00  4.957388e-02) (   3.778370e+00   0.000000e+00 -1.485690e-02) (   7.556740e+00   0.000000e+00  1.838283e-02) (   1.133511e+01   0.000000e+00 -1.862356e-02) (   1.511348e+01   0.000000e+00  2.407569e-02) 
31.9	(   7.556740e-01   0.000000e+00  3.640451e-02) (   3.778370e+00   0.000000e+00  2.233952e-03) (   7.556740e+00   0.000000e+00  1.741823e-03) (   1.133511e+01   0.000000e+00 -1.133975e-03) (   1.511348e+01   0.000000e+00  7.381963e-03) 
32	(   7.556740e-01   0.000000e+00  2.082014e-02) (   3.778370e+00   0.000000e+00  1.864269e-02) (   7.556740e+00   0.000000e+00 -1.533178e-02) (   1.133511e+01   0.000000e+00  1.605774e-02) (   1.511348e+01   0.000000e+00 -1.022227e-02) 
32.1	(   7.556740e-01   0.000000e+00  4.350073e-03) (   3.778370e+00   0.000000e+00  3.423784e-02) (   7.556740e+00   0.000000e+00 -3.257916e-02) (   1.133511e+01   0.000000e+00  3.258441e-02) (   1.511348e+01   0.000000e+00 -2.789243e-02) 
32.2	(   7.556740e-01   0.000000e+00 -1.249811e-02) (   3.778370e+00   0.000000e+00  4.888587e-02) (   7.556740e+00   0.000000e+00 -5.035340e-02) (   1.133511e+01   0.000000e+00  4.877440e-02) (   1.511348e+01   0.000000e+00 -4.654046e-02) 
32.3	(   7.556740e-01   0.000000e+00 -2.837899e-02) (   3.778370e+00   0.000000e+00  6.023888e-02) (   7.556740e+00   0.000000e+00 -6.535012e-02) (   1.133511e+01   0.000000e+00  6.199952e-02) (   1.511348e+01   0.000000e+00 -6.314100e-02) 
32.4	(   7.556740e-01   0.000000e+00 -4.336401e-02) (   3.778370e+00   0.000000e+00  6.640514e-02) (   7.556740e+00   0.000000e+00 -7.428790e-02) (   1.133511e+01   0.000000e+00  6.997428e-02) (   1.511348e+01   0.000000e+00 -7.397482e-02) 
32.5	(   7.556740e-01   0.000000e+00 -5.590318e-02) (   3.778370e+00   0.000000e+00  6.644841e-02) (   7.556740e+00   0.000000e+00 -7.532742e-02) (   1.133511e+01   0.000000e+00  7.144859e-02) (   1.511348e+01   0.000000e+00 -7.685796e-02) 
32.6	(   7.556740e-01   0.000000e+00 -6.424370e-02) (   3.778370e+00   0.000000e+00  6.015046e-02) (   7.556740e+00   0.000000e+00 -6.775014e-02) (   1.133511e+01   0.000000e+00  6.592250e-02) (   1.511348e+01   0.000000e+00 -7.125633e-02) 
32.7	(   7.556740e-01   0.000000e+00 -6.656712e-02) (   3.778370e+00   0.000000e+00  4.869039e-02) (   7.556740e+00   0.000000e+00 -5.313994e-02) (   1.133511e+01   0.000000e+00  5.452775e-02) (   1.511348e+01   0.000000e+00 -5.814520e-02) 
32.8	(   7.556740e-01   0.000000e+00 -6.132302e-02) (   3.778370e+00   0.000000e+00  3.371814e-02) (   7.556740e+00   0.000000e+00 -3.475530e-02) (   1.133511e+01   0.000000e+00  3.917308e-02) (   1.511348e+01   0.000000e+00 -4.053496e-02) 
32.9	(   7.556740e-01   0.000000e+00 -4.951192e-02) (   3.778370e+00   0.000000e+00  1.764699e-02) (   7.556740e+00   0.000000e+00 -1.671728e-02) (   1.133511e+01   0.000000e+00  2.210786e-02) (   1.511348e+01   0.000000e+00 -2.192224e-02) 
33	(   7.556740e-01   0.000000e+00 -3.413140e-02) (   3.778370e+00   0.000000e+00  1.028571e-03) (   7.556740e+00   0.000000e+00  6.145824e-04) (   1.133511e+01   0.000000e+00  5.491285e-03) (   1.511348e+01   0.000000e+00 -4.705185e-03) 
33.1	(   7.556740e-01   0.000000e+00 -1.800645e-02) (   3.778370e+00   0.000000e+00 -1.614706e-02) (   7.556740e+00   0.000000e+00  1.745159e-02) (   1.133511e+01   0.000000e+00 -1.194213e-02) (   1.511348e+01   0.000000e+00  1.234775e-02) 
33.2	(   7.556740e-01   0.000000e+00 -1.673741e-03) (   3.778370e+00   0.000000e+00 -3.350708e-02) (   7.556740e+00   0.000000e+00  3.372060e-02) (   1.133511e+01   0.000000e+00 -2.952417e-02) (   1.511348e+01   0.000000e+00  2.842821e-02) 
33.3	(   7.556740e-01   0.000000e+00  1.457459e-02) (   3.778370e+00   0.000000e+00 -5.078842e-02) (   7.556740e+00   0.000000e+00  4.949768e-02) (   1.133511e+01   0.000000e+00 -4.803081e-02) (   1.511348e+01   0.000000e+00  4.422878e-02) 
33.4	(   7.556740e-01   0.000000e+00  2.955242e-02) (   3.778370e+00   0.000000e+00 -6.474302e-02) (   7.556740e+00   0.000000e+00  6.222224e-02) (   1.133511e+01   0.000000e+00 -6.425048e-02) (   1.511348e+01   0.000000e+00  5.774606e-02) 
33.5	(   7.556740e-01   0.000000e+00  4.329491e-02) (   3.778370e+00   0.000000e+00 -7.257076e-02) (   7.556740e+00   0.000000e+00  6.963670e-02) (   1.133511e+01   0.000000e+00 -7.438110e-02) (   1.511348e+01   0.000000e+00  6.659358e-02) 
33.6	(   7.556740e-01   0.000000e+00  5.436835e-02) (   3.778370e+00   0.000000e+00 -7.309498e-02) (   7.556740e+00   0.000000e+00  7.064359e-02) (   1.133511e+01   0.000000e+00 -7.649711e-02) (   1.511348e+01   0.000000e+00  6.944098e-02) 
33.7	(   7.556740e-01   0.000000e+00  6.105161e-02) (   3.778370e+00   0.000000e+00 -6.567054e-02) (   7.556740e+00   0.000000e+00  6.460060e-02) (   1.133511e+01   0.000000e+00 -7.001379e-02) (   1.511348e+01   0.000000e+00  6.570005e-02) 
33.8	(   7.556740e-01   0.000000e+00  6.241389e-02) (   3.778370e+00   0.000000e+00 -5.158810e-02) (   7.556740e+00   0.000000e+00  5.278382e-02) (   1.133511e+01   0.000000e+00 -5.638265e-02) (   1.511348e+01   0.000000e+00  5.599216e-02) 
33.9	(   7.556740e-01   0.000000e+00  5.799186e-02) (   3.778370e+00   0.000000e+00 -3.351511e-02) (   7.556740e+00   0.000000e+00  3.712626e-02) (   1.133511e+01   0.000000e+00 -3.861683e-02) (   1.511348e+01   0.000000e+00  4.195745e-02) 
34	(   7.556740e-01   0.000000e+00  4.861296e-02) (   3.778370e+00   0.000000e+00 -1.560624e-02) (   7.556740e+00   0.000000e+00  2.017692e-02) (   1.133511e+01   0.000000e+00 -2.032535e-02) (   1.511348e+01   0.000000e+00  2.548526e-02) 
34.1	(   7.556740e-01   0.000000e+00  3.531719e-02) (   3.778370e+00   0.000000e+00  1.884136e-03) (   7.556740e+00   0.000000e+00  3.460213e-03) (   1.133511e+01   0.000000e+00 -3.130851e-03) (   1.511348e+01   0.000000e+00  9.344171e-03) 
34.2	(   7.556740e-01   0.000000e+00  1.975805e-02) (   3.778370e+00   0.000000e+00  1.871529e-02) (   7.556740e+00   0.000000e+00 -1.379373e-02) (   1.133511e+01   0.000000e+00  1.386545e-02) (   1.511348e+01   0.000000e+00 -7.781163e-03) 
34.3	(   7.556740e-01   0.000000e+00  3.218770e-03) (   3.778370e+00   0.000000e+00  3.481990e-02) (   7.556740e+00   0.000000e+00 -3.113202e-02) (   1.133511e+01   0.000000e+00  2.998439e-02) (   1.511348e+01   0.000000e+00 -2.487353e-02) 
34.4	(   7.556740e-01   0.000000e+00 -1.362718e-02) (   3.778370e+00   0.000000e+00  5.010460e-02) (   7.556740e+00   0.000000e+00 -4.919064e-02) (   1.133511e+01   0.000000e+00  4.583028e-02) (   1.511348e+01   0.000000e+00 -4.273819e-02) 
34.5	(   7.556740e-01   0.000000e+00 -2.949788e-02) (   3.778370e+00   0.000000e+00  6.211706e-02) (   7.556740e+00   0.000000e+00 -6.478699e-02) (   1.133511e+01   0.000000e+00  5.910531e-02) (   1.511348e+01   0.000000e+00 -5.895359e-02) 
34.6	(   7.556740e-01   0.000000e+00 -4.438760e-02) (   3.778370e+00   0.000000e+00  6.882792e-02) (   7.556740e+00   0.000000e+00 -7.448530e-02) (   1.133511e+01   0.000000e+00  6.749928e-02) (   1.511348e+01   0.000000e+00 -6.989670e-02) 
34.7	(   7.556740e-01   0.000000e+00 -5.667366e-02) (   3.778370e+00   0.000000e+00  6.922171e-02) (   7.556740e+00   0.000000e+00 -7.622274e-02) (   1.133511e+01   0.000000e+00  6.966975e-02) (   1.511348e+01   0.000000e+00 -7.322908e-02) 
34.8	(   7.556740e-01   0.000000e+00 -6.461870e-02) (   3.778370e+00   0.000000e+00  6.303853e-02) (   7.556740e+00   0.000000e+00 -6.928293e-02) (   1.133511e+01   0.000000e+00  6.512055e-02) (   1.511348e+01   0.000000e+00 -6.848265e-02) 
34.9	(   7.556740e-01   0.000000e+00 -6.651707e-02) (   3.778370e+00   0.000000e+00  5.147920e-02) (   7.556740e+00   0.000000e+00 -5.507728e-02) (   1.133511e+01   0.000000e+00  5.472055e-02) (   1.511348e+01   0.000000e+00 -5.647041e-02) 
35	(   7.556740e-01   0.000000e+00 -6.074957e-02) (   3.778370e+00   0.000000e+00  3.618941e-02) (   7.556740e+00   0.000000e+00 -3.688724e-02) (   1.133511e+01   0.000000e+00  4.021950e-02) (   1.511348e+01   0.000000e+00 -3.997851e-02) 
